0.999201 9.993E-05 9.993E-05 9.993E-05 9.993E-05 9.993E-05 9.993E-05 9.993E-05 9.993E-05
9.99643E-05 0.0797249 9.99643E-05 0.180844 9.99643E-05 0.521021 9.99643E-05 0.0207936 0.197217
9.99464E-05 9.99464E-05 9.99464E-05 9.99464E-05 0.94635 9.99464E-05 0.0461935 9.99464E-05 0.00685666
0.0410603 9.99822E-05 0.319896 0.12077 0.0832909 9.99822E-05 0.119559 0.306965 0.00825808
9.99465E-05 9.99465E-05 9.99465E-05 0.520696 0.0107822 9.99465E-05 9.99465E-05 0.467922 9.99465E-05
9.99732E-05 9.99732E-05 0.404259 0.0946603 9.99732E-05 0.0284247 0.163599 0.249953 0.0588037
9.99464E-05 9.99464E-05 0.660199 0.159459 9.99464E-05 9.99464E-05 0.179743 9.99464E-05 9.99464E-05
9.99554E-05 9.99554E-05 9.99554E-05 0.205331 9.99554E-05 0.299846 0.442585 0.0517385 9.99554E-05
9.99642E-05 0.00909648 9.99642E-05 0.372662 0.207738 9.99642E-05 0.00335062 9.99642E-05 0.406753
9.99554E-05 9.99554E-05 0.169006 0.384271 9.99554E-05 0.203976 9.99554E-05 0.242247 9.99554E-05
9.99554E-05 9.99554E-05 9.99554E-05 9.99554E-05 0.301611 0.0531686 9.99554E-05 0.316599 0.328122
9.99554E-05 0.0657283 9.99554E-05 0.52075 0.309328 9.99554E-05 0.103694 9.99554E-05 9.99554E-05
9.99553E-05 9.99553E-05 9.99553E-05 0.201143 0.203516 0.477515 0.117326 9.99553E-05 9.99553E-05
9.99554E-05 0.189361 9.99554E-05 0.400088 9.99554E-05 0.0467898 0.363262 9.99554E-05 9.99554E-05
9.99557E-05 0.0937606 9.99557E-05 9.99557E-05 0.631502 9.99557E-05 9.99557E-05 0.0244183 0.249819
9.99468E-05 9.99468E-05 0.558233 0.0636427 9.99468E-05 9.99468E-05 9.99468E-05 9.99468E-05 0.377524
9.99644E-05 0.32985 9.99644E-05 0.148915 9.99644E-05 0.168382 0.188302 0.16415 9.99644E-05
9.99464E-05 0.249164 9.99464E-05 9.99464E-05 9.99464E-05 0.329595 9.99464E-05 0.420641 9.99464E-05
9.99733E-05 0.54273 9.99733E-05 0.258383 0.0686396 0.119644 0.00739377 0.00290952 9.99733E-05
9.99553E-05 9.99553E-05 9.99553E-05 9.99553E-05 0.42133 0.140448 0.346972 0.0907505 9.99553E-05
9.99643E-05 9.99643E-05 0.0843908 9.99643E-05 0.14819 0.204361 0.400415 0.162242 9.99643E-05
9.99643E-05 0.0281366 0.0283598 9.99643E-05 0.382593 0.318815 9.99643E-05 0.241695 9.99643E-05
9.99377E-05 9.99377E-05 0.976271 9.99377E-05 9.99377E-05 9.99377E-05 9.99377E-05 0.0230294 9.99377E-05
9.99465E-05 9.99465E-05 0.207069 0.20411 9.99465E-05 9.99465E-05 9.99465E-05 0.588221 9.99465E-05
9.995E-05 9.995E-05 9.995E-05 0.133536 0.60956 0.229694 9.995E-05 0.0267107 9.995E-05
9.99464E-05 9.99464E-05 9.99464E-05 0.286496 0.501629 0.211275 9.99464E-05 9.99464E-05 9.99464E-05
0.0146792 0.104158 0.0420411 0.063682 0.111012 9.99732E-05 0.664128 9.99732E-05 9.99732E-05
9.99553E-05 9.99553E-05 0.0900365 9.99553E-05 0.464979 9.99553E-05 0.229033 9.99553E-05 0.215452
9.99642E-05 0.243157 9.99642E-05 0.113043 0.302982 0.191945 0.148474 9.99642E-05 9.99642E-05
9.99554E-05 0.15831 9.99554E-05 0.168907 0.518201 9.99554E-05 0.154082 9.99554E-05 9.99554E-05
9.99374E-05 9.99374E-05 9.99374E-05 9.99374E-05 9.99374E-05 0.0368991 0.962401 9.99374E-05 9.99374E-05
9.99374E-05 9.99374E-05 9.99374E-05 9.99374E-05 9.99374E-05 9.99374E-05 0.960383 9.99374E-05 0.038917
9.99374E-05 9.99374E-05 0.0911967 9.99374E-05 9.99374E-05 9.99374E-05 0.908104 9.99374E-05 9.99374E-05
9.99642E-05 0.577305 9.99642E-05 0.0281737 0.216255 9.99642E-05 0.0538013 0.124065 9.99642E-05
9.99463E-05 0.555294 9.99463E-05 0.298697 9.99463E-05 9.99463E-05 9.99463E-05 0.145409 9.99463E-05
9.99556E-05 9.99556E-05 0.0873761 9.99556E-05 9.99556E-05 0.837419 0.044761 9.99556E-05 0.0299442
0.0991603 0.0243635 9.99642E-05 0.452034 9.99642E-05 9.99642E-05 0.321894 0.102148 9.99642E-05
9.99462E-05 9.99462E-05 9.99462E-05 9.99462E-05 0.0928605 9.99462E-05 0.68445 9.99462E-05 0.222089
9.99463E-05 0.656296 9.99463E-05 9.99463E-05 9.99463E-05 9.99463E-05 9.99463E-05 0.0743939 0.268711
0.101033 0.190853 9.99643E-05 9.99643E-05 0.260304 0.124787 9.99643E-05 9.99643E-05 0.322623
9.99462E-05 9.99462E-05 9.99462E-05 9.99462E-05 0.0863119 9.99462E-05 0.387897 9.99462E-05 0.525192
0.00248972 0.0915515 0.836565 9.99733E-05 0.0251569 9.99733E-05 9.99733E-05 0.0093854 0.0345517
0.0139286 0.798166 9.99462E-05 9.99462E-05 9.99462E-05 9.99462E-05 9.99462E-05 9.99462E-05 0.187306
9.99373E-05 9.99373E-05 9.99373E-05 9.99373E-05 9.99373E-05 9.99373E-05 0.41923 9.99373E-05 0.58007
9.99466E-05 9.99466E-05 9.99466E-05 9.99466E-05 0.207645 0.465073 0.326682 9.99466E-05 9.99466E-05
9.99644E-05 0.230981 9.99644E-05 0.242324 0.127349 0.234472 9.99644E-05 0.164475 9.99644E-05
9.99553E-05 9.99553E-05 0.122802 0.436885 0.290819 9.99553E-05 9.99553E-05 0.148994 9.99553E-05
9.99463E-05 0.306571 0.344698 9.99463E-05 9.99463E-05 0.348131 9.99463E-05 9.99463E-05 9.99463E-05
0.0253969 9.99642E-05 9.99642E-05 9.99642E-05 0.00383565 0.138806 9.99642E-05 0.300291 0.53127
9.99554E-05 9.99554E-05 0.00321461 0.708257 9.99554E-05 0.195596 9.99554E-05 9.99554E-05 0.0924323
9.99464E-05 9.99464E-05 9.99464E-05 9.99464E-05 9.99464E-05 0.211691 9.99464E-05 0.589403 0.198305
0.0329229 9.99644E-05 0.21269 9.99644E-05 0.512433 0.103789 9.99644E-05 0.137765 9.99644E-05
0.0152042 0.20539 0.0130286 9.99732E-05 9.99732E-05 0.159667 0.526806 0.079605 9.99732E-05
9.99555E-05 0.12621 0.107156 9.99555E-05 0.0625399 9.99555E-05 9.99555E-05 0.703594 9.99555E-05
0.317692 9.99464E-05 9.99464E-05 0.208951 9.99464E-05 0.472757 9.99464E-05 9.99464E-05 9.99464E-05
9.99376E-05 0.345559 9.99376E-05 9.99376E-05 9.99376E-05 9.99376E-05 9.99376E-05 0.653742 9.99376E-05
9.99642E-05 9.99642E-05 9.99642E-05 0.110267 0.101075 9.99642E-05 0.12958 0.485188 0.17349
9.99733E-05 0.00744454 9.99733E-05 0.552476 0.1336 9.99733E-05 0.0186177 0.286539 0.00102206
0.00700627 9.99465E-05 9.99465E-05 9.99465E-05 0.0431878 0.949206 9.99465E-05 9.99465E-05 9.99465E-05
9.99552E-05 0.292412 9.99552E-05 0.527376 9.99552E-05 0.000124793 9.99552E-05 0.179587 9.99552E-05
9.99555E-05 9.99555E-05 0.169582 9.99555E-05 0.418061 0.332244 0.0796134 9.99555E-05 9.99555E-05
9.99731E-05 0.175113 9.99731E-05 0.47424 0.217766 0.0244209 0.0161825 0.0919779 9.99731E-05
9.99464E-05 9.99464E-05 0.140822 0.746641 0.111937 9.99464E-05 9.99464E-05 9.99464E-05 9.99464E-05
9.99463E-05 9.99463E-05 0.311969 9.99463E-05 0.527579 9.99463E-05 0.159852 9.99463E-05 9.99463E-05
9.99463E-05 9.99463E-05 0.306805 9.99463E-05 0.629237 9.99463E-05 9.99463E-05 0.0633582 9.99463E-05
9.99553E-05 9.99553E-05 9.99553E-05 0.141037 0.205911 0.590906 9.99553E-05 9.99553E-05 0.0616462
9.99557E-05 0.400801 9.99557E-05 0.020487 9.99557E-05 0.462149 0.116063 9.99557E-05 9.99557E-05
9.99553E-05 0.135663 9.99553E-05 9.99553E-05 0.25871 0.381753 0.223375 9.99553E-05 9.99553E-05
9.99643E-05 0.059669 9.99643E-05 9.99643E-05 0.201477 0.488632 9.99643E-05 0.0560195 0.193803
9.99733E-05 0.2017 0.0419167 0.0778183 0.209257 0.00404475 9.99733E-05 9.99733E-05 0.464964
9.99467E-05 0.356025 9.99467E-05 9.99467E-05 0.613903 9.99467E-05 0.0294717 9.99467E-05 9.99467E-05
9.99556E-05 9.99556E-05 0.0802911 9.99556E-05 9.99556E-05 0.5567 0.0982316 0.264277 9.99556E-05
9.99555E-05 0.202232 9.99555E-05 0.510848 9.99555E-05 9.99555E-05 9.99555E-05 0.20758 0.0788404
9.99643E-05 0.192031 9.99643E-05 9.99643E-05 0.116971 0.141978 0.258396 0.290225 9.99643E-05
9.99732E-05 0.179325 0.331557 0.0531921 0.214089 9.99732E-05 0.146046 0.0754918 9.99732E-05
9.99552E-05 0.316808 9.99552E-05 0.129451 9.99552E-05 9.99552E-05 0.24322 0.310022 9.99552E-05
9.99732E-05 0.428146 0.0146717 9.99732E-05 0.238999 0.183674 0.050004 0.0842058 9.99732E-05
9.99465E-05 9.99465E-05 9.99465E-05 0.29096 0.331276 9.99465E-05 9.99465E-05 9.99465E-05 0.377164
0.0528814 0.335362 0.124907 0.242966 9.99643E-05 0.243484 9.99643E-05 9.99643E-05 9.99643E-05
9.99644E-05 0.349901 9.99644E-05 0.189538 9.99644E-05 0.0951204 0.121204 9.99644E-05 0.243837
9.99553E-05 0.206246 0.651219 9.99553E-05 0.04472 9.99553E-05 9.99553E-05 9.99553E-05 0.0973145
9.99642E-05 9.99642E-05 9.99642E-05 0.20577 0.305701 9.99642E-05 0.085975 0.246811 0.155343
9.99464E-05 0.0593501 0.921373 9.99464E-05 9.99464E-05 9.99464E-05 0.0186774 9.99464E-05 9.99464E-05
9.99643E-05 0.0374259 9.99643E-05 0.0669779 0.261704 9.99643E-05 0.426359 9.99643E-05 0.207133
0.684514 9.99461E-05 9.99461E-05 9.99461E-05 0.19141 0.123477 9.99461E-05 9.99461E-05 9.99461E-05
9.99464E-05 0.13963 9.99464E-05 9.99464E-05 0.497327 9.99464E-05 9.99464E-05 0.362444 9.99464E-05
9.99463E-05 0.505994 0.156975 9.99463E-05 9.99463E-05 9.99463E-05 9.99463E-05 9.99463E-05 0.336431
9.99554E-05 0.162502 9.99554E-05 9.99554E-05 0.333418 0.0662585 9.99554E-05 0.437322 9.99554E-05
9.99554E-05 0.337381 0.0340022 9.99554E-05 9.99554E-05 0.0988164 0.529301 9.99554E-05 9.99554E-05
0.0727958 9.99554E-05 9.99554E-05 9.99554E-05 9.99554E-05 9.99554E-05 0.146466 0.451851 0.328387
9.99641E-05 9.99641E-05 0.0337863 9.99641E-05 0.334593 0.211578 0.171734 9.99641E-05 0.247909
9.99466E-05 0.266459 9.99466E-05 0.332067 9.99466E-05 9.99466E-05 0.400874 9.99466E-05 9.99466E-05
9.99552E-05 0.395318 0.109299 0.124648 9.99552E-05 9.99552E-05 9.99552E-05 9.99552E-05 0.370235
9.99465E-05 9.99465E-05 0.549102 0.393085 0.0572133 9.99465E-05 9.99465E-05 9.99465E-05 9.99465E-05
0.0721205 0.0850477 0.217434 9.99822E-05 0.30521 0.206585 0.0902473 9.99822E-05 0.0231556
9.99464E-05 0.187478 0.528466 9.99464E-05 0.283456 9.99464E-05 9.99464E-05 9.99464E-05 9.99464E-05
9.99732E-05 0.0608402 0.0856354 0.054771 0.613059 9.99732E-05 9.99732E-05 0.116102 0.069293
9.99642E-05 0.328546 0.400664 9.99642E-05 0.233934 0.0272233 0.00923325 9.99642E-05 9.99642E-05
9.99552E-05 0.33941 9.99552E-05 9.99552E-05 0.228592 0.196327 0.235172 9.99552E-05 9.99552E-05
9.99642E-05 9.99642E-05 0.0786999 0.24586 9.99642E-05 0.263202 0.3396 9.99642E-05 0.0722383
0.0955424 9.99734E-05 9.99734E-05 0.0454104 0.356609 0.197271 0.279268 9.99734E-05 0.0256002
0.0136857 0.211657 9.99733E-05 9.99733E-05 0.451887 0.115927 9.99733E-05 0.189628 0.0169159
0.00233496 0.133206 0.136437 0.113809 9.99822E-05 0.117362 0.192436 9.99822E-05 0.304214
9.99554E-05 0.451518 0.202714 9.99554E-05 9.99554E-05 0.275707 9.99554E-05 0.0695617 9.99554E-05
9.99555E-05 9.99555E-05 0.28564 0.439284 9.99555E-05 0.17311 9.99555E-05 9.99555E-05 0.101465
9.99732E-05 0.00174546 9.99732E-05 0.0429213 9.99732E-05 0.136243 0.312408 0.418499 0.0878836
9.99643E-05 0.152026 9.99643E-05 0.0297244 9.99643E-05 0.626187 0.111839 0.0798236 9.99643E-05
9.99552E-05 9.99552E-05 0.173965 0.00772979 0.0746768 0.743128 9.99552E-05 9.99552E-05 9.99552E-05
9.99642E-05 0.10068 9.99642E-05 0.426093 0.0207954 0.357274 0.0947583 9.99642E-05 9.99642E-05
9.99465E-05 9.99465E-05 0.709594 0.0345812 9.99465E-05 9.99465E-05 0.255225 9.99465E-05 9.99465E-05
9.99553E-05 9.99553E-05 9.99553E-05 0.255753 9.99553E-05 0.417842 0.0311629 0.294742 9.99553E-05
9.99642E-05 0.474358 0.178768 9.99642E-05 0.226512 9.99642E-05 0.0522333 9.99642E-05 0.0677283
9.99464E-05 9.99464E-05 9.99464E-05 0.209999 9.99464E-05 9.99464E-05 0.140736 9.99464E-05 0.648665
9.99643E-05 9.99643E-05 0.0359986 0.04642 9.99643E-05 0.504502 9.99643E-05 0.136413 0.276267
9.99373E-05 9.99373E-05 9.99373E-05 9.99373E-05 0.370427 9.99373E-05 9.99373E-05 9.99373E-05 0.628873
9.99553E-05 0.0826811 0.483927 0.385213 9.99553E-05 9.99553E-05 0.0476786 9.99553E-05 9.99553E-05
0.0160275 9.99644E-05 9.99644E-05 0.640799 9.99644E-05 9.99644E-05 0.205763 0.0929945 0.0440168
9.99553E-05 0.157289 0.276288 9.99553E-05 0.268178 9.99553E-05 9.99553E-05 0.297745 9.99553E-05
0.0673226 0.0237556 9.99645E-05 0.124549 9.99645E-05 9.99645E-05 0.305537 0.478436 9.99645E-05
9.99733E-05 0.230107 9.99733E-05 0.000192768 0.191936 0.082098 9.99733E-05 0.277297 0.21807
9.99555E-05 0.551063 9.99555E-05 9.99555E-05 9.99555E-05 0.211272 9.99555E-05 0.00652332 0.230642
9.99553E-05 0.219758 0.447224 0.151987 0.180531 9.99553E-05 9.99553E-05 9.99553E-05 9.99553E-05
9.99644E-05 0.391077 0.103963 9.99644E-05 0.184449 0.0787751 9.99644E-05 0.241336 9.99644E-05
9.99373E-05 0.610494 9.99373E-05 9.99373E-05 9.99373E-05 9.99373E-05 9.99373E-05 9.99373E-05 0.388807
0.0424057 0.0220556 0.572515 0.121077 9.99822E-05 0.020037 0.10087 9.99822E-05 0.120839
0.197185 9.99644E-05 0.533243 9.99644E-05 0.0213399 9.99644E-05 0.0853261 0.162506 9.99644E-05
9.99642E-05 0.432967 0.153824 0.219169 9.99642E-05 0.152206 0.0414329 9.99642E-05 9.99642E-05
9.99643E-05 9.99643E-05 9.99643E-05 0.536098 0.180162 9.99643E-05 0.214918 0.0298151 0.0386083
0.00985177 9.99643E-05 9.99643E-05 0.237162 9.99643E-05 0.157399 9.99643E-05 0.564131 0.0310568
9.99466E-05 0.196705 9.99466E-05 0.259993 9.99466E-05 9.99466E-05 9.99466E-05 9.99466E-05 0.542703
9.99553E-05 0.202926 9.99553E-05 0.172767 9.99553E-05 0.118884 0.504924 9.99553E-05 9.99553E-05
9.99465E-05 9.99465E-05 0.0202398 0.328094 9.99465E-05 9.99465E-05 9.99465E-05 9.99465E-05 0.651067
9.99732E-05 0.0574948 0.369551 0.21768 0.172301 0.118207 0.064465 9.99732E-05 9.99732E-05
9.99552E-05 0.45539 9.99552E-05 0.288692 9.99552E-05 0.0895939 9.99552E-05 9.99552E-05 0.165825
9.99553E-05 0.164006 9.99553E-05 0.347195 0.145589 0.342711 9.99553E-05 9.99553E-05 9.99553E-05
9.99554E-05 9.99554E-05 0.0833762 0.401291 0.0702874 9.99554E-05 9.99554E-05 0.444546 9.99554E-05
9.99732E-05 0.0652644 0.273196 0.0491834 9.99732E-05 0.184758 0.00239515 9.99732E-05 0.424903
9.99464E-05 9.99464E-05 9.99464E-05 9.99464E-05 0.0698222 0.475382 9.99464E-05 9.99464E-05 0.454196
9.99732E-05 0.248881 0.464696 0.0328367 9.99732E-05 0.161954 0.00582924 9.99732E-05 0.0855032
9.99554E-05 9.99554E-05 0.0882026 9.99554E-05 9.99554E-05 0.0392603 9.99554E-05 0.116684 0.755354
9.99732E-05 0.0323373 0.136126 9.99732E-05 0.537684 9.99732E-05 0.138243 0.132274 0.023036
9.99555E-05 0.243718 0.589249 0.0838015 0.082731 9.99555E-05 9.99555E-05 9.99555E-05 9.99555E-05
9.99555E-05 0.180021 0.104807 0.480479 9.99555E-05 0.234193 9.99555E-05 9.99555E-05 9.99555E-05
9.99463E-05 9.99463E-05 0.29826 0.535497 9.99463E-05 9.99463E-05 9.99463E-05 9.99463E-05 0.165643
0.00615423 0.10162 9.99733E-05 0.0907162 0.191089 0.420783 9.99733E-05 9.99733E-05 0.189337
9.99551E-05 9.99551E-05 9.99551E-05 9.99551E-05 0.328834 0.296072 0.0428624 9.99551E-05 0.331732
9.99642E-05 9.99642E-05 0.0867923 0.0881565 0.0180879 0.226269 9.99642E-05 0.580294 9.99642E-05
9.99553E-05 0.308191 9.99553E-05 0.263628 0.161473 9.99553E-05 9.99553E-05 9.99553E-05 0.266209
0.0241075 9.99554E-05 0.621543 9.99554E-05 0.347805 9.99554E-05 9.99554E-05 0.00604446 9.99554E-05
9.99642E-05 9.99642E-05 0.596232 0.226175 9.99642E-05 9.99642E-05 0.119694 0.0553103 0.00218847
0.0680327 0.362502 0.0420716 0.168704 9.99644E-05 9.99644E-05 0.35829 9.99644E-05 9.99644E-05
9.99554E-05 9.99554E-05 9.99554E-05 9.99554E-05 0.264892 0.263399 0.277873 9.99554E-05 0.193337
9.99552E-05 9.99552E-05 0.584392 0.0867251 9.99552E-05 0.289606 9.99552E-05 9.99552E-05 0.0387767
9.99465E-05 9.99465E-05 9.99465E-05 9.99465E-05 9.99465E-05 0.741937 9.99465E-05 0.127002 0.130462
0.0360088 9.99734E-05 0.135611 0.157016 0.203815 0.0148047 9.99734E-05 9.99734E-05 0.452444
9.99462E-05 9.99462E-05 9.99462E-05 0.105352 9.99462E-05 0.802158 9.99462E-05 9.99462E-05 0.0918909
9.99555E-05 9.99555E-05 9.99555E-05 9.99555E-05 0.23143 0.328891 0.104948 0.334231 9.99555E-05
