9.994E-05 9.994E-05 9.994E-05 9.994E-05 9.994E-05 0.9993 9.994E-05 9.994E-05
9.995E-05 9.995E-05 9.995E-05 0.144706 0.143035 9.995E-05 0.711759 9.995E-05
0.163384 0.231088 9.99821E-05 0.314408 0.0360654 0.0531788 0.201675 9.99821E-05
9.996E-05 0.117498 9.996E-05 0.198373 0.489423 9.996E-05 0.194306 9.996E-05
9.99645E-05 0.130284 0.129379 9.99645E-05 0.0264702 9.99645E-05 0.713467 9.99645E-05
0.0382503 0.301455 0.380607 9.99643E-05 0.279289 9.99643E-05 9.99643E-05 9.99643E-05
9.996E-05 0.657768 0.0910877 9.996E-05 9.996E-05 9.996E-05 0.169573 0.0811718
9.99643E-05 9.99643E-05 0.368019 0.316369 9.99643E-05 9.99643E-05 0.274994 0.0402184
9.99553E-05 0.234807 9.99553E-05 9.99553E-05 0.585082 9.99553E-05 9.99553E-05 0.179611
9.99732E-05 9.99732E-05 0.46165 0.14244 0.136016 9.99732E-05 0.14377 0.115824
9.998E-05 9.998E-05 0.0846319 0.184986 0.509432 0.0119795 0.141587 0.0671836
0.21572 0.142258 0.0993391 9.99642E-05 9.99642E-05 9.99642E-05 9.99642E-05 0.542283
0.144868 9.99732E-05 0.228274 0.359734 0.0580296 9.99732E-05 0.208794 9.99732E-05
9.99555E-05 9.99555E-05 0.490009 0.0293866 9.99555E-05 9.99555E-05 9.99555E-05 0.480105
9.99645E-05 9.99645E-05 9.99645E-05 0.173071 0.477677 0.00374107 9.99645E-05 0.345112
9.99467E-05 0.564532 9.99467E-05 9.99467E-05 9.99467E-05 9.99467E-05 9.99467E-05 0.434868
9.99644E-05 0.0086027 0.26492 9.99644E-05 9.99644E-05 9.99644E-05 0.655681 0.0703969
0.129218 9.99554E-05 9.99554E-05 9.99554E-05 0.309245 9.99554E-05 0.561038 9.99554E-05
9.99557E-05 9.99557E-05 0.357572 9.99557E-05 0.449449 9.99557E-05 0.192479 9.99557E-05
9.99642E-05 0.205687 0.178329 0.558004 9.99642E-05 9.99642E-05 0.0575797 9.99642E-05
0.193797 9.99732E-05 0.428971 0.0850649 0.224111 9.99732E-05 0.0677564 9.99732E-05
0.241599 0.00526485 9.99733E-05 0.158123 0.14545 9.99733E-05 0.449263 9.99733E-05
0.0469309 0.731035 0.0349878 9.99643E-05 9.99643E-05 9.99643E-05 9.99643E-05 0.186647
0.0890885 9.99733E-05 0.525026 9.99733E-05 0.00600149 9.99733E-05 0.10613 0.273454
9.99556E-05 9.99556E-05 9.99556E-05 0.394732 0.046043 9.99556E-05 0.558725 9.99556E-05
9.99554E-05 9.99554E-05 0.0861139 0.261661 9.99554E-05 9.99554E-05 0.651725 9.99554E-05
9.99554E-05 0.430697 0.542193 0.0266103 9.99554E-05 9.99554E-05 9.99554E-05 9.99554E-05
9.99552E-05 0.34875 9.99552E-05 0.546688 9.99552E-05 9.99552E-05 9.99552E-05 0.104062
9.99553E-05 9.99553E-05 0.265405 0.410954 9.99553E-05 9.99553E-05 0.323141 9.99553E-05
0.115452 0.362238 0.34065 0.079901 9.99733E-05 9.99733E-05 9.99733E-05 0.101459
0.0166751 0.40239 9.99552E-05 0.580435 9.99552E-05 9.99552E-05 9.99552E-05 9.99552E-05
9.99553E-05 0.278257 0.236443 0.484801 9.99553E-05 9.99553E-05 9.99553E-05 9.99553E-05
9.99553E-05 0.577315 0.134563 0.287623 9.99553E-05 9.99553E-05 9.99553E-05 9.99553E-05
9.996E-05 0.432226 0.207133 9.996E-05 0.155825 9.996E-05 0.204416 9.996E-05
9.997E-05 0.0824744 0.279151 9.997E-05 0.326775 9.997E-05 0.306628 0.00467165
0.519344 9.99644E-05 0.0344147 9.99644E-05 0.365674 9.99644E-05 0.0801677 9.99644E-05
9.99642E-05 0.120062 0.737275 9.99642E-05 9.99642E-05 0.0311609 0.111102 9.99642E-05
9.99642E-05 0.0580141 9.99642E-05 0.481813 0.435549 9.99642E-05 0.0242235 9.99642E-05
9.99465E-05 9.99465E-05 9.99465E-05 9.99465E-05 0.781949 9.99465E-05 0.217452 9.99465E-05
9.99555E-05 0.445527 9.99555E-05 0.540785 9.99555E-05 9.99555E-05 9.99555E-05 0.0131883
9.997E-05 0.0247421 0.0933691 0.255802 0.5701 9.997E-05 0.0556871 9.997E-05
0.16801 0.73385 9.99556E-05 9.99556E-05 0.0976402 9.99556E-05 9.99556E-05 9.99556E-05
0.0674935 0.76925 9.99554E-05 9.99554E-05 0.162757 9.99554E-05 9.99554E-05 9.99554E-05
9.99552E-05 9.99552E-05 0.407214 9.99552E-05 0.565603 9.99552E-05 9.99552E-05 0.0266834
9.99465E-05 9.99465E-05 0.39542 0.60398 9.99465E-05 9.99465E-05 9.99465E-05 9.99465E-05
0.114018 9.99554E-05 9.99554E-05 9.99554E-05 0.0412489 9.99554E-05 0.844233 9.99554E-05
9.99821E-05 0.310376 0.130222 0.209502 0.0912363 9.99821E-05 0.0043046 0.25416
9.99643E-05 0.351884 9.99643E-05 0.378741 9.99643E-05 9.99643E-05 0.14747 0.121506
0.232362 9.99642E-05 9.99642E-05 0.502268 0.247938 9.99642E-05 0.0170323 9.99642E-05
9.99554E-05 9.99554E-05 0.162368 9.99554E-05 0.0499558 9.99554E-05 9.99554E-05 0.787177
9.99554E-05 9.99554E-05 9.99554E-05 0.425586 0.152792 9.99554E-05 0.421122 9.99554E-05
0.116479 9.99467E-05 9.99467E-05 0.882921 9.99467E-05 9.99467E-05 9.99467E-05 9.99467E-05
9.996E-05 0.299065 0.563244 0.0767686 9.996E-05 9.996E-05 0.0605232 9.996E-05
0.0378216 9.99732E-05 0.236015 0.347307 0.294294 9.99732E-05 9.99732E-05 0.0842625
0.899319 9.99466E-05 9.99466E-05 9.99466E-05 9.99466E-05 0.100082 9.99466E-05 9.99466E-05
9.99645E-05 9.99645E-05 0.501556 9.99645E-05 0.356772 9.99645E-05 0.0273423 0.113929
9.99553E-05 9.99553E-05 9.99553E-05 0.325956 0.470214 9.99553E-05 0.203331 9.99553E-05
9.994E-05 9.994E-05 9.994E-05 9.994E-05 0.421943 9.994E-05 0.577458 9.994E-05
9.99554E-05 9.99554E-05 9.99554E-05 0.414316 9.99554E-05 9.99554E-05 0.26708 0.318105
9.99553E-05 9.99553E-05 9.99553E-05 9.99553E-05 0.149706 9.99553E-05 0.832184 0.017611
0.153867 0.0839664 0.113828 0.427492 9.99732E-05 9.99732E-05 0.220547 9.99732E-05
0.0052751 0.119505 9.99821E-05 0.0378594 0.136966 0.00794719 0.692247 9.99821E-05
9.996E-05 0.0844312 0.234223 9.996E-05 9.996E-05 9.996E-05 0.636783 0.0441635
9.99642E-05 0.25952 0.0654324 0.386806 0.287841 9.99642E-05 9.99642E-05 9.99642E-05
0.0335915 0.297187 9.99641E-05 0.199522 9.99641E-05 9.99641E-05 0.4693 9.99641E-05
9.99553E-05 9.99553E-05 9.99553E-05 0.467096 0.287027 9.99553E-05 0.245377 9.99553E-05
9.99465E-05 9.99465E-05 9.99465E-05 0.0193106 9.99465E-05 9.99465E-05 9.99465E-05 0.98009
0.308962 0.0302632 9.99731E-05 0.170641 0.220987 9.99731E-05 0.268847 9.99731E-05
0.185902 9.997E-05 9.997E-05 0.173929 0.188841 9.997E-05 0.40689 0.0441382
9.99553E-05 0.33394 9.99553E-05 0.300167 9.99553E-05 9.99553E-05 9.99553E-05 0.365393
9.99557E-05 0.413656 9.99557E-05 0.58077 9.99557E-05 0.00507402 9.99557E-05 9.99557E-05
9.99645E-05 0.0448019 0.235679 0.177618 9.99645E-05 9.99645E-05 0.541501 9.99645E-05
9.99733E-05 0.0195214 0.155679 9.99733E-05 0.166051 0.0307287 9.99733E-05 0.627719
0.00371431 0.190181 0.155864 0.18433 9.99911E-05 0.0253408 0.351986 0.0884828
0.12752 0.741635 9.99554E-05 0.130345 9.99554E-05 9.99554E-05 9.99554E-05 9.99554E-05
9.99553E-05 0.117558 0.611269 9.99553E-05 0.270673 9.99553E-05 9.99553E-05 9.99553E-05
9.99554E-05 0.209214 9.99554E-05 0.338313 9.99554E-05 9.99554E-05 0.451974 9.99554E-05
9.99555E-05 9.99555E-05 9.99555E-05 0.255119 0.590444 9.99555E-05 0.153937 9.99555E-05
0.262318 0.231554 0.086713 9.99642E-05 9.99642E-05 9.99642E-05 9.99642E-05 0.419016
9.99556E-05 9.99556E-05 9.99556E-05 9.99556E-05 0.746614 0.00785268 0.245033 9.99556E-05
0.164455 0.71082 9.99643E-05 0.0764753 0.0478502 9.99643E-05 9.99643E-05 9.99643E-05
9.997E-05 9.997E-05 9.997E-05 0.336118 0.0416538 0.0175077 0.33215 0.272271
9.994E-05 0.9993 9.994E-05 9.994E-05 9.994E-05 9.994E-05 9.994E-05 9.994E-05
0.0849297 0.193024 9.997E-05 0.340798 0.085427 9.997E-05 0.295521 9.997E-05
0.459577 9.99552E-05 9.99552E-05 0.0519842 9.99552E-05 0.487939 9.99552E-05 9.99552E-05
0.361484 9.996E-05 0.0894169 9.996E-05 0.364354 9.996E-05 0.184345 9.996E-05
9.99554E-05 0.724368 9.99554E-05 9.99554E-05 0.0722437 9.99554E-05 9.99554E-05 0.202889
0.415736 9.99554E-05 9.99554E-05 9.99554E-05 0.175237 9.99554E-05 0.408527 9.99554E-05
0.112874 9.99642E-05 0.708712 0.122505 0.0555084 9.99642E-05 9.99642E-05 9.99642E-05
0.332801 9.99555E-05 9.99555E-05 0.24966 0.417039 9.99555E-05 9.99555E-05 9.99555E-05
9.99553E-05 0.233372 9.99553E-05 0.524006 0.242122 9.99553E-05 9.99553E-05 9.99553E-05
9.99556E-05 0.0811567 0.885653 9.99556E-05 0.0326901 9.99556E-05 9.99556E-05 9.99556E-05
9.99553E-05 0.618883 9.99553E-05 9.99553E-05 0.306529 9.99553E-05 0.0740879 9.99553E-05
9.996E-05 0.398863 9.996E-05 0.190486 9.996E-05 9.996E-05 0.3907 0.0195515
9.99555E-05 0.0697625 9.99555E-05 0.635415 9.99555E-05 9.99555E-05 9.99555E-05 0.294323
9.99553E-05 0.460736 9.99553E-05 9.99553E-05 0.28517 9.99553E-05 9.99553E-05 0.253595
9.99642E-05 0.29063 9.99642E-05 0.0703127 0.120395 9.99642E-05 0.518262 9.99642E-05
0.390151 0.361718 0.132752 9.99731E-05 0.0764514 9.99731E-05 9.99731E-05 0.038627
9.99553E-05 9.99553E-05 0.611056 0.0795278 0.308916 9.99553E-05 9.99553E-05 9.99553E-05
0.0416841 0.165749 0.437269 0.00424709 9.99731E-05 9.99731E-05 9.99731E-05 0.350751
0.657455 9.99465E-05 9.99465E-05 0.341945 9.99465E-05 9.99465E-05 9.99465E-05 9.99465E-05
9.99644E-05 0.278691 0.00572769 0.603294 0.111888 9.99644E-05 9.99644E-05 9.99644E-05
9.99615E-05 0.026155 9.99615E-05 0.0141611 0.959184 9.99615E-05 9.99615E-05 9.99615E-05
9.99554E-05 0.432045 9.99554E-05 0.014942 9.99554E-05 9.99554E-05 0.552513 9.99554E-05
9.99553E-05 9.99553E-05 0.219681 9.99553E-05 0.215574 9.99553E-05 9.99553E-05 0.564245
0.146918 9.99642E-05 9.99642E-05 0.135267 0.421052 9.99642E-05 0.296363 9.99642E-05
0.0811414 9.99732E-05 0.208583 0.0320364 9.99732E-05 9.99732E-05 0.412119 0.26582
0.449352 9.99641E-05 9.99641E-05 9.99641E-05 0.0272429 9.99641E-05 0.326468 0.196537
9.99641E-05 9.99641E-05 0.179426 0.116184 9.99641E-05 9.99641E-05 0.138871 0.565119
9.99465E-05 0.863141 0.13626 9.99465E-05 9.99465E-05 9.99465E-05 9.99465E-05 9.99465E-05
0.111435 9.99643E-05 0.420977 0.0602337 9.99643E-05 9.99643E-05 0.406954 9.99643E-05
9.99554E-05 0.700605 9.99554E-05 0.236925 0.0619705 9.99554E-05 9.99554E-05 9.99554E-05
9.995E-05 0.0861811 0.157821 9.995E-05 0.755498 9.995E-05 9.995E-05 9.995E-05
9.996E-05 0.0100367 9.996E-05 0.0500583 0.378097 9.996E-05 0.561408 9.996E-05
0.0319579 9.99552E-05 9.99552E-05 0.0678343 0.899708 9.99552E-05 9.99552E-05 9.99552E-05
9.998E-05 0.154471 0.307478 9.998E-05 0.387344 0.0202848 0.128292 0.00192974
0.0465728 9.99732E-05 0.527846 9.99732E-05 0.165859 0.00532566 9.99732E-05 0.254096
9.996E-05 0.214807 0.076288 0.241673 0.466832 9.996E-05 9.996E-05 9.996E-05
9.994E-05 9.994E-05 0.9993 9.994E-05 9.994E-05 9.994E-05 9.994E-05 9.994E-05
9.997E-05 9.997E-05 0.384823 0.261306 0.199507 9.997E-05 0.120002 0.0340629
9.99644E-05 0.0957706 9.99644E-05 9.99644E-05 0.282863 9.99644E-05 0.00897699 0.61199
0.000854426 0.553009 0.0723229 9.99732E-05 0.0268216 9.99732E-05 9.99732E-05 0.346693
9.997E-05 0.0504805 9.997E-05 0.0294222 0.225307 9.997E-05 0.246188 0.448302
9.99554E-05 0.555674 9.99554E-05 9.99554E-05 0.343116 9.99554E-05 9.99554E-05 0.10071
9.99732E-05 0.308629 0.0907236 9.99732E-05 0.166913 9.99732E-05 0.0305745 0.402859
0.956006 0.0433938 9.99465E-05 9.99465E-05 9.99465E-05 9.99465E-05 9.99465E-05 9.99465E-05
9.99553E-05 0.497972 0.100596 9.99553E-05 9.99553E-05 9.99553E-05 0.400933 9.99553E-05
9.99733E-05 0.431671 0.0665853 0.329255 9.99733E-05 0.0301405 9.99733E-05 0.142049
0.240013 9.996E-05 0.209438 9.996E-05 0.177489 9.996E-05 0.37266 9.996E-05
9.996E-05 0.0257129 9.996E-05 0.144593 0.234613 9.996E-05 9.996E-05 0.594681
9.99552E-05 9.99552E-05 0.263104 0.41368 9.99552E-05 9.99552E-05 9.99552E-05 0.322717
9.99555E-05 0.426671 9.99555E-05 9.99555E-05 0.447818 9.99555E-05 9.99555E-05 0.125012
9.997E-05 0.525927 9.997E-05 0.0980732 9.997E-05 0.00589529 0.19996 0.169845
9.99732E-05 0.250737 0.00419301 0.0630697 0.444437 9.99732E-05 0.237264 9.99732E-05
0.0600321 9.99464E-05 9.99464E-05 9.99464E-05 9.99464E-05 9.99464E-05 0.939368 9.99464E-05
9.997E-05 9.997E-05 0.0641821 0.258519 0.118664 9.997E-05 0.523866 0.034469
0.227196 0.545968 9.99643E-05 0.0349046 0.191531 9.99643E-05 9.99643E-05 9.99643E-05
9.99644E-05 9.99644E-05 9.99644E-05 0.359873 0.094627 9.99644E-05 0.438981 0.106118
9.99644E-05 0.711387 0.137492 9.99644E-05 9.99644E-05 9.99644E-05 0.0626406 0.0880801
0.235726 0.0299596 9.99641E-05 0.194683 0.539232 9.99641E-05 9.99641E-05 9.99641E-05
0.468455 0.207263 9.996E-05 0.0925981 0.231284 9.996E-05 9.996E-05 9.996E-05
9.994E-05 0.9993 9.994E-05 9.994E-05 9.994E-05 9.994E-05 9.994E-05 9.994E-05
9.99554E-05 0.237308 9.99554E-05 9.99554E-05 9.99554E-05 9.99554E-05 0.2886 0.473593
9.99643E-05 0.378448 9.99643E-05 9.99643E-05 0.329806 9.99643E-05 0.160268 0.131078
9.99732E-05 9.99732E-05 9.99732E-05 0.317407 0.303209 0.00386699 0.142057 0.23316
0.0456752 9.996E-05 0.026387 0.448086 0.479452 9.996E-05 9.996E-05 9.996E-05
9.99463E-05 9.99463E-05 9.99463E-05 0.380145 9.99463E-05 9.99463E-05 0.619255 9.99463E-05
9.99554E-05 0.284527 9.99554E-05 9.99554E-05 0.322904 9.99554E-05 0.392069 9.99554E-05
9.99643E-05 0.492038 9.99643E-05 0.462029 9.99643E-05 0.00770027 0.037832 9.99643E-05
9.997E-05 0.338996 0.149153 0.0940658 0.36207 9.997E-05 0.0554154 9.997E-05
9.99555E-05 0.743651 0.187403 9.99555E-05 9.99555E-05 0.0684455 9.99555E-05 9.99555E-05
9.99554E-05 0.130539 9.99554E-05 0.793036 0.0759246 9.99554E-05 9.99554E-05 9.99554E-05
9.99821E-05 0.484856 0.00870098 0.0692609 0.119411 9.99821E-05 0.0833474 0.234224
9.996E-05 9.996E-05 9.996E-05 0.568096 0.237668 9.996E-05 0.0290733 0.164763
0.601541 9.99465E-05 9.99465E-05 9.99465E-05 9.99465E-05 9.99465E-05 9.99465E-05 0.39786
9.99642E-05 9.99642E-05 9.99642E-05 0.549828 0.0163883 9.99642E-05 0.39323 0.0401535
0.329595 9.99554E-05 9.99554E-05 0.39925 9.99554E-05 9.99554E-05 0.270655 9.99554E-05
