0.9998 9.999E-05 9.999E-05
0.107954 9.99911E-05 0.891946
0.655845 0.104637 0.239518
0.22004 0.547217 0.232742
9.999E-05 9.999E-05 0.9998
0.171872 0.828028 9.99911E-05
9.999E-05 0.9998 9.999E-05
0.263989 9.99911E-05 0.735911
9.99911E-05 0.705239 0.294661
9.99911E-05 0.655956 0.343944
0.426917 0.149615 0.423469
0.0493818 0.425444 0.525174
0.545569 9.99911E-05 0.454331
9.99912E-05 0.693839 0.306061
0.319038 0.572388 0.108574
9.999E-05 0.9998 9.999E-05
9.99911E-05 0.406776 0.593124
0.0566716 0.282445 0.660884
9.99911E-05 0.43785 0.56205
0.809337 0.190563 9.99911E-05
0.389429 0.290684 0.319887
0.222307 0.14303 0.634663
9.999E-05 0.9998 9.999E-05
9.99911E-05 0.29976 0.70014
0.29737 9.99911E-05 0.70253
0.187427 9.99911E-05 0.812473
0.137038 0.862862 9.99911E-05
0.549791 0.450109 9.9991E-05
0.681711 9.9991E-05 0.318189
0.0781072 0.91428 0.00761333
0.588113 0.411787 9.9991E-05
0.394854 0.605046 9.99911E-05
0.109723 0.890178 9.99911E-05
9.99911E-05 0.629301 0.370599
9.99911E-05 0.393768 0.606132
0.481572 0.0249994 0.493429
0.175355 0.318741 0.505905
0.945511 0.0543888 9.9991E-05
9.99911E-05 0.668332 0.331568
0.793533 0.190793 0.0156747
0.363083 0.601708 0.0352084
9.999E-05 0.9998 9.999E-05
0.0814715 0.918429 9.99911E-05
0.00781954 0.988667 0.00351354
0.693534 0.293784 0.0126822
0.126137 9.99911E-05 0.873763
9.99911E-05 0.657474 0.342426
0.439962 0.559938 9.99911E-05
0.668584 9.9991E-05 0.331316
9.99911E-05 0.589943 0.409957
0.267548 9.99911E-05 0.732352
0.9998 9.999E-05 9.999E-05
0.125353 0.830029 0.044618
9.99911E-05 0.4734 0.5265
0.897428 9.99912E-05 0.102472
9.99912E-05 0.343961 0.655939
0.419848 0.120174 0.459978
9.999E-05 9.999E-05 0.9998
0.706345 9.99911E-05 0.293555
9.999E-05 9.999E-05 0.9998
0.622843 0.18201 0.195147
0.274189 0.288835 0.436976
9.99911E-05 0.257905 0.741995
0.318024 0.681876 9.9991E-05
0.527615 0.0755931 0.396792
0.668586 9.99911E-05 0.331314
9.99912E-05 0.673778 0.326122
0.473319 0.279822 0.246859
0.292395 9.9991E-05 0.707505
0.105321 0.867063 0.0276151
0.41439 0.58551 9.99911E-05
0.344569 0.173521 0.48191
9.99912E-05 0.548372 0.451528
0.430076 0.122296 0.447628
9.99911E-05 0.977852 0.0220476
0.00883689 0.513257 0.477907
0.439138 0.146068 0.414794
0.289482 0.293922 0.416596
9.99911E-05 0.601577 0.398323
0.154614 0.454789 0.390597
0.273681 0.726219 9.99911E-05
0.536642 9.9991E-05 0.463258
9.999E-05 0.9998 9.999E-05
0.708675 0.105325 0.186
0.9998 9.999E-05 9.999E-05
0.346179 0.161534 0.492286
9.999E-05 0.9998 9.999E-05
0.419694 9.99911E-05 0.580206
0.664968 0.334932 9.99911E-05
0.596736 0.0534616 0.349803
0.771409 0.228491 9.9991E-05
9.99911E-05 0.759152 0.240748
9.999E-05 0.9998 9.999E-05
0.148265 0.336207 0.515527
0.555096 0.444804 9.99911E-05
9.99911E-05 0.815987 0.183913
9.99911E-05 0.480407 0.519493
0.16401 0.83589 9.99911E-05
0.170707 0.783461 0.0458321
0.339265 0.660635 9.99911E-05
0.915768 0.0841318 9.99911E-05
0.595533 0.404367 9.99911E-05
0.0298197 0.762766 0.207414
0.0315748 0.472293 0.496132
9.99911E-05 0.648848 0.351052
0.375662 0.0158353 0.608503
0.325714 0.0754564 0.59883
0.540791 0.107099 0.35211
0.123051 0.482371 0.394578
9.999E-05 0.9998 9.999E-05
0.155927 9.99911E-05 0.843973
0.0364944 0.963406 9.99911E-05
9.999E-05 0.9998 9.999E-05
0.129293 0.289359 0.581348
0.365159 0.536924 0.0979171
9.99911E-05 0.628477 0.371423
0.281627 0.157676 0.560697
0.295292 0.488287 0.216421
9.99912E-05 0.517031 0.482869
0.224826 0.335877 0.439297
9.99911E-05 0.633365 0.366535
9.999E-05 0.9998 9.999E-05
9.99911E-05 0.439003 0.560897
9.999E-05 0.9998 9.999E-05
9.99911E-05 0.75674 0.24316
0.46414 0.53576 9.99912E-05
9.99911E-05 0.752941 0.246959
0.200985 0.426237 0.372778
0.191885 0.00977633 0.798338
0.0261136 0.871592 0.102294
0.258167 0.741733 9.99911E-05
9.99911E-05 0.938603 0.0612975
9.999E-05 0.9998 9.999E-05
0.162111 0.731267 0.106622
0.207864 9.9991E-05 0.792036
0.146219 9.99911E-05 0.853681
0.143433 0.856467 9.99911E-05
0.408226 0.172836 0.418938
9.999E-05 0.9998 9.999E-05
0.429818 0.570082 9.99911E-05
0.476785 0.347988 0.175228
9.999E-05 0.9998 9.999E-05
9.99911E-05 0.545218 0.454682
9.99911E-05 0.714868 0.285032
0.238813 0.191956 0.56923
0.915622 0.0842784 9.9991E-05
0.326989 9.99911E-05 0.672911
9.99911E-05 0.578202 0.421698
0.421819 0.578081 9.99911E-05
0.0148127 0.824923 0.160264
9.99911E-05 0.997592 0.00230831
0.988824 0.0110759 9.99911E-05
9.99911E-05 0.974433 0.0254674
0.672854 0.0308585 0.296288
0.483311 0.16766 0.349028
0.70775 0.0468138 0.245436
0.656511 9.99911E-05 0.343389
