0.9993 9.994E-05 9.994E-05 9.994E-05 9.994E-05 9.994E-05 9.994E-05 9.994E-05
9.99642E-05 0.370695 0.0668954 9.99642E-05 9.99642E-05 0.550607 9.99642E-05 0.0114026
0.0529636 9.99643E-05 0.638782 0.185716 9.99643E-05 0.122138 9.99643E-05 9.99643E-05
0.0437688 0.204224 0.403322 0.276391 9.99733E-05 0.0719937 9.99733E-05 9.99733E-05
9.99465E-05 0.690504 0.308897 9.99465E-05 9.99465E-05 9.99465E-05 9.99465E-05 9.99465E-05
9.99554E-05 0.00782204 9.99554E-05 0.0309129 0.960765 9.99554E-05 9.99554E-05 9.99554E-05
9.99464E-05 0.143244 9.99464E-05 0.856157 9.99464E-05 9.99464E-05 9.99464E-05 9.99464E-05
9.99643E-05 9.99643E-05 0.247011 9.99643E-05 0.258066 0.235242 9.99643E-05 0.259281
9.99642E-05 0.321051 9.99642E-05 0.497348 9.99642E-05 9.99642E-05 0.061524 0.119677
9.99642E-05 0.178095 9.99642E-05 0.100409 0.242579 0.478517 9.99642E-05 9.99642E-05
9.99734E-05 9.99734E-05 0.31719 0.157589 0.170794 0.353848 0.000279069 9.99734E-05
0.0252203 9.99554E-05 0.208395 9.99554E-05 9.99554E-05 9.99554E-05 9.99554E-05 0.765885
9.99554E-05 9.99554E-05 0.244534 9.99554E-05 9.99554E-05 0.127626 9.99554E-05 0.627341
9.99644E-05 0.392875 9.99644E-05 0.00751347 0.169935 9.99644E-05 9.99644E-05 0.429276
9.995E-05 9.995E-05 0.19682 9.995E-05 9.995E-05 0.0796792 0.723001 9.995E-05
9.99466E-05 9.99466E-05 9.99466E-05 0.375894 9.99466E-05 9.99466E-05 0.623507 9.99466E-05
9.996E-05 0.559976 0.199758 9.996E-05 0.0518955 0.187971 9.996E-05 9.996E-05
9.996E-05 0.0843671 0.733782 9.996E-05 9.996E-05 0.0100345 0.171417 9.996E-05
9.99644E-05 0.47085 9.99644E-05 9.99644E-05 0.233938 0.0459631 9.99644E-05 0.248849
9.996E-05 9.996E-05 0.101379 0.0386436 0.259031 0.600547 9.996E-05 9.996E-05
9.99553E-05 9.99553E-05 0.0939741 9.99553E-05 0.660284 0.245242 9.99553E-05 9.99553E-05
9.99644E-05 9.99644E-05 0.216288 9.99644E-05 0.312148 0.322487 9.99644E-05 0.148677
9.99644E-05 0.160175 9.99644E-05 0.480027 0.189644 9.99644E-05 0.169754 9.99644E-05
9.995E-05 0.269714 9.995E-05 9.995E-05 0.3938 0.335986 9.995E-05 9.995E-05
9.99468E-05 9.99468E-05 0.517892 9.99468E-05 9.99468E-05 0.481508 9.99468E-05 9.99468E-05
9.99555E-05 9.99555E-05 0.606616 9.99555E-05 9.99555E-05 0.388215 9.99555E-05 0.00466892
9.996E-05 0.105851 9.996E-05 0.406246 0.36934 9.996E-05 9.996E-05 0.118163
9.99553E-05 9.99553E-05 9.99553E-05 0.641519 9.99553E-05 0.269905 0.0880768 9.99553E-05
9.995E-05 9.995E-05 0.565222 9.995E-05 9.995E-05 0.0802656 9.995E-05 0.354013
9.99466E-05 9.99466E-05 0.423852 0.575548 9.99466E-05 9.99466E-05 9.99466E-05 9.99466E-05
9.996E-05 9.996E-05 0.0356608 0.402984 9.996E-05 0.206654 9.996E-05 0.354302
9.99554E-05 9.99554E-05 9.99554E-05 0.524113 0.154351 0.321036 9.99554E-05 9.99554E-05
9.99466E-05 9.99466E-05 0.178091 0.82131 9.99466E-05 9.99466E-05 9.99466E-05 9.99466E-05
9.99552E-05 9.99552E-05 0.435485 9.99552E-05 0.268527 9.99552E-05 0.295488 9.99552E-05
9.99642E-05 0.484663 0.288582 9.99642E-05 0.183569 9.99642E-05 0.0427862 9.99642E-05
9.99555E-05 9.99555E-05 9.99555E-05 9.99555E-05 0.116996 0.0293834 9.99555E-05 0.853121
0.0803286 0.177268 0.0654779 9.998E-05 0.565315 0.00951126 9.998E-05 0.101899
9.998E-05 9.998E-05 0.164405 0.422927 0.135178 0.168969 0.0696367 0.0386851
9.99463E-05 9.99463E-05 0.154219 9.99463E-05 9.99463E-05 9.99463E-05 0.845182 9.99463E-05
0.0775464 9.99732E-05 0.0902186 0.110227 9.99732E-05 0.22003 0.501678 9.99732E-05
9.995E-05 9.995E-05 0.280702 0.538773 9.995E-05 0.180025 9.995E-05 9.995E-05
9.995E-05 9.995E-05 9.995E-05 0.508354 0.155848 9.995E-05 0.335298 9.995E-05
9.996E-05 9.996E-05 0.125019 0.405803 9.996E-05 9.996E-05 0.446256 0.0225223
9.99553E-05 0.118211 9.99553E-05 0.528692 0.352597 9.99553E-05 9.99553E-05 9.99553E-05
9.99643E-05 9.99643E-05 9.99643E-05 0.126915 0.119163 0.593731 9.99643E-05 0.159791
9.99466E-05 0.180907 0.818494 9.99466E-05 9.99466E-05 9.99466E-05 9.99466E-05 9.99466E-05
9.996E-05 0.447653 0.113352 0.262423 9.996E-05 0.176172 9.996E-05 9.996E-05
9.996E-05 9.996E-05 9.996E-05 0.0940719 9.996E-05 0.360362 0.250022 0.295144
0.118166 9.99731E-05 0.171624 9.99731E-05 9.99731E-05 0.365822 0.336289 0.00779931
9.99555E-05 0.618406 9.99555E-05 9.99555E-05 0.0844173 9.99555E-05 9.99555E-05 0.296677
9.995E-05 0.0680801 9.995E-05 9.995E-05 0.198983 0.732437 9.995E-05 9.995E-05
0.0298839 9.99468E-05 9.99468E-05 9.99468E-05 9.99468E-05 0.969516 9.99468E-05 9.99468E-05
9.996E-05 0.119515 9.996E-05 0.051337 0.589199 0.239549 9.996E-05 9.996E-05
9.99466E-05 9.99466E-05 9.99466E-05 9.99466E-05 0.740578 9.99466E-05 0.258823 9.99466E-05
0.587482 0.0412869 9.99552E-05 9.99552E-05 9.99552E-05 9.99552E-05 9.99552E-05 0.370731
9.99645E-05 0.0450217 0.0960412 9.99645E-05 0.505451 9.99645E-05 0.353086 9.99645E-05
9.99643E-05 0.0739544 0.519963 9.99643E-05 9.99643E-05 0.218113 0.187569 9.99643E-05
9.995E-05 0.198854 0.618867 9.995E-05 9.995E-05 9.995E-05 9.995E-05 0.18178
0.00642647 9.99554E-05 9.99554E-05 9.99554E-05 9.99554E-05 0.554571 9.99554E-05 0.438503
9.995E-05 0.250713 0.714401 9.995E-05 9.995E-05 9.995E-05 9.995E-05 0.034386
9.996E-05 9.996E-05 0.478958 0.0707239 9.996E-05 0.324958 0.12496 9.996E-05
0.0144987 0.0809952 0.758491 0.0822997 9.99731E-05 9.99731E-05 9.99731E-05 0.0634154
9.99643E-05 0.716243 0.118347 9.99643E-05 0.0859343 0.0790761 9.99643E-05 9.99643E-05
9.99553E-05 0.0628337 9.99553E-05 0.6643 9.99553E-05 0.272367 9.99553E-05 9.99553E-05
9.99552E-05 9.99552E-05 0.47973 0.0775061 9.99552E-05 0.442265 9.99552E-05 9.99552E-05
9.996E-05 0.146518 9.996E-05 9.996E-05 9.996E-05 0.592326 0.10834 0.152416
9.994E-05 9.994E-05 9.994E-05 9.994E-05 9.994E-05 9.994E-05 9.994E-05 0.9993
9.99642E-05 9.99642E-05 0.138941 9.99642E-05 0.0432284 0.304575 9.99642E-05 0.512855
0.0569519 9.997E-05 0.307101 9.997E-05 9.997E-05 0.554243 0.0217721 0.0596324
9.99554E-05 9.99554E-05 9.99554E-05 0.183817 9.99554E-05 0.303444 0.512239 9.99554E-05
0.0246309 9.99646E-05 9.99646E-05 0.648871 9.99646E-05 0.216356 0.109742 9.99646E-05
9.99556E-05 9.99556E-05 0.0606653 9.99556E-05 0.310472 0.628363 9.99556E-05 9.99556E-05
9.99644E-05 9.99644E-05 0.00949897 9.99644E-05 0.517124 9.99644E-05 0.235174 0.237803
9.99554E-05 9.99554E-05 0.324552 9.99554E-05 0.431971 0.242976 9.99554E-05 9.99554E-05
9.99822E-05 0.129195 0.0364178 0.549485 9.99822E-05 0.13519 0.10459 0.0449223
9.99464E-05 0.0406385 9.99464E-05 9.99464E-05 0.958762 9.99464E-05 9.99464E-05 9.99464E-05
9.99554E-05 9.99554E-05 0.541278 9.99554E-05 9.99554E-05 0.218879 9.99554E-05 0.239343
9.99643E-05 0.350223 0.0676135 9.99643E-05 9.99643E-05 0.247341 0.334423 9.99643E-05
0.0107196 9.99821E-05 9.99821E-05 0.326406 0.223312 0.00233311 0.0876586 0.349371
9.99644E-05 0.164621 0.422976 9.99644E-05 9.99644E-05 9.99644E-05 0.145474 0.266528
9.99733E-05 9.99733E-05 0.00375356 0.575593 9.99733E-05 0.250228 0.146054 0.024071
0.036841 9.997E-05 0.627997 9.997E-05 9.997E-05 0.14039 0.188039 0.00643325
9.99466E-05 9.99466E-05 9.99466E-05 0.716909 9.99466E-05 9.99466E-05 0.282491 9.99466E-05
0.0143659 9.99732E-05 0.429886 0.377007 9.99732E-05 0.11687 9.99732E-05 0.061571
0.861906 9.99551E-05 9.99551E-05 0.0339077 9.99551E-05 0.103687 9.99551E-05 9.99551E-05
9.99465E-05 9.99465E-05 0.893547 9.99465E-05 0.105853 9.99465E-05 9.99465E-05 9.99465E-05
9.995E-05 9.995E-05 9.995E-05 0.196343 0.102914 9.995E-05 0.700243 9.995E-05
9.99554E-05 9.99554E-05 0.578556 9.99554E-05 9.99554E-05 0.194839 9.99554E-05 0.226105
9.99463E-05 9.99463E-05 9.99463E-05 9.99463E-05 0.710967 9.99463E-05 9.99463E-05 0.288433
9.995E-05 9.995E-05 9.995E-05 9.995E-05 0.461925 0.0983492 0.439226 9.995E-05
0.0227209 0.0129187 9.997E-05 0.295344 9.997E-05 0.467732 9.997E-05 0.200985
9.99644E-05 0.0738948 0.26881 0.434981 0.221914 9.99644E-05 9.99644E-05 9.99644E-05
9.996E-05 0.238236 9.996E-05 0.449062 9.996E-05 0.00539018 0.306912 9.996E-05
9.99464E-05 0.580934 9.99464E-05 9.99464E-05 9.99464E-05 0.418467 9.99464E-05 9.99464E-05
9.99555E-05 9.99555E-05 9.99555E-05 0.242648 9.99555E-05 0.701501 0.0553504 9.99555E-05
9.99643E-05 0.016118 0.276077 0.592217 9.99643E-05 9.99643E-05 9.99643E-05 0.115188
9.99464E-05 9.99464E-05 0.789375 0.210025 9.99464E-05 9.99464E-05 9.99464E-05 9.99464E-05
9.997E-05 9.997E-05 0.262014 0.456055 0.235173 9.997E-05 0.0272572 0.0192015
9.998E-05 0.0229883 0.145044 0.128168 0.513324 0.0801641 9.998E-05 0.110112
0.000529659 9.99732E-05 9.99732E-05 0.399634 0.344781 0.0597495 9.99732E-05 0.195007
0.113656 9.99822E-05 0.00831663 0.00476266 0.114843 0.35337 9.99822E-05 0.404852
9.99643E-05 9.99643E-05 0.018092 0.249313 9.99643E-05 0.269288 0.462907 9.99643E-05
9.997E-05 0.345874 9.997E-05 0.154624 0.0785203 9.997E-05 0.191247 0.229434
9.996E-05 9.996E-05 0.3795 0.516683 9.996E-05 0.0242008 9.996E-05 0.0792171
9.99643E-05 0.553881 9.99643E-05 9.99643E-05 0.0990147 9.99643E-05 0.000374596 0.34633
9.997E-05 9.997E-05 0.176265 9.997E-05 0.412908 0.229488 0.111188 0.0698514
9.99553E-05 9.99553E-05 9.99553E-05 9.99553E-05 0.235387 0.21563 9.99553E-05 0.548483
0.041963 9.996E-05 0.15145 9.996E-05 9.996E-05 0.0319685 9.996E-05 0.774218
0.00300814 0.209198 0.00334597 9.99732E-05 0.0556797 9.99732E-05 9.99732E-05 0.728468
9.99554E-05 0.361041 9.99554E-05 0.637766 9.99554E-05 0.000693473 9.99554E-05 9.99554E-05
9.99555E-05 9.99555E-05 0.527533 9.99555E-05 0.294185 9.99555E-05 9.99555E-05 0.177782
9.99643E-05 0.105529 9.99643E-05 0.622472 9.99643E-05 0.0620941 0.209505 9.99643E-05
9.99465E-05 9.99465E-05 9.99465E-05 0.683224 0.316176 9.99465E-05 9.99465E-05 9.99465E-05
9.99555E-05 0.502425 0.000423068 9.99555E-05 9.99555E-05 0.496652 9.99555E-05 9.99555E-05
9.996E-05 9.996E-05 0.313158 0.0442508 9.996E-05 0.20881 0.433382 9.996E-05
0.0184695 0.482448 9.997E-05 0.173996 0.232632 9.997E-05 9.997E-05 0.0921544
0.156978 0.280385 0.143006 9.997E-05 0.394012 9.997E-05 0.0253188 9.997E-05
9.998E-05 9.998E-05 0.484697 0.0609697 0.212343 0.0239202 0.206835 0.0110356
9.99466E-05 0.195473 9.99466E-05 9.99466E-05 0.803927 9.99466E-05 9.99466E-05 9.99466E-05
9.997E-05 9.997E-05 0.0967311 0.00776156 0.235957 0.373045 0.286206 9.997E-05
9.99555E-05 9.99555E-05 9.99555E-05 0.175978 9.99555E-05 9.99555E-05 0.0248817 0.79864
9.99555E-05 0.117513 9.99555E-05 0.56346 9.99555E-05 9.99555E-05 9.99555E-05 0.318527
9.99644E-05 9.99644E-05 9.99644E-05 9.99644E-05 0.0333158 0.287303 0.503379 0.175602
9.99643E-05 9.99643E-05 9.99643E-05 0.663753 0.0482689 9.99643E-05 0.287128 0.000450147
0.0340836 0.262719 9.996E-05 0.520712 9.996E-05 9.996E-05 9.996E-05 0.182086
0.172551 9.99555E-05 9.99555E-05 9.99555E-05 0.339278 9.99555E-05 0.487672 9.99555E-05
9.99732E-05 0.229783 0.197814 0.215056 0.117534 9.99732E-05 9.99732E-05 0.239513
9.998E-05 0.273618 0.142604 0.119104 0.0764107 0.323587 0.064477 9.998E-05
0.104095 9.99644E-05 0.191171 9.99644E-05 0.567302 9.99644E-05 9.99644E-05 0.137032
9.99644E-05 0.0156552 9.99644E-05 0.0899856 9.99644E-05 9.99644E-05 0.557275 0.336684
9.997E-05 0.0685884 9.997E-05 0.424428 9.997E-05 0.0618507 0.0316723 0.41316
9.99466E-05 0.256359 9.99466E-05 0.743041 9.99466E-05 9.99466E-05 9.99466E-05 9.99466E-05
9.995E-05 0.105167 9.995E-05 0.596728 9.995E-05 9.995E-05 9.995E-05 0.297605
9.99731E-05 0.0932713 9.99731E-05 0.00116139 0.286015 9.99731E-05 0.481135 0.138118
9.996E-05 0.100373 0.695112 9.996E-05 9.996E-05 0.0792584 9.996E-05 0.124856
9.996E-05 0.436914 0.152433 9.996E-05 9.996E-05 0.375143 9.996E-05 0.0351111
9.99732E-05 0.244805 9.99732E-05 0.499406 9.99732E-05 0.00295488 0.00328146 0.249253
9.996E-05 0.0552831 9.996E-05 0.0690366 9.996E-05 0.678718 9.996E-05 0.196562
9.99643E-05 0.0497526 9.99643E-05 0.548919 0.222746 9.99643E-05 9.99643E-05 0.178183
0.0532224 9.998E-05 0.0233544 0.415978 9.998E-05 0.216337 0.14019 0.150719
9.996E-05 9.996E-05 0.402525 0.296616 9.996E-05 0.101133 9.996E-05 0.199327
9.99554E-05 0.543231 9.99554E-05 0.146198 9.99554E-05 9.99554E-05 0.310071 9.99554E-05
9.99465E-05 0.702826 9.99465E-05 9.99465E-05 9.99465E-05 9.99465E-05 9.99465E-05 0.296574
9.99553E-05 0.808712 9.99553E-05 0.156251 9.99553E-05 9.99553E-05 0.0345368 9.99553E-05
0.0499442 0.426871 0.0501244 9.997E-05 9.997E-05 0.329226 0.143534 9.997E-05
0.00472311 9.998E-05 0.106122 0.061094 9.998E-05 0.548875 0.163377 0.115608
9.99464E-05 0.291527 9.99464E-05 9.99464E-05 9.99464E-05 0.707873 9.99464E-05 9.99464E-05
9.997E-05 0.467308 0.123161 0.137476 9.997E-05 9.997E-05 0.0350884 0.236667
9.99644E-05 0.0103073 0.0172183 0.523342 9.99644E-05 0.448733 9.99644E-05 9.99644E-05
0.0152259 0.173391 0.168248 0.548246 0.0380912 0.056598 9.998E-05 9.998E-05
9.99644E-05 0.517831 9.99644E-05 0.141591 0.197983 9.99644E-05 0.142195 9.99644E-05
9.99556E-05 9.99556E-05 0.00665505 0.468823 9.99556E-05 0.524022 9.99556E-05 9.99556E-05
9.996E-05 0.299105 9.996E-05 0.568207 9.996E-05 0.0527849 9.996E-05 0.0795039
9.99465E-05 9.99465E-05 9.99465E-05 9.99465E-05 9.99465E-05 0.390985 0.608415 9.99465E-05
0.0379374 0.00725283 9.997E-05 9.997E-05 9.997E-05 0.0206511 0.880325 0.0535333
9.99642E-05 0.0464768 9.99642E-05 9.99642E-05 9.99642E-05 0.602242 0.0665623 0.284319
9.99556E-05 9.99556E-05 0.295229 9.99556E-05 9.99556E-05 0.472901 0.231371 9.99556E-05
