9.99201E-05 9.99201E-05 9.99201E-05 9.99201E-05 9.99201E-05 9.99201E-05 9.99201E-05 0.999101 9.99201E-05 9.99201E-05
0.24854 9.99373E-05 9.99373E-05 9.99373E-05 0.25746 9.99373E-05 9.99373E-05 9.99373E-05 0.4933 9.99373E-05
0.209014 9.99554E-05 9.99554E-05 0.0765152 9.99554E-05 0.299103 0.0603095 9.99554E-05 0.354558 9.99554E-05
0.175231 9.99644E-05 9.99644E-05 9.99644E-05 0.277993 0.254797 9.99644E-05 0.0284903 0.244577 0.0185116
0.30365 9.99374E-05 0.322228 9.99374E-05 0.373422 9.99374E-05 9.99374E-05 9.99374E-05 9.99374E-05 9.99374E-05
9.99465E-05 9.99465E-05 0.174018 0.399858 0.335458 0.090066 9.99465E-05 9.99465E-05 9.99465E-05 9.99465E-05
9.99373E-05 9.99373E-05 9.99373E-05 0.341312 0.34782 0.310169 9.99373E-05 9.99373E-05 9.99373E-05 9.99373E-05
0.367435 0.0868346 9.99465E-05 0.381237 9.99465E-05 9.99465E-05 9.99465E-05 9.99465E-05 0.163893 9.99465E-05
0.051821 0.466576 9.99551E-05 9.99551E-05 0.217602 0.257206 9.99551E-05 9.99551E-05 9.99551E-05 0.00629566
0.104651 9.99553E-05 0.217367 9.99553E-05 0.166806 0.326929 9.99553E-05 9.99553E-05 0.183747 9.99553E-05
0.303819 9.99465E-05 0.118164 9.99465E-05 9.99465E-05 0.554299 9.99465E-05 9.99465E-05 0.0231179 9.99465E-05
0.345294 0.620193 9.99463E-05 9.99463E-05 9.99463E-05 0.0334712 0.000442229 9.99463E-05 9.99463E-05 9.99463E-05
0.277501 0.365659 9.99642E-05 0.0251786 9.99642E-05 0.0119105 9.99642E-05 0.0531808 0.26617 9.99642E-05
9.99464E-05 0.467897 0.322121 9.99464E-05 0.0332311 9.99464E-05 9.99464E-05 9.99464E-05 0.176151 9.99464E-05
0.117367 9.99467E-05 9.99467E-05 9.99467E-05 9.99467E-05 0.0157423 0.142549 9.99467E-05 9.99467E-05 0.723742
9.99374E-05 9.99374E-05 9.99374E-05 9.99374E-05 0.272362 0.280256 0.446682 9.99374E-05 9.99374E-05 9.99374E-05
0.100322 9.99466E-05 9.99466E-05 9.99466E-05 0.780376 9.99466E-05 0.0458206 9.99466E-05 0.0728817 9.99466E-05
0.5585 9.99375E-05 9.99375E-05 9.99375E-05 9.99375E-05 9.99375E-05 9.99375E-05 9.99375E-05 0.175161 0.26564
9.99375E-05 0.448324 0.517716 9.99375E-05 0.0332598 9.99375E-05 9.99375E-05 9.99375E-05 9.99375E-05 9.99375E-05
9.99374E-05 9.99374E-05 9.99374E-05 0.422602 9.99374E-05 0.146526 9.99374E-05 9.99374E-05 0.430173 9.99374E-05
0.275323 9.99554E-05 0.0409645 0.215238 9.99554E-05 0.15346 9.99554E-05 9.99554E-05 0.314515 9.99554E-05
0.380692 0.0985664 9.99644E-05 0.392487 0.0116894 9.99644E-05 0.0399704 9.99644E-05 0.0761949 9.99644E-05
9.99465E-05 9.99465E-05 9.99465E-05 0.026186 0.259612 0.0433168 9.99465E-05 9.99465E-05 9.99465E-05 0.670286
0.237864 9.99377E-05 9.99377E-05 9.99377E-05 0.492586 9.99377E-05 9.99377E-05 9.99377E-05 0.26885 9.99377E-05
0.463818 9.99379E-05 9.99379E-05 9.99379E-05 9.99379E-05 0.0289035 9.99379E-05 9.99379E-05 0.506579 9.99379E-05
0.430273 9.99376E-05 9.99376E-05 0.113992 9.99376E-05 9.99376E-05 9.99376E-05 9.99376E-05 0.455036 9.99376E-05
9.99287E-05 9.99287E-05 0.116127 0.883074 9.99287E-05 9.99287E-05 9.99287E-05 9.99287E-05 9.99287E-05 9.99287E-05
9.99374E-05 9.99374E-05 9.99374E-05 9.99374E-05 9.99374E-05 0.504601 9.99374E-05 9.99374E-05 0.356287 0.138413
0.346309 0.0402259 9.99463E-05 0.568887 9.99463E-05 9.99463E-05 9.99463E-05 9.99463E-05 9.99463E-05 0.0439783
0.335863 9.99288E-05 9.99288E-05 9.99288E-05 9.99288E-05 0.663338 9.99288E-05 9.99288E-05 9.99288E-05 9.99288E-05
9.99373E-05 9.99373E-05 9.99373E-05 0.939208 9.99373E-05 9.99373E-05 9.99373E-05 9.99373E-05 0.02403 0.0360624
9.99464E-05 9.99464E-05 9.99464E-05 0.542415 0.113995 0.202951 9.99464E-05 9.99464E-05 0.140039 9.99464E-05
9.99375E-05 9.99375E-05 9.99375E-05 0.742142 9.99375E-05 0.176834 9.99375E-05 9.99375E-05 9.99375E-05 0.0803239
0.361048 9.99374E-05 9.99374E-05 0.227106 9.99374E-05 9.99374E-05 9.99374E-05 9.99374E-05 9.99374E-05 0.411146
0.281903 0.0238583 0.184112 9.99552E-05 0.235339 9.99552E-05 9.99552E-05 9.99552E-05 9.99552E-05 0.274288
0.169312 9.99467E-05 9.99467E-05 0.742487 0.085289 9.99467E-05 0.00231219 9.99467E-05 9.99467E-05 9.99467E-05
9.99464E-05 9.99464E-05 0.665387 0.199576 9.99464E-05 9.99464E-05 0.109688 0.0247486 9.99464E-05 9.99464E-05
9.99372E-05 9.99372E-05 9.99372E-05 0.802339 9.99372E-05 0.189891 9.99372E-05 9.99372E-05 9.99372E-05 0.00707017
0.184716 9.99463E-05 9.99463E-05 9.99463E-05 0.0235513 9.99463E-05 0.0178344 9.99463E-05 9.99463E-05 0.773299
9.99553E-05 9.99553E-05 9.99553E-05 0.0456788 9.99553E-05 9.99553E-05 0.455763 0.0134667 0.0779689 0.406623
0.0459166 9.99552E-05 9.99552E-05 0.237975 0.0906784 0.416174 9.99552E-05 9.99552E-05 0.208756 9.99552E-05
9.99465E-05 9.99465E-05 0.0515319 9.99465E-05 9.99465E-05 0.204217 0.139525 9.99465E-05 9.99465E-05 0.604127
9.99464E-05 0.0856924 9.99464E-05 9.99464E-05 9.99464E-05 0.285856 9.99464E-05 0.0113142 9.99464E-05 0.616538
9.99462E-05 9.99462E-05 0.158734 0.172761 0.166124 0.501782 9.99462E-05 9.99462E-05 9.99462E-05 9.99462E-05
9.99466E-05 9.99466E-05 0.112541 0.225376 9.99466E-05 0.424276 9.99466E-05 9.99466E-05 0.237208 9.99466E-05
0.800159 9.99376E-05 9.99376E-05 0.0865926 9.99376E-05 9.99376E-05 9.99376E-05 9.99376E-05 0.112549 9.99376E-05
0.266728 0.00429677 9.99643E-05 9.99643E-05 0.313055 0.148311 9.99643E-05 9.99643E-05 0.236275 0.0309346
9.99375E-05 9.99375E-05 9.99375E-05 0.0323228 9.99375E-05 9.99375E-05 9.99375E-05 9.99375E-05 0.502007 0.464971
0.103026 9.99552E-05 9.99552E-05 0.00233802 9.99552E-05 0.101384 0.418568 9.99552E-05 0.374185 9.99552E-05
9.99375E-05 0.159779 9.99375E-05 9.99375E-05 0.699553 9.99375E-05 0.139968 9.99375E-05 9.99375E-05 9.99375E-05
0.183655 9.99554E-05 9.99554E-05 0.106212 0.0703575 0.00638903 9.99554E-05 9.99554E-05 0.632887 9.99554E-05
9.99466E-05 9.99466E-05 9.99466E-05 0.226198 9.99466E-05 9.99466E-05 0.0569336 0.0202898 0.695979 9.99466E-05
9.99463E-05 9.99463E-05 0.361052 0.140108 9.99463E-05 0.25292 9.99463E-05 9.99463E-05 0.245321 9.99463E-05
0.0493252 0.260498 0.178635 0.113899 9.99732E-05 0.0582922 9.99732E-05 9.99732E-05 0.0458739 0.293177
0.0838297 9.99377E-05 9.99377E-05 9.99377E-05 9.99377E-05 9.99377E-05 0.711735 0.203736 9.99377E-05 9.99377E-05
9.99376E-05 9.99376E-05 0.871897 9.99376E-05 9.99376E-05 9.99376E-05 9.99376E-05 9.99376E-05 0.0413214 0.0860815
0.258973 9.99732E-05 0.073221 0.149214 0.196566 0.0560263 9.99732E-05 9.99732E-05 0.142248 0.123451
0.838783 9.99378E-05 9.99378E-05 9.99378E-05 0.0846925 0.0758245 9.99378E-05 9.99378E-05 9.99378E-05 9.99378E-05
9.99376E-05 0.239204 9.99376E-05 9.99376E-05 9.99376E-05 9.99376E-05 0.0501395 9.99376E-05 0.709957 9.99376E-05
0.880386 9.99284E-05 9.99284E-05 9.99284E-05 9.99284E-05 9.99284E-05 9.99284E-05 9.99284E-05 9.99284E-05 0.118814
0.0802205 9.99643E-05 9.99643E-05 0.572251 0.068776 9.99643E-05 0.142021 9.99643E-05 0.130457 0.0058741
0.622246 9.99641E-05 9.99641E-05 0.0498963 0.0794341 0.0488891 9.99641E-05 9.99641E-05 0.0832398 0.115895
0.103203 9.99552E-05 0.163181 9.99552E-05 0.601517 9.99552E-05 9.99552E-05 0.0303783 0.101221 9.99552E-05
9.99552E-05 9.99552E-05 0.0307883 0.0801989 0.166728 0.558542 9.99552E-05 9.99552E-05 0.163243 9.99552E-05
0.124819 9.99642E-05 9.99642E-05 9.99642E-05 9.99642E-05 0.116444 0.0284507 0.00858711 0.568124 0.153176
9.99376E-05 0.0775498 9.99376E-05 9.99376E-05 0.0413913 9.99376E-05 9.99376E-05 9.99376E-05 0.880359 9.99376E-05
9.99201E-05 0.999101 9.99201E-05 9.99201E-05 9.99201E-05 9.99201E-05 9.99201E-05 9.99201E-05 9.99201E-05 9.99201E-05
0.107803 0.209745 9.99643E-05 0.337748 9.99643E-05 0.104316 9.99643E-05 9.99643E-05 0.192983 0.0470056
0.124948 0.0338915 9.99375E-05 9.99375E-05 9.99375E-05 9.99375E-05 9.99375E-05 9.99375E-05 0.840461 9.99375E-05
9.99376E-05 9.99376E-05 9.99376E-05 9.99376E-05 9.99376E-05 0.317098 9.99376E-05 9.99376E-05 0.352581 0.329621
9.99379E-05 0.159296 0.225632 9.99379E-05 9.99379E-05 0.614373 9.99379E-05 9.99379E-05 9.99379E-05 9.99379E-05
0.205147 9.99467E-05 9.99467E-05 0.335582 0.110149 9.99467E-05 9.99467E-05 9.99467E-05 0.348523 9.99467E-05
0.0199089 0.68756 9.99643E-05 9.99643E-05 9.99643E-05 0.00212616 0.182121 0.0574127 9.99643E-05 0.0504711
0.0963443 0.133565 0.0661013 0.0683347 9.99732E-05 9.99732E-05 9.99732E-05 0.0260911 0.391111 0.218153
0.0236416 9.99644E-05 0.000324475 0.34135 9.99644E-05 0.402926 0.0865042 9.99644E-05 9.99644E-05 0.144854
0.121339 0.221826 0.193376 0.221405 0.0507639 0.0745586 9.99821E-05 0.0667261 9.99821E-05 0.0498056
0.322337 9.99464E-05 9.99464E-05 0.479766 9.99464E-05 9.99464E-05 9.99464E-05 9.99464E-05 0.0659403 0.131357
0.181322 9.99554E-05 9.99554E-05 9.99554E-05 0.594037 0.0965206 0.0395261 9.99554E-05 9.99554E-05 0.0880948
9.99464E-05 0.490014 9.99464E-05 9.99464E-05 9.99464E-05 0.233139 0.263236 0.0130115 9.99464E-05 9.99464E-05
0.339714 9.99555E-05 9.99555E-05 0.0583648 0.0400367 9.99555E-05 9.99555E-05 9.99555E-05 0.0887837 0.472601
9.99463E-05 9.99463E-05 9.99463E-05 0.282088 9.99463E-05 0.187515 9.99463E-05 9.99463E-05 0.0594432 0.470354
0.370912 0.102001 9.99642E-05 0.0263882 9.99642E-05 9.99642E-05 0.0705771 9.99642E-05 0.182659 0.247062
9.99552E-05 9.99552E-05 9.99552E-05 0.198391 0.229497 0.0711006 0.055008 9.99552E-05 9.99552E-05 0.445504
0.173381 9.99464E-05 9.99464E-05 0.465608 9.99464E-05 0.3365 9.99464E-05 9.99464E-05 0.0239112 9.99464E-05
0.0862577 0.0479095 9.99641E-05 0.0575385 0.0302252 9.99641E-05 0.0835028 0.694166 9.99641E-05 9.99641E-05
0.81023 9.99285E-05 9.99285E-05 9.99285E-05 9.99285E-05 0.188971 9.99285E-05 9.99285E-05 9.99285E-05 9.99285E-05
9.99374E-05 9.99374E-05 9.99374E-05 0.0187215 9.99374E-05 9.99374E-05 0.178272 9.99374E-05 9.99374E-05 0.802307
0.561378 9.99466E-05 9.99466E-05 0.0576237 9.99466E-05 9.99466E-05 0.0562158 9.99466E-05 0.324183 9.99466E-05
9.99465E-05 0.0530372 0.363053 0.557289 9.99465E-05 9.99465E-05 0.0260208 9.99465E-05 9.99465E-05 9.99465E-05
9.99555E-05 9.99555E-05 0.357437 0.0754523 9.99555E-05 0.0601634 0.421598 9.99555E-05 0.08485 9.99555E-05
9.99373E-05 9.99373E-05 9.99373E-05 0.282123 9.99373E-05 0.370325 9.99373E-05 9.99373E-05 0.346852 9.99373E-05
0.10499 9.99376E-05 0.46159 9.99376E-05 9.99376E-05 0.43272 9.99376E-05 9.99376E-05 9.99376E-05 9.99376E-05
9.99462E-05 9.99462E-05 9.99462E-05 9.99462E-05 0.281459 0.143826 9.99462E-05 9.99462E-05 0.12971 0.444406
9.99554E-05 9.99554E-05 0.0189635 9.99554E-05 0.529484 0.178794 0.0506277 9.99554E-05 0.221631 9.99554E-05
9.99465E-05 0.00598253 9.99465E-05 9.99465E-05 9.99465E-05 0.403569 9.99465E-05 0.0707376 0.519112 9.99465E-05
9.99463E-05 0.187798 9.99463E-05 9.99463E-05 0.217879 0.306925 9.99463E-05 9.99463E-05 9.99463E-05 0.286798
0.560647 9.99464E-05 9.99464E-05 0.0598155 9.99464E-05 0.293248 9.99464E-05 9.99464E-05 9.99464E-05 0.0856896
0.319412 9.99465E-05 9.99465E-05 9.99465E-05 0.0522668 0.500086 9.99465E-05 9.99465E-05 9.99465E-05 0.127636
9.99464E-05 9.99464E-05 0.340284 0.333637 9.99464E-05 0.321012 9.99464E-05 9.99464E-05 9.99464E-05 0.00446655
9.99642E-05 0.148752 9.99642E-05 0.252924 0.012945 0.264089 0.139665 9.99642E-05 0.181226 9.99642E-05
0.122037 9.99555E-05 9.99555E-05 0.135734 9.99555E-05 0.22562 0.352415 9.99555E-05 0.163693 9.99555E-05
9.99732E-05 0.0339081 0.147619 0.0380284 9.99732E-05 0.354798 0.0828271 9.99732E-05 0.18469 0.15783
9.99465E-05 0.12191 9.99465E-05 0.17642 0.363337 9.99465E-05 9.99465E-05 9.99465E-05 9.99465E-05 0.337733
0.18567 0.489856 9.99642E-05 9.99642E-05 9.99642E-05 0.070124 9.99642E-05 0.00322198 0.202808 0.0479209
9.99732E-05 0.0545083 0.161245 0.0205446 0.597558 0.00479711 0.0600605 9.99732E-05 9.99732E-05 0.100987
0.346061 0.0135689 9.99553E-05 0.269161 9.99553E-05 9.99553E-05 0.228888 9.99553E-05 0.141821 9.99553E-05
9.99374E-05 0.333775 9.99374E-05 0.36429 9.99374E-05 9.99374E-05 9.99374E-05 9.99374E-05 0.301235 9.99374E-05
0.125313 0.257764 9.99552E-05 0.11874 9.99552E-05 9.99552E-05 0.227889 9.99552E-05 0.269795 9.99552E-05
9.99462E-05 0.475419 9.99462E-05 0.295597 0.210096 9.99462E-05 9.99462E-05 9.99462E-05 0.018289 9.99462E-05
9.99465E-05 9.99465E-05 9.99465E-05 0.31896 0.12135 0.526555 9.99465E-05 9.99465E-05 9.99465E-05 0.0325344
0.571899 9.99287E-05 9.99287E-05 0.427302 9.99287E-05 9.99287E-05 9.99287E-05 9.99287E-05 9.99287E-05 9.99287E-05
9.99375E-05 9.99375E-05 0.0356131 9.99375E-05 9.99375E-05 0.578054 9.99375E-05 9.99375E-05 9.99375E-05 0.385633
9.99465E-05 9.99465E-05 0.00384256 0.0295884 0.23168 0.734289 9.99465E-05 9.99465E-05 9.99465E-05 9.99465E-05
0.00397911 9.99375E-05 9.99375E-05 9.99375E-05 0.644479 9.99375E-05 9.99375E-05 9.99375E-05 0.350842 9.99375E-05
0.188465 9.99464E-05 9.99464E-05 9.99464E-05 9.99464E-05 0.519234 9.99464E-05 9.99464E-05 0.154815 0.136886
9.99642E-05 0.110379 0.108307 0.0574478 0.592515 0.117955 9.99642E-05 0.012997 9.99642E-05 9.99642E-05
9.99553E-05 0.0694689 0.714846 0.0239253 0.073913 9.99553E-05 0.117347 9.99553E-05 9.99553E-05 9.99553E-05
0.212044 9.995E-05 9.995E-05 0.180536 9.995E-05 0.227059 9.995E-05 9.995E-05 0.159107 0.220754
9.99201E-05 9.99201E-05 0.999101 9.99201E-05 9.99201E-05 9.99201E-05 9.99201E-05 9.99201E-05 9.99201E-05 9.99201E-05
9.99465E-05 9.99465E-05 0.160919 9.99465E-05 9.99465E-05 0.00306493 9.99465E-05 9.99465E-05 0.631345 0.204071
0.0269625 0.586205 9.99643E-05 0.0135936 0.0761397 0.0486779 9.99643E-05 9.99643E-05 9.99643E-05 0.248022
9.99465E-05 9.99465E-05 0.00594781 9.99465E-05 9.99465E-05 0.600078 9.99465E-05 0.0351634 9.99465E-05 0.358211
0.104882 0.213423 0.189662 9.99467E-05 9.99467E-05 9.99467E-05 9.99467E-05 9.99467E-05 0.491433 9.99467E-05
9.99464E-05 0.156328 9.99464E-05 0.0353993 9.99464E-05 0.307488 9.99464E-05 9.99464E-05 9.99464E-05 0.500185
9.99644E-05 0.235287 9.99644E-05 9.99644E-05 0.307594 0.344983 9.99644E-05 0.0122402 0.0565668 0.0429297
9.99375E-05 9.99375E-05 0.210179 9.99375E-05 9.99375E-05 9.99375E-05 0.679622 9.99375E-05 9.99375E-05 0.1095
0.0214075 0.154971 9.99732E-05 0.0649397 0.242331 0.208374 9.99732E-05 9.99732E-05 0.0382163 0.26946
0.0255719 0.221505 0.066453 9.99554E-05 9.99554E-05 0.425844 9.99554E-05 9.99554E-05 0.260126 9.99554E-05
0.40622 9.99555E-05 0.0308457 0.245414 0.280862 9.99555E-05 9.99555E-05 0.0361585 9.99555E-05 9.99555E-05
9.99465E-05 0.268775 9.99465E-05 9.99465E-05 0.112091 9.99465E-05 0.073532 9.99465E-05 9.99465E-05 0.545002
9.99552E-05 0.178435 0.193016 0.453068 0.0770446 9.99552E-05 9.99552E-05 9.99552E-05 9.99552E-05 0.0979366
0.116114 0.0560638 9.99465E-05 9.99465E-05 0.199266 0.627957 9.99465E-05 9.99465E-05 9.99465E-05 9.99465E-05
9.99643E-05 0.545882 9.99643E-05 0.070642 0.0489326 0.161231 0.023967 9.99643E-05 0.148945 9.99643E-05
9.99375E-05 9.99375E-05 0.0269911 9.99375E-05 9.99375E-05 9.99375E-05 9.99375E-05 9.99375E-05 0.342841 0.629469
0.451029 0.0476541 9.99464E-05 9.99464E-05 9.99464E-05 9.99464E-05 9.99464E-05 9.99464E-05 0.336973 0.163745
9.99462E-05 9.99462E-05 0.269036 9.99462E-05 0.227621 9.99462E-05 9.99462E-05 9.99462E-05 0.477317 0.0254261
9.99554E-05 9.99554E-05 9.99554E-05 9.99554E-05 0.278328 0.475048 0.0825312 9.99554E-05 0.0525755 0.111018
0.0500913 9.99465E-05 9.99465E-05 9.99465E-05 0.116978 0.135023 9.99465E-05 9.99465E-05 0.697308 9.99465E-05
0.168366 0.172595 0.0300649 9.99642E-05 9.99642E-05 0.410259 9.99642E-05 9.99642E-05 0.0211666 0.197149
0.047274 9.99553E-05 9.99553E-05 9.99553E-05 0.0765471 0.449139 0.282798 9.99553E-05 0.143742 9.99553E-05
0.264454 9.99552E-05 9.99552E-05 0.320379 9.99552E-05 0.151243 0.242308 9.99552E-05 9.99552E-05 0.0211152
9.99288E-05 9.99288E-05 9.99288E-05 9.99288E-05 0.151408 9.99288E-05 9.99288E-05 9.99288E-05 9.99288E-05 0.847793
9.99287E-05 0.367742 9.99287E-05 9.99287E-05 0.631458 9.99287E-05 9.99287E-05 9.99287E-05 9.99287E-05 9.99287E-05
9.99286E-05 9.99286E-05 9.99286E-05 9.99286E-05 0.88312 9.99286E-05 9.99286E-05 9.99286E-05 9.99286E-05 0.11608
0.0285415 0.0629975 0.102122 9.99643E-05 0.156519 9.99643E-05 9.99643E-05 9.99643E-05 0.475761 0.173659
0.106893 9.99642E-05 9.99642E-05 0.141189 0.0453109 0.320969 0.152278 9.99642E-05 0.23296 9.99642E-05
9.99375E-05 9.99375E-05 9.99375E-05 0.140001 0.296625 9.99375E-05 9.99375E-05 9.99375E-05 0.562674 9.99375E-05
0.312725 9.99554E-05 9.99554E-05 0.159805 0.291348 0.0460657 9.99554E-05 9.99554E-05 9.99554E-05 0.189557
9.99554E-05 9.99554E-05 0.0118944 9.99554E-05 0.106259 0.434993 9.99554E-05 9.99554E-05 0.179299 0.267055
0.0757912 9.99464E-05 9.99464E-05 0.0869381 0.312349 0.524322 9.99464E-05 9.99464E-05 9.99464E-05 9.99464E-05
9.99377E-05 9.99377E-05 0.254039 9.99377E-05 0.154775 9.99377E-05 9.99377E-05 9.99377E-05 9.99377E-05 0.590486
9.99377E-05 9.99377E-05 9.99377E-05 0.327393 9.99377E-05 0.431789 9.99377E-05 9.99377E-05 0.240118 9.99377E-05
9.99552E-05 0.0444953 9.99552E-05 9.99552E-05 0.328609 0.491903 9.99552E-05 9.99552E-05 0.118999 0.0154948
9.99464E-05 9.99464E-05 9.99464E-05 0.259165 0.195872 9.99464E-05 0.397751 9.99464E-05 0.146613 9.99464E-05
9.99201E-05 9.99201E-05 9.99201E-05 9.99201E-05 9.99201E-05 9.99201E-05 0.999101 9.99201E-05 9.99201E-05 9.99201E-05
9.99552E-05 0.0698437 9.99552E-05 0.24069 0.0792729 9.99552E-05 0.0381353 9.99552E-05 0.571558 9.99552E-05
0.0243184 9.99553E-05 0.0317308 0.18464 9.99553E-05 9.99553E-05 0.699343 9.99553E-05 0.0594684 9.99553E-05
