9.994E-05 9.994E-05 9.994E-05 9.994E-05 9.994E-05 0.9993 9.994E-05 9.994E-05
9.995E-05 9.995E-05 0.519339 0.383759 9.995E-05 9.995E-05 0.0964019 9.995E-05
0.355036 9.99643E-05 0.195876 0.413106 9.99643E-05 9.99643E-05 0.0355831 9.99643E-05
9.999E-05 0.0234949 0.119183 0.516636 0.0379197 0.0379924 0.0961136 0.16856
9.99643E-05 0.05895 0.82115 9.99643E-05 0.0628599 9.99643E-05 9.99643E-05 0.0566404
9.99642E-05 9.99642E-05 9.99642E-05 0.0555335 0.146363 9.99642E-05 0.263339 0.534364
9.99821E-05 0.428473 0.00527651 0.131679 0.166256 9.99821E-05 0.217928 0.0501879
0.571086 9.99643E-05 9.99643E-05 0.295558 0.0205916 9.99643E-05 9.99643E-05 0.112364
0.220879 0.110668 0.0028883 0.247015 9.99732E-05 9.99732E-05 9.99732E-05 0.41825
9.99642E-05 0.222868 9.99642E-05 0.167985 0.242853 9.99642E-05 9.99642E-05 0.365895
9.99555E-05 0.302076 9.99555E-05 0.420384 9.99555E-05 9.99555E-05 9.99555E-05 0.277041
0.790085 9.99553E-05 9.99553E-05 9.99553E-05 0.117903 9.99553E-05 9.99553E-05 0.0915121
0.268147 9.99732E-05 0.182325 0.213924 0.223651 0.111653 9.99732E-05 9.99732E-05
0.277866 9.99554E-05 0.180497 9.99554E-05 0.541137 9.99554E-05 9.99554E-05 9.99554E-05
9.99644E-05 0.724645 9.99644E-05 0.090454 0.131389 0.0531116 9.99644E-05 9.99644E-05
9.99467E-05 0.978071 9.99467E-05 9.99467E-05 9.99467E-05 9.99467E-05 0.0213298 9.99467E-05
9.99555E-05 9.99555E-05 0.709307 9.99555E-05 0.11085 9.99555E-05 0.179343 9.99555E-05
0.330983 0.0768532 0.437678 0.154086 9.99643E-05 9.99643E-05 9.99643E-05 9.99643E-05
9.99556E-05 9.99556E-05 0.399254 9.99556E-05 0.496769 9.99556E-05 0.103477 9.99556E-05
0.209074 0.00495758 9.99821E-05 0.449805 0.312068 0.00227243 0.0216231 9.99821E-05
0.068435 0.143152 9.99732E-05 0.137726 0.173653 9.99732E-05 9.99732E-05 0.476734
0.285898 0.0783828 9.99911E-05 0.0106308 0.0480919 0.0389131 0.324241 0.213742
9.99553E-05 0.448305 9.99553E-05 9.99553E-05 9.99553E-05 9.99553E-05 0.300798 0.250396
9.99465E-05 9.99465E-05 9.99465E-05 0.0757373 9.99465E-05 9.99465E-05 9.99465E-05 0.923663
0.184443 9.99556E-05 0.471636 0.343421 9.99556E-05 9.99556E-05 9.99556E-05 9.99556E-05
0.0441654 9.99732E-05 0.389854 0.275558 0.0989658 9.99732E-05 0.191157 9.99732E-05
0.2026 9.99464E-05 9.99464E-05 9.99464E-05 0.7968 9.99464E-05 9.99464E-05 9.99464E-05
0.00986505 0.0633558 9.99643E-05 0.650579 9.99643E-05 9.99643E-05 0.275801 9.99643E-05
0.320266 9.99642E-05 0.167277 0.0775123 0.434545 9.99642E-05 9.99642E-05 9.99642E-05
0.00907326 9.99644E-05 9.99644E-05 0.102794 0.152027 9.99644E-05 0.735705 9.99644E-05
0.257973 9.99551E-05 9.99551E-05 0.26399 0.477538 9.99551E-05 9.99551E-05 9.99551E-05
9.99554E-05 9.99554E-05 9.99554E-05 0.497503 0.463476 9.99554E-05 9.99554E-05 0.0385214
0.149067 0.0428279 9.99732E-05 0.102671 0.612785 9.99732E-05 0.0923496 9.99732E-05
0.335848 0.230763 0.0197121 9.99732E-05 0.392329 9.99732E-05 9.99732E-05 0.021048
9.99732E-05 0.113973 0.702134 9.99732E-05 0.0466406 9.99732E-05 0.000367632 0.136584
0.318582 0.0029182 9.99823E-05 0.00554216 0.0136208 9.99823E-05 0.521059 0.138078
9.99641E-05 9.99641E-05 0.236819 9.99641E-05 0.322255 0.118015 9.99641E-05 0.322511
0.255618 9.99553E-05 9.99553E-05 0.65683 0.0870518 9.99553E-05 9.99553E-05 9.99553E-05
9.99463E-05 0.785477 0.213924 9.99463E-05 9.99463E-05 9.99463E-05 9.99463E-05 9.99463E-05
0.420773 0.209267 9.99643E-05 0.272921 9.99643E-05 9.99643E-05 0.0966389 9.99643E-05
9.99553E-05 0.0835757 9.99553E-05 0.750028 9.99553E-05 9.99553E-05 0.165897 9.99553E-05
9.99554E-05 0.840841 9.99554E-05 9.99554E-05 0.0121202 9.99554E-05 0.146539 9.99554E-05
9.99553E-05 0.449366 9.99553E-05 9.99553E-05 0.1827 9.99553E-05 0.367435 9.99553E-05
9.99642E-05 9.99642E-05 9.99642E-05 0.449667 0.122295 9.99642E-05 0.00705335 0.420585
9.99555E-05 9.99555E-05 9.99555E-05 0.415786 0.574145 9.99555E-05 0.00957006 9.99555E-05
0.38782 9.99554E-05 0.525664 0.0860162 9.99554E-05 9.99554E-05 9.99554E-05 9.99554E-05
9.99642E-05 0.143628 0.366946 0.25331 9.99642E-05 9.99642E-05 9.99642E-05 0.235716
0.0434281 0.239288 9.99732E-05 0.108071 0.0225698 9.99732E-05 0.586343 9.99732E-05
0.266002 0.259451 9.99642E-05 0.467779 9.99642E-05 9.99642E-05 9.99642E-05 0.00636915
0.256961 9.99644E-05 0.178711 9.99644E-05 9.99644E-05 9.99644E-05 0.0419953 0.521933
9.99553E-05 9.99553E-05 9.99553E-05 0.51319 9.99553E-05 9.99553E-05 0.0320201 0.45429
0.133418 9.99733E-05 9.99733E-05 0.630369 0.105952 0.0832785 9.99733E-05 0.0466814
9.99553E-05 9.99553E-05 9.99553E-05 9.99553E-05 0.526873 9.99553E-05 0.471258 0.00136913
9.99733E-05 0.0911771 9.99733E-05 0.16449 0.0920745 9.99733E-05 0.00512302 0.646835
0.428221 9.99553E-05 9.99553E-05 0.0427637 9.99553E-05 0.528515 9.99553E-05 9.99553E-05
9.99645E-05 0.347898 9.99645E-05 9.99645E-05 0.066285 9.99645E-05 0.0876893 0.497728
9.99554E-05 9.99554E-05 0.244939 0.557586 9.99554E-05 9.99554E-05 9.99554E-05 0.196975
0.439873 0.106831 0.450424 0.00247219 9.99644E-05 9.99644E-05 9.99644E-05 9.99644E-05
0.334775 9.99644E-05 9.99644E-05 0.414811 9.99644E-05 0.0169043 0.23311 9.99644E-05
0.241021 9.99552E-05 0.590484 9.99552E-05 9.99552E-05 9.99552E-05 0.167996 9.99552E-05
0.0469491 0.0598955 0.246336 0.46449 0.177874 9.99821E-05 0.00425462 9.99821E-05
0.184398 9.99731E-05 0.52793 0.180437 9.99731E-05 0.00118489 0.10575 9.99731E-05
9.99643E-05 9.99643E-05 0.659045 9.99643E-05 0.0503723 9.99643E-05 0.0684357 0.221747
9.99552E-05 9.99552E-05 9.99552E-05 0.384425 0.340862 9.99552E-05 0.274213 9.99552E-05
0.0198148 9.99641E-05 0.257454 0.441496 9.99641E-05 9.99641E-05 0.280835 9.99641E-05
0.0650486 9.99643E-05 0.372572 0.465795 9.99643E-05 9.99643E-05 0.0961838 9.99643E-05
0.822892 9.99468E-05 9.99468E-05 9.99468E-05 9.99468E-05 9.99468E-05 0.176508 9.99468E-05
0.136008 9.99642E-05 9.99642E-05 0.352619 0.110982 9.99642E-05 0.39999 9.99642E-05
0.215303 9.99643E-05 0.0764033 0.297591 9.99643E-05 9.99643E-05 0.410302 9.99643E-05
9.99643E-05 0.45719 0.000259936 0.381247 9.99643E-05 9.99643E-05 0.160903 9.99643E-05
9.99556E-05 0.289219 9.99556E-05 0.124176 0.586105 9.99556E-05 9.99556E-05 9.99556E-05
0.0475338 9.99822E-05 0.181024 0.375028 0.0416893 9.99822E-05 0.158479 0.196045
0.313076 9.99556E-05 9.99556E-05 9.99556E-05 9.99556E-05 9.99556E-05 0.10785 0.578573
0.308104 9.99554E-05 9.99554E-05 9.99554E-05 9.99554E-05 9.99554E-05 0.473068 0.218329
0.205737 9.99644E-05 9.99644E-05 9.99644E-05 0.638919 9.99644E-05 0.133083 0.0218609
9.99642E-05 9.99642E-05 9.99642E-05 9.99642E-05 0.148325 0.00749765 0.0963095 0.747468
0.656713 9.99553E-05 9.99553E-05 9.99553E-05 0.186644 9.99553E-05 0.156143 9.99553E-05
9.99554E-05 0.288945 0.315212 0.395343 9.99554E-05 9.99554E-05 9.99554E-05 9.99554E-05
0.0791162 0.0681427 9.99732E-05 9.99732E-05 9.99732E-05 0.0328713 0.610622 0.208948
0.173873 0.0907963 0.410612 0.164755 0.159665 9.99733E-05 9.99733E-05 9.99733E-05
0.0330602 0.111501 9.997E-05 0.304929 0.12801 9.997E-05 0.4222 9.997E-05
0.829066 0.00178347 0.0085474 0.160203 9.99643E-05 9.99643E-05 9.99643E-05 9.99643E-05
9.996E-05 0.488119 9.996E-05 0.0791622 0.0943634 9.996E-05 0.337955 9.996E-05
0.243186 9.99732E-05 0.027565 0.560009 0.0106111 9.99732E-05 0.15833 9.99732E-05
9.99641E-05 0.12814 9.99641E-05 9.99641E-05 0.033101 0.67678 0.161579 9.99641E-05
0.153374 9.99644E-05 0.130035 0.401952 9.99644E-05 9.99644E-05 9.99644E-05 0.31424
0.0814965 0.580891 9.99643E-05 9.99643E-05 0.0760802 9.99643E-05 0.261133 9.99643E-05
0.272286 9.99644E-05 9.99644E-05 0.211383 9.99644E-05 9.99644E-05 0.382791 0.133139
0.0622439 9.99554E-05 9.99554E-05 9.99554E-05 0.751976 9.99554E-05 9.99554E-05 0.185281
9.99557E-05 0.35739 9.99557E-05 0.416008 9.99557E-05 9.99557E-05 9.99557E-05 0.226102
0.228662 0.0158074 9.99553E-05 0.755031 9.99553E-05 9.99553E-05 9.99553E-05 9.99553E-05
9.99556E-05 9.99556E-05 0.190347 9.99556E-05 0.778826 9.99556E-05 0.0303273 9.99556E-05
9.99642E-05 0.198656 0.222037 0.111287 9.99642E-05 9.99642E-05 0.46762 9.99642E-05
9.99821E-05 0.0881315 0.457671 0.0828161 0.116416 0.0468493 0.207916 9.99821E-05
9.99466E-05 9.99466E-05 9.99466E-05 0.240914 9.99466E-05 9.99466E-05 0.758486 9.99466E-05
0.195756 0.423029 9.99821E-05 0.0362438 0.0877406 9.99821E-05 0.185215 0.0718166
0.200317 0.163714 0.131726 0.343102 9.99732E-05 9.99732E-05 0.160841 9.99732E-05
9.99554E-05 0.0942963 9.99554E-05 9.99554E-05 9.99554E-05 9.99554E-05 0.883922 0.0212821
0.030308 0.0522978 9.998E-05 0.111449 0.614564 9.998E-05 0.112242 0.0789398
0.0272714 9.99642E-05 9.99642E-05 0.0892149 9.99642E-05 9.99642E-05 0.655423 0.227691
0.237955 9.99645E-05 9.99645E-05 0.27261 0.108197 9.99645E-05 0.380839 9.99645E-05
9.99644E-05 0.375766 9.99644E-05 0.235718 0.363926 9.99644E-05 0.0241907 9.99644E-05
0.369358 0.362575 9.99732E-05 0.136188 0.129551 0.00202711 9.99732E-05 9.99732E-05
0.420564 9.99554E-05 0.0617321 9.99554E-05 9.99554E-05 9.99554E-05 0.517204 9.99554E-05
9.99643E-05 0.314293 0.0146195 9.99643E-05 9.99643E-05 9.99643E-05 0.0981174 0.57257
0.298748 0.193685 9.99642E-05 0.105224 9.99642E-05 9.99642E-05 9.99642E-05 0.401943
0.719888 9.99553E-05 9.99553E-05 9.99553E-05 0.249854 9.99553E-05 0.0297577 9.99553E-05
0.585389 0.140136 9.99552E-05 9.99552E-05 9.99552E-05 9.99552E-05 0.273975 9.99552E-05
0.72323 9.99552E-05 0.000240911 9.99552E-05 0.276029 9.99552E-05 9.99552E-05 9.99552E-05
9.99644E-05 0.163295 0.0496003 0.00511326 0.781591 9.99644E-05 9.99644E-05 9.99644E-05
0.48352 9.99464E-05 9.99464E-05 9.99464E-05 9.99464E-05 9.99464E-05 9.99464E-05 0.51588
9.99553E-05 0.36129 9.99553E-05 0.275696 0.362514 9.99553E-05 9.99553E-05 9.99553E-05
9.99642E-05 0.260758 9.99642E-05 0.354979 0.138498 9.99642E-05 9.99642E-05 0.245365
9.996E-05 9.996E-05 0.411515 0.487209 9.996E-05 9.996E-05 0.0669831 0.0338924
9.99463E-05 0.425537 9.99463E-05 0.573863 9.99463E-05 9.99463E-05 9.99463E-05 9.99463E-05
9.99642E-05 0.0293645 0.348266 9.99642E-05 0.372949 9.99642E-05 9.99642E-05 0.249021
0.101155 0.129395 0.0102858 0.147052 0.00711349 0.0045834 9.99911E-05 0.600316
0.231419 0.253008 9.99732E-05 0.247119 0.21849 9.99732E-05 9.99732E-05 0.049664
9.99555E-05 9.99555E-05 9.99555E-05 9.99555E-05 0.418244 0.00121426 9.99555E-05 0.580042
9.997E-05 9.997E-05 0.0959098 0.182849 0.0761175 9.997E-05 0.637703 0.00712084
0.558304 9.99554E-05 9.99554E-05 9.99554E-05 9.99554E-05 9.99554E-05 0.393486 0.0477102
0.0748948 0.406595 9.99642E-05 9.99642E-05 0.396746 9.99642E-05 0.121364 9.99642E-05
0.18018 9.99645E-05 9.99645E-05 0.0631172 0.0523141 9.99645E-05 0.703988 9.99645E-05
9.99554E-05 0.295503 9.99554E-05 9.99554E-05 0.0785159 9.99554E-05 0.625481 9.99554E-05
0.0598046 0.271963 0.0124285 0.0847897 0.0500108 9.99911E-05 0.31399 0.206913
9.99645E-05 0.554579 9.99645E-05 9.99645E-05 9.99645E-05 0.0750367 0.282896 0.0870891
9.99552E-05 9.99552E-05 0.309935 9.99552E-05 0.236713 9.99552E-05 0.452852 9.99552E-05
0.0473117 9.99821E-05 0.326181 0.212122 0.297084 0.0619362 9.99821E-05 0.0551662
0.170998 9.99553E-05 9.99553E-05 0.120507 9.99553E-05 9.99553E-05 9.99553E-05 0.707995
0.328556 0.475827 9.99554E-05 9.99554E-05 9.99554E-05 9.99554E-05 9.99554E-05 0.195118
0.435474 9.99463E-05 9.99463E-05 9.99463E-05 0.563926 9.99463E-05 9.99463E-05 9.99463E-05
9.997E-05 0.535944 0.112387 0.0639774 9.997E-05 9.997E-05 0.00196914 0.285423
0.341851 0.0890426 0.146203 0.0746108 0.0456219 9.99822E-05 0.302471 9.99822E-05
0.082972 0.0875608 0.297944 9.99731E-05 0.183078 9.99731E-05 0.348145 9.99731E-05
0.226268 9.995E-05 0.575397 9.995E-05 9.995E-05 9.995E-05 0.197835 9.995E-05
0.102335 9.99642E-05 0.364247 0.274595 9.99642E-05 9.99642E-05 9.99642E-05 0.258424
9.99643E-05 0.190158 0.125006 0.357709 9.99643E-05 9.99643E-05 0.326727 9.99643E-05
9.99553E-05 9.99553E-05 0.311678 0.622437 9.99553E-05 9.99553E-05 0.0653846 9.99553E-05
0.143882 0.23338 9.99731E-05 9.99731E-05 0.194965 9.99731E-05 0.391104 0.0363689
0.0995266 0.440102 9.99552E-05 0.459871 9.99552E-05 9.99552E-05 9.99552E-05 9.99552E-05
0.410094 0.182899 9.99642E-05 0.181332 0.225275 9.99642E-05 9.99642E-05 9.99642E-05
0.0727861 0.535278 0.0963029 9.99732E-05 0.254024 9.99732E-05 0.0413098 9.99732E-05
0.469637 9.99556E-05 0.479699 9.99556E-05 9.99556E-05 9.99556E-05 0.0501647 9.99556E-05
0.0343369 0.214624 0.331826 0.0828621 9.99732E-05 9.99732E-05 9.99732E-05 0.336052
0.304252 0.151602 0.186197 0.163709 0.0852773 0.0232796 0.00238473 0.0832992
9.99464E-05 0.168986 9.99464E-05 0.830415 9.99464E-05 9.99464E-05 9.99464E-05 9.99464E-05
0.000744638 9.99732E-05 0.397015 0.485502 0.0306454 9.99732E-05 9.99732E-05 0.0857929
0.211791 0.166903 0.399349 9.99732E-05 0.130153 9.99732E-05 9.99732E-05 0.0915037
9.99554E-05 0.330438 9.99554E-05 0.41088 0.258182 9.99554E-05 9.99554E-05 9.99554E-05
9.99732E-05 0.235048 0.20631 0.373318 0.141614 9.99732E-05 9.99732E-05 0.0434096
9.99554E-05 0.104991 0.362531 9.99554E-05 0.531979 9.99554E-05 9.99554E-05 9.99554E-05
9.994E-05 9.994E-05 9.994E-05 0.9993 9.994E-05 9.994E-05 9.994E-05 9.994E-05
9.99821E-05 0.285778 0.101245 0.394915 0.0642166 9.99821E-05 0.13159 0.0220559
0.362751 0.372171 0.0899733 0.174705 9.99645E-05 9.99645E-05 9.99645E-05 9.99645E-05
9.99468E-05 0.790376 0.209024 9.99468E-05 9.99468E-05 9.99468E-05 9.99468E-05 9.99468E-05
0.155271 9.996E-05 0.101616 0.501488 9.996E-05 9.996E-05 0.241225 9.996E-05
0.0293498 9.99556E-05 0.502538 0.467613 9.99556E-05 9.99556E-05 9.99556E-05 9.99556E-05
