9.996E-05 9.996E-05 9.996E-05 9.996E-05 0.9995 9.996E-05
0.308318 9.99732E-05 0.297846 0.393536 9.99732E-05 9.99732E-05
0.318591 9.99821E-05 0.10744 0.476759 9.99821E-05 0.0970104
0.0195528 9.99822E-05 0.13827 0.577232 9.99822E-05 0.264745
0.0834015 9.99644E-05 0.916199 9.99644E-05 9.99644E-05 9.99644E-05
9.998E-05 0.406149 0.0629919 0.208091 9.998E-05 0.322569
0.112108 0.00634758 0.159965 9.99821E-05 9.99821E-05 0.721379
0.606322 0.184133 9.997E-05 0.209245 9.997E-05 9.997E-05
0.0988366 9.99732E-05 0.39611 9.99732E-05 9.99732E-05 0.504754
9.99732E-05 0.344011 0.186586 0.469103 9.99732E-05 9.99732E-05
9.99734E-05 0.101235 9.99734E-05 0.872973 9.99734E-05 0.0254916
0.533561 0.204666 0.0931846 9.99822E-05 9.99822E-05 0.168388
0.285377 0.315363 0.0905916 0.308468 9.99821E-05 9.99821E-05
9.998E-05 0.676099 0.205329 0.0228435 9.998E-05 0.0955287
0.128647 9.99735E-05 9.99735E-05 0.295493 9.99735E-05 0.57556
9.99734E-05 9.99734E-05 0.0183364 0.110102 9.99734E-05 0.871262
0.167 0.0217457 0.624429 0.186625 9.99823E-05 9.99823E-05
0.423301 9.99822E-05 0.165463 0.347466 9.99822E-05 0.0635712
0.0121685 0.407867 0.566097 9.99822E-05 9.99822E-05 0.0136677
0.197437 0.278242 9.99821E-05 0.51278 0.0113409 9.99821E-05
0.0894219 0.663564 9.99732E-05 0.246714 9.99732E-05 9.99732E-05
0.664834 0.0454627 9.99822E-05 0.272594 9.99822E-05 0.01691
9.99644E-05 0.283882 9.99644E-05 9.99644E-05 9.99644E-05 0.715718
0.124447 0.352859 0.295461 0.227033 9.99822E-05 9.99822E-05
9.99644E-05 9.99644E-05 0.376383 0.623217 9.99644E-05 9.99644E-05
0.431824 9.99732E-05 0.296967 0.270909 9.99732E-05 9.99732E-05
9.99643E-05 0.609577 9.99643E-05 9.99643E-05 9.99643E-05 0.390023
9.99642E-05 9.99642E-05 9.99642E-05 0.642212 9.99642E-05 0.357388
0.932477 9.99643E-05 0.0671235 9.99643E-05 9.99643E-05 9.99643E-05
9.99733E-05 0.335702 9.99733E-05 0.187028 9.99733E-05 0.476969
0.608336 9.99642E-05 9.99642E-05 9.99642E-05 9.99642E-05 0.391264
0.196525 0.225675 9.99822E-05 0.187719 9.99822E-05 0.38988
0.305051 9.99643E-05 9.99643E-05 9.99643E-05 9.99643E-05 0.694549
0.449194 0.20606 0.0527108 9.99821E-05 9.99821E-05 0.291836
9.99732E-05 0.108971 0.849399 9.99732E-05 9.99732E-05 0.0413304
0.623933 0.0820203 9.99823E-05 0.135922 9.99823E-05 0.157925
0.143107 0.487526 0.254556 9.99821E-05 0.114611 9.99821E-05
0.371291 0.0365407 9.999E-05 0.315544 0.0146099 0.261914
0.0568221 9.99821E-05 0.365779 0.0451154 9.99821E-05 0.532083
0.302407 9.99822E-05 9.99822E-05 0.0961666 0.0716149 0.529611
9.99732E-05 0.0400711 9.99732E-05 0.553263 9.99732E-05 0.406366
9.99645E-05 0.0550652 9.99645E-05 9.99645E-05 9.99645E-05 0.944535
0.140159 9.99732E-05 9.99732E-05 9.99732E-05 0.0444701 0.815071
9.99732E-05 0.315534 9.99732E-05 0.170971 9.99732E-05 0.513195
9.99643E-05 0.423912 9.99643E-05 0.575688 9.99643E-05 9.99643E-05
0.392686 9.99732E-05 0.303706 0.303309 9.99732E-05 9.99732E-05
9.997E-05 9.997E-05 0.463761 0.355666 9.997E-05 0.180273
0.549331 9.99733E-05 9.99733E-05 0.192246 9.99733E-05 0.258123
0.386755 9.998E-05 9.998E-05 0.476636 0.0732456 0.0631631
0.218551 9.99733E-05 0.704621 9.99733E-05 9.99733E-05 0.0765274
0.301924 9.99732E-05 0.186711 0.511066 9.99732E-05 9.99732E-05
0.485406 0.054065 9.99822E-05 0.432508 0.027821 9.99822E-05
9.99732E-05 0.669881 9.99732E-05 0.225402 9.99732E-05 0.104417
0.129364 0.378739 9.99821E-05 0.224791 9.99821E-05 0.266906
0.381834 0.025627 9.99822E-05 0.140089 0.45225 9.99822E-05
0.256688 0.170026 0.285133 9.99823E-05 9.99823E-05 0.287953
0.362411 9.99732E-05 0.225858 0.411431 9.99732E-05 9.99732E-05
0.35492 9.99734E-05 0.340432 0.304349 9.99734E-05 9.99734E-05
0.371523 9.99644E-05 9.99644E-05 0.628078 9.99644E-05 9.99644E-05
0.446474 9.99642E-05 0.553126 9.99642E-05 9.99642E-05 9.99642E-05
0.445874 9.99822E-05 0.061697 0.390542 9.99822E-05 0.101687
0.515194 0.0182116 0.266755 0.199639 9.99821E-05 9.99821E-05
0.14823 0.1052 0.738684 9.99822E-05 9.99822E-05 0.00768574
9.99821E-05 0.100357 0.10949 0.426657 9.99821E-05 0.363296
0.38438 9.99731E-05 9.99731E-05 0.584037 9.99731E-05 0.0312829
0.0998806 9.99732E-05 0.0871123 0.812707 9.99732E-05 9.99732E-05
0.747161 9.99645E-05 9.99645E-05 9.99645E-05 9.99645E-05 0.252439
0.477569 9.99732E-05 9.99732E-05 0.264396 9.99732E-05 0.257735
0.225466 9.99733E-05 0.11132 0.662915 9.99733E-05 9.99733E-05
9.99644E-05 9.99644E-05 9.99644E-05 0.578189 9.99644E-05 0.421411
9.99822E-05 0.328476 9.99822E-05 0.0804175 0.134085 0.456822
0.321806 0.44643 9.997E-05 0.231463 9.997E-05 9.997E-05
0.20583 0.599422 9.99734E-05 9.99734E-05 9.99734E-05 0.194448
0.621948 0.243977 9.99822E-05 0.0682741 9.99822E-05 0.0656009
0.108079 0.178322 0.181493 9.99822E-05 9.99822E-05 0.531906
0.232417 0.518868 0.000682386 9.99911E-05 0.0069744 0.240958
0.832292 9.99732E-05 0.0460263 9.99732E-05 9.99732E-05 0.121382
9.99733E-05 9.99733E-05 0.432026 0.431139 9.99733E-05 0.136535
0.207989 0.339218 0.020094 9.99822E-05 9.99822E-05 0.432499
0.188909 9.99733E-05 0.443503 9.99733E-05 9.99733E-05 0.367288
0.226518 9.99732E-05 9.99732E-05 0.146704 9.99732E-05 0.626479
0.937018 9.99732E-05 9.99732E-05 0.0291203 0.0335614 9.99732E-05
9.996E-05 9.996E-05 9.996E-05 9.996E-05 9.996E-05 0.9995
0.594717 9.99821E-05 9.99821E-05 0.314215 0.0147462 0.0761222
0.176765 0.0277925 9.9982E-05 0.123691 0.671552 9.9982E-05
0.267482 0.0782434 0.198832 0.455242 9.99822E-05 9.99822E-05
0.200009 9.99644E-05 9.99644E-05 9.99644E-05 9.99644E-05 0.799591
0.729314 0.00401115 9.99734E-05 0.266375 9.99734E-05 9.99734E-05
0.0780432 0.858013 9.99732E-05 9.99732E-05 9.99732E-05 0.0636443
9.99734E-05 0.199148 9.99734E-05 0.574904 9.99734E-05 0.225648
9.99731E-05 9.99731E-05 9.99731E-05 0.536854 0.0462244 0.416622
9.99822E-05 0.454734 0.32531 9.99822E-05 0.0024083 0.217348
9.99732E-05 9.99732E-05 0.273417 0.00832461 9.99732E-05 0.717959
9.998E-05 9.998E-05 0.588607 0.177862 0.0685922 0.164739
0.137427 0.0224242 9.99911E-05 0.617945 0.0281419 0.193962
0.198789 9.99732E-05 0.100193 9.99732E-05 9.99732E-05 0.700718
0.504503 9.997E-05 9.997E-05 0.25574 9.997E-05 0.239456
9.99732E-05 0.435421 9.99732E-05 0.134062 9.99732E-05 0.430217
9.99732E-05 0.575942 9.99732E-05 0.0895911 9.99732E-05 0.334167
0.131287 0.611687 9.99821E-05 0.0145792 9.99821E-05 0.242247
0.149658 9.99735E-05 9.99735E-05 0.756012 9.99735E-05 0.0940304
0.206908 9.99822E-05 9.99822E-05 0.376299 0.0289498 0.387644
0.194956 9.99733E-05 0.137743 9.99733E-05 9.99733E-05 0.667001
0.680061 9.99733E-05 0.0817192 9.99733E-05 9.99733E-05 0.23792
9.99733E-05 0.162591 0.26508 9.99733E-05 9.99733E-05 0.572029
0.662551 0.0181526 9.99821E-05 0.184846 9.99821E-05 0.134251
0.648598 0.328375 9.99732E-05 0.0227279 9.99732E-05 9.99732E-05
0.95492 9.99643E-05 9.99643E-05 0.04468 9.99643E-05 9.99643E-05
0.517563 0.169492 0.167751 9.99821E-05 9.99821E-05 0.144994
9.99822E-05 0.240181 0.164126 0.0430663 9.99822E-05 0.552427
0.481548 0.513341 9.99732E-05 0.00481115 9.99732E-05 9.99732E-05
9.99821E-05 0.0382331 0.117607 0.0751751 9.99821E-05 0.768785
9.99822E-05 0.15962 0.00752301 0.29582 9.99822E-05 0.536837
0.00501041 9.99733E-05 0.48189 0.5128 9.99733E-05 9.99733E-05
9.99642E-05 9.99642E-05 9.99642E-05 0.632326 9.99642E-05 0.367274
9.99732E-05 0.0356047 0.726473 9.99732E-05 9.99732E-05 0.237622
0.117322 0.568845 0.159111 9.99911E-05 0.0303926 0.124229
9.99733E-05 0.122519 9.99733E-05 0.422429 9.99733E-05 0.454751
9.996E-05 0.9995 9.996E-05 9.996E-05 9.996E-05 9.996E-05
9.99644E-05 0.5102 9.99644E-05 0.4894 9.99644E-05 9.99644E-05
0.291489 9.99645E-05 9.99645E-05 9.99645E-05 9.99645E-05 0.708111
9.99732E-05 0.135142 0.134216 9.99732E-05 9.99732E-05 0.730342
0.244105 9.998E-05 0.195297 0.237047 9.998E-05 0.323352
9.99732E-05 0.0613899 9.99732E-05 0.0100674 9.99732E-05 0.928243
9.99733E-05 0.0891672 0.32102 9.99733E-05 9.99733E-05 0.589513
0.136053 0.299942 9.998E-05 9.998E-05 0.0926266 0.471178
0.122335 0.178647 0.324627 9.99821E-05 9.99821E-05 0.374191
9.99822E-05 0.0655805 0.0548468 0.54972 9.99822E-05 0.329652
0.366319 0.348129 9.99822E-05 0.283499 0.00185238 9.99822E-05
0.234656 9.99645E-05 9.99645E-05 9.99645E-05 9.99645E-05 0.764944
0.468785 0.235244 9.99732E-05 9.99732E-05 9.99732E-05 0.295671
9.997E-05 9.997E-05 0.238419 0.208171 9.997E-05 0.55311
0.114879 9.99822E-05 0.216755 0.104591 9.99822E-05 0.563574
0.369461 0.0610827 0.193963 9.99822E-05 9.99822E-05 0.375294
0.591775 9.99732E-05 0.335292 0.0726332 9.99732E-05 9.99732E-05
0.486988 9.99821E-05 0.278293 0.227741 0.0067777 9.99821E-05
9.99732E-05 9.99732E-05 0.0458295 0.267837 9.99732E-05 0.686034
0.0593494 9.99733E-05 0.114533 0.825817 9.99733E-05 9.99733E-05
0.000158051 0.20425 9.99732E-05 9.99732E-05 9.99732E-05 0.795292
9.99642E-05 9.99642E-05 9.99642E-05 0.473639 9.99642E-05 0.525962
0.483955 9.99732E-05 9.99732E-05 0.124909 9.99732E-05 0.390836
9.99644E-05 9.99644E-05 0.304626 9.99644E-05 9.99644E-05 0.694975
0.0264742 9.99733E-05 0.742173 9.99733E-05 9.99733E-05 0.231053
9.99643E-05 9.99643E-05 0.661885 9.99643E-05 9.99643E-05 0.337715
0.1491 9.99822E-05 0.413991 0.403241 0.0334671 9.99822E-05
9.99642E-05 9.99642E-05 9.99642E-05 0.954913 9.99642E-05 0.0446867
0.299163 9.99732E-05 0.102373 0.598165 9.99732E-05 9.99732E-05
0.223496 9.99732E-05 0.49002 9.99732E-05 9.99732E-05 0.286184
9.99732E-05 9.99732E-05 9.99732E-05 0.536226 0.0246173 0.438857
9.99732E-05 9.99732E-05 0.177682 0.376224 9.99732E-05 0.445794
9.99733E-05 0.0218624 0.619296 9.99733E-05 9.99733E-05 0.358542
9.99733E-05 9.99733E-05 9.99733E-05 0.527644 0.0596742 0.412382
9.99821E-05 0.0223992 0.0559659 0.418143 9.99821E-05 0.503292
0.601648 9.99733E-05 9.99733E-05 0.277689 9.99733E-05 0.120363
0.38033 9.99912E-05 0.167044 0.0420699 0.0276737 0.382783
0.375487 0.00405537 0.1993 0.420957 9.99821E-05 9.99821E-05
0.644023 9.99645E-05 9.99645E-05 0.355577 9.99645E-05 9.99645E-05
