9.995E-05 9.995E-05 9.995E-05 9.995E-05 0.9994 9.995E-05 9.995E-05
9.99643E-05 0.225464 9.99643E-05 0.578574 9.99643E-05 0.195562 9.99643E-05
0.373273 9.99732E-05 9.99732E-05 0.428174 0.0698688 9.99732E-05 0.128384
0.204269 9.99644E-05 9.99644E-05 0.475011 9.99644E-05 9.99644E-05 0.32032
9.99554E-05 9.99554E-05 0.240244 0.759256 9.99554E-05 9.99554E-05 9.99554E-05
0.0808793 0.277922 0.106219 9.99822E-05 0.0119391 9.99822E-05 0.522841
0.397824 0.024379 9.99643E-05 9.99643E-05 9.99643E-05 9.99643E-05 0.577397
0.340374 0.183021 0.113981 0.362325 9.99733E-05 9.99733E-05 9.99733E-05
0.162346 0.0137061 0.420596 0.156874 9.99821E-05 9.99821E-05 0.246277
0.241911 9.99732E-05 0.226697 0.361045 9.99732E-05 0.170047 9.99732E-05
0.276214 0.0354611 0.0257048 0.261871 9.99822E-05 0.400549 9.99822E-05
0.131296 9.99643E-05 0.847692 9.99643E-05 9.99643E-05 9.99643E-05 0.0206124
0.0789831 0.410971 0.310054 0.187924 0.0118676 9.99821E-05 9.99821E-05
0.160756 0.014365 0.776034 9.99732E-05 9.99732E-05 9.99732E-05 0.0485448
0.33558 9.99733E-05 9.99733E-05 0.178195 9.99733E-05 0.483004 0.00292116
9.99555E-05 9.99555E-05 9.99555E-05 9.99555E-05 9.99555E-05 0.66464 0.33486
0.363172 9.997E-05 0.0569183 0.530963 9.997E-05 9.997E-05 0.0486476
9.99555E-05 9.99555E-05 9.99555E-05 0.865091 9.99555E-05 9.99555E-05 0.13441
0.128207 9.99555E-05 0.871294 9.99555E-05 9.99555E-05 9.99555E-05 9.99555E-05
0.399495 0.351838 9.99732E-05 0.191031 0.0573361 9.99732E-05 9.99732E-05
0.187437 0.453699 9.99732E-05 0.274851 9.99732E-05 9.99732E-05 0.0837133
9.99733E-05 0.714055 9.99733E-05 0.245192 0.00233519 9.99733E-05 0.0381177
9.99555E-05 0.189866 9.99555E-05 9.99555E-05 9.99555E-05 9.99555E-05 0.809634
9.99734E-05 0.430786 0.0726163 0.389162 9.99734E-05 9.99734E-05 0.107135
9.99645E-05 0.0129041 9.99645E-05 0.592482 9.99645E-05 0.394214 9.99645E-05
0.14857 0.310347 9.99732E-05 0.476015 9.99732E-05 0.0647679 9.99732E-05
0.49664 0.0679751 0.014933 9.99822E-05 0.0171391 9.99822E-05 0.403112
0.630768 9.99642E-05 9.99642E-05 9.99642E-05 9.99642E-05 0.230819 0.138013
0.406863 0.0921103 0.277952 0.222774 9.99732E-05 9.99732E-05 9.99732E-05
0.846758 9.99556E-05 0.152742 9.99556E-05 9.99556E-05 9.99556E-05 9.99556E-05
0.810734 0.155693 9.99643E-05 0.033173 9.99643E-05 9.99643E-05 9.99643E-05
0.995221 0.00427889 9.99554E-05 9.99554E-05 9.99554E-05 9.99554E-05 9.99554E-05
0.86866 9.99554E-05 9.99554E-05 9.99554E-05 9.99554E-05 9.99554E-05 0.13084
9.99643E-05 9.99643E-05 0.188253 0.274027 9.99643E-05 9.99643E-05 0.53732
9.99642E-05 9.99642E-05 0.466414 0.147708 9.99642E-05 9.99642E-05 0.385479
9.99556E-05 0.992655 0.00684557 9.99556E-05 9.99556E-05 9.99556E-05 9.99556E-05
0.0773114 0.311194 0.110621 9.99911E-05 0.114556 0.295924 0.0902938
0.861961 0.137539 9.99552E-05 9.99552E-05 9.99552E-05 9.99552E-05 9.99552E-05
9.997E-05 9.997E-05 0.244199 0.0553437 9.997E-05 0.395273 0.304884
0.19676 0.121568 9.99822E-05 9.99822E-05 0.0117363 0.363606 0.306129
0.895646 0.0262086 9.99642E-05 0.0777452 9.99642E-05 9.99642E-05 9.99642E-05
9.99555E-05 9.99555E-05 9.99555E-05 9.99555E-05 9.99555E-05 0.231271 0.768229
9.99642E-05 9.99642E-05 9.99642E-05 9.99642E-05 0.02312 0.190023 0.786458
0.806995 0.0272582 0.0473466 9.99732E-05 9.99732E-05 9.99732E-05 0.1181
0.661498 0.321831 9.99644E-05 9.99644E-05 0.0162715 9.99644E-05 9.99644E-05
9.99554E-05 9.99554E-05 9.99554E-05 0.985604 9.99554E-05 9.99554E-05 0.0138967
0.184 9.99821E-05 0.0500833 0.372172 9.99821E-05 0.167652 0.225892
9.99732E-05 0.227225 0.1754 9.99732E-05 9.99732E-05 0.321814 0.275261
0.081327 9.99641E-05 9.99641E-05 0.419049 9.99641E-05 0.499224 9.99641E-05
9.99555E-05 9.99555E-05 0.801501 9.99555E-05 9.99555E-05 0.197999 9.99555E-05
9.99643E-05 0.769437 9.99643E-05 0.128754 9.99643E-05 0.10141 9.99643E-05
0.0576524 0.590256 9.99644E-05 9.99644E-05 9.99644E-05 0.351692 9.99644E-05
0.39742 0.376309 0.00322999 0.0774414 9.99822E-05 9.99822E-05 0.1454
0.280676 0.3308 0.29424 9.99822E-05 9.99822E-05 0.0447151 0.0493683
9.99733E-05 0.374027 9.99733E-05 0.155662 0.396316 9.99733E-05 0.0736954
9.99644E-05 9.99644E-05 0.657192 0.0580163 9.99644E-05 0.284391 9.99644E-05
0.358193 0.0609689 9.99733E-05 0.486334 9.99733E-05 0.0942046 9.99733E-05
9.99555E-05 9.99555E-05 0.226445 0.773055 9.99555E-05 9.99555E-05 9.99555E-05
9.99555E-05 0.981309 9.99555E-05 9.99555E-05 9.99555E-05 0.0181914 9.99555E-05
9.996E-05 9.996E-05 0.172995 0.803075 9.996E-05 9.996E-05 0.0235302
0.389976 9.99733E-05 9.99733E-05 0.460282 0.0335674 0.115875 9.99733E-05
0.141957 9.997E-05 0.0332114 0.548836 9.997E-05 9.997E-05 0.275696
0.191708 9.99822E-05 0.311158 0.350622 0.0116207 9.99822E-05 0.134692
0.76783 9.99642E-05 0.0748055 9.99642E-05 9.99642E-05 9.99642E-05 0.156965
0.20612 0.0715431 9.9991E-05 0.54376 0.0183188 0.00213644 0.158022
9.99642E-05 0.732912 9.99642E-05 0.126221 9.99642E-05 0.140467 9.99642E-05
9.995E-05 9.995E-05 0.9994 9.995E-05 9.995E-05 9.995E-05 9.995E-05
0.336146 0.575864 9.99643E-05 0.0875899 9.99643E-05 9.99643E-05 9.99643E-05
9.99642E-05 0.578519 9.99642E-05 0.189764 9.99642E-05 0.231318 9.99642E-05
0.313253 0.0355013 0.270564 0.0142863 9.99911E-05 0.297473 0.0688231
0.278884 9.99822E-05 0.196085 9.99822E-05 0.0162363 0.410654 0.0979406
0.0383779 0.662752 9.99734E-05 0.213525 9.99734E-05 9.99734E-05 0.0850454
9.99734E-05 9.99734E-05 0.65794 9.99734E-05 0.0443004 0.112038 0.185422
9.99555E-05 0.825652 9.99555E-05 9.99555E-05 9.99555E-05 9.99555E-05 0.173848
0.390601 9.99733E-05 0.0381938 0.0687948 9.99733E-05 9.99733E-05 0.50211
0.0524479 0.175079 0.483859 9.99821E-05 0.0356726 9.99821E-05 0.252742
9.99643E-05 0.299755 9.99643E-05 0.32454 9.99643E-05 9.99643E-05 0.375305
0.209539 9.99732E-05 0.092841 0.312168 9.99732E-05 0.385152 9.99732E-05
9.99821E-05 0.462954 0.033039 9.99821E-05 0.0800212 0.236625 0.18716
0.254197 9.996E-05 9.996E-05 0.539825 9.996E-05 9.996E-05 0.205578
9.99552E-05 0.299104 9.99552E-05 9.99552E-05 9.99552E-05 9.99552E-05 0.700397
9.99642E-05 0.204851 9.99642E-05 0.518279 9.99642E-05 0.27647 9.99642E-05
0.10552 9.99643E-05 9.99643E-05 9.99643E-05 9.99643E-05 0.217982 0.676097
0.590046 0.316708 9.99643E-05 0.0928465 9.99643E-05 9.99643E-05 9.99643E-05
9.99641E-05 9.99641E-05 9.99641E-05 0.104354 0.802172 0.0930737 9.99641E-05
0.260157 0.00102023 0.0183963 0.694244 9.99822E-05 9.99822E-05 0.0259822
9.99553E-05 9.99553E-05 9.99553E-05 9.99553E-05 9.99553E-05 0.215961 0.783539
9.99733E-05 0.524577 0.0628968 0.39004 9.99733E-05 0.0221866 9.99733E-05
0.341493 0.407042 0.251065 9.99644E-05 9.99644E-05 9.99644E-05 9.99644E-05
0.29047 9.99733E-05 0.132266 9.99733E-05 0.0160234 0.560941 9.99733E-05
0.539241 0.313764 9.99642E-05 9.99642E-05 9.99642E-05 0.146595 9.99642E-05
0.654193 9.99734E-05 0.0536253 0.210446 9.99734E-05 9.99734E-05 0.0814364
9.99552E-05 9.99552E-05 9.99552E-05 9.99552E-05 9.99552E-05 0.218652 0.780848
0.014663 0.0162604 9.99822E-05 0.2129 9.99822E-05 0.371752 0.384225
0.386416 0.0845414 0.0345678 9.99911E-05 0.0628399 0.329038 0.102497
0.205537 9.99642E-05 0.350945 9.99642E-05 9.99642E-05 9.99642E-05 0.443119
0.314113 9.99643E-05 9.99643E-05 0.403903 9.99643E-05 9.99643E-05 0.281584
0.18479 0.071476 0.161692 9.99733E-05 9.99733E-05 9.99733E-05 0.581742
0.560401 9.99732E-05 0.386051 9.99732E-05 9.99732E-05 0.0474598 0.0057891
0.300046 0.490067 0.209488 9.99642E-05 9.99642E-05 9.99642E-05 9.99642E-05
0.254562 0.316564 9.99823E-05 0.106914 0.0293963 0.292365 9.99823E-05
0.34112 9.99643E-05 0.150258 9.99643E-05 9.99643E-05 0.508222 9.99643E-05
0.457732 0.0678495 0.145407 9.99822E-05 9.99822E-05 0.0213887 0.307423
9.99732E-05 0.428104 0.204257 9.99732E-05 9.99732E-05 0.0259128 0.341426
9.997E-05 0.251715 0.621023 9.997E-05 9.997E-05 0.0853831 0.0415793
0.00101239 0.326266 0.0294938 0.402861 9.99821E-05 0.240167 9.99821E-05
9.99643E-05 0.652567 0.290617 0.0564166 9.99643E-05 9.99643E-05 9.99643E-05
9.997E-05 0.52587 0.277377 0.0853559 9.997E-05 0.111098 9.997E-05
0.235372 9.99731E-05 0.6295 0.132574 9.99731E-05 9.99731E-05 0.00225482
0.336284 9.99555E-05 9.99555E-05 9.99555E-05 9.99555E-05 9.99555E-05 0.663216
9.99643E-05 0.510452 0.0109875 0.47816 9.99643E-05 9.99643E-05 9.99643E-05
0.386935 9.99732E-05 0.0140474 9.99732E-05 9.99732E-05 0.204735 0.393982
0.535413 9.99644E-05 9.99644E-05 9.99644E-05 9.99644E-05 0.188985 0.275202
0.0939299 0.450301 9.99733E-05 0.368828 9.99733E-05 9.99733E-05 0.0866417
0.419518 9.99731E-05 9.99731E-05 0.167794 9.99731E-05 0.334778 0.07761
0.142032 9.99732E-05 0.471303 0.0277437 9.99732E-05 9.99732E-05 0.358621
0.255936 9.99822E-05 0.241882 0.34363 0.131105 0.0272476 9.99822E-05
0.293872 0.0319124 0.0972284 0.291674 9.99822E-05 9.99822E-05 0.285113
0.182055 9.99734E-05 0.527632 0.100463 0.189549 9.99734E-05 9.99734E-05
0.227938 0.20213 9.99733E-05 0.215074 9.99733E-05 0.354558 9.99733E-05
0.0867308 0.184977 0.60493 9.99822E-05 9.99822E-05 0.105579 0.0175835
9.996E-05 9.996E-05 0.125443 9.996E-05 9.996E-05 0.288958 0.585199
9.99733E-05 9.99733E-05 0.422951 0.120719 9.99733E-05 0.445401 0.0106288
9.99643E-05 0.428362 9.99643E-05 9.99643E-05 9.99643E-05 0.0311487 0.540089
0.289474 0.0507043 0.318331 9.99821E-05 0.017711 9.99821E-05 0.32358
0.0940205 9.99734E-05 9.99734E-05 9.99734E-05 0.0677163 0.513266 0.324698
9.99553E-05 0.293844 9.99553E-05 9.99553E-05 9.99553E-05 9.99553E-05 0.705656
0.277817 9.99822E-05 9.99822E-05 0.474322 0.0220668 0.0469936 0.1786
9.99644E-05 0.557423 9.99644E-05 0.405506 0.036671 9.99644E-05 9.99644E-05
0.0121466 0.130704 0.265284 9.99822E-05 9.99822E-05 0.358214 0.233452
0.494863 0.0683356 0.436402 9.99642E-05 9.99642E-05 9.99642E-05 9.99642E-05
0.169585 9.99643E-05 9.99643E-05 9.99643E-05 9.99643E-05 0.456743 0.373273
0.153634 9.996E-05 0.151301 9.996E-05 9.996E-05 9.996E-05 0.694665
9.99732E-05 0.244861 0.046544 0.208354 9.99732E-05 9.99732E-05 0.499941
9.99553E-05 0.202056 9.99553E-05 0.797444 9.99553E-05 9.99553E-05 9.99553E-05
9.997E-05 0.237271 9.997E-05 0.569318 9.997E-05 0.19062 0.00249139
0.249927 0.0621572 9.99732E-05 9.99732E-05 9.99732E-05 0.38503 0.302586
0.211874 0.685436 9.99732E-05 0.0344784 9.99732E-05 0.0679112 9.99732E-05
0.313286 9.99732E-05 0.00941191 0.0522664 9.99732E-05 9.99732E-05 0.624736
0.168968 0.136469 9.99821E-05 0.022955 9.99821E-05 0.464454 0.206954
0.283945 9.997E-05 9.997E-05 0.26458 9.997E-05 0.18797 0.263206
9.99555E-05 9.99555E-05 9.99555E-05 0.106066 9.99555E-05 9.99555E-05 0.893434
9.99555E-05 9.99555E-05 0.674167 9.99555E-05 9.99555E-05 9.99555E-05 0.325333
9.99643E-05 9.99643E-05 0.328694 0.111457 9.99643E-05 9.99643E-05 0.559449
9.999E-05 0.340102 0.0602952 0.243012 0.0384529 0.290594 0.0274433
0.62266 0.152428 9.99731E-05 0.0654505 9.99731E-05 0.159161 9.99731E-05
9.99554E-05 0.308567 9.99554E-05 0.690933 9.99554E-05 9.99554E-05 9.99554E-05
9.99821E-05 0.0595256 0.055194 0.280793 9.99821E-05 0.154974 0.449313
0.55339 9.998E-05 9.998E-05 0.180535 0.00219942 0.0145838 0.249092
0.373427 9.997E-05 0.0665543 0.235861 9.997E-05 9.997E-05 0.323858
0.155066 9.99734E-05 9.99734E-05 9.99734E-05 0.00772805 0.0699089 0.766998
0.993683 0.0058172 9.99556E-05 9.99556E-05 9.99556E-05 9.99556E-05 9.99556E-05
0.48412 9.99732E-05 0.20321 0.0457783 9.99732E-05 9.99732E-05 0.266593
9.99556E-05 0.599229 9.99556E-05 9.99556E-05 9.99556E-05 0.400271 9.99556E-05
9.99555E-05 9.99555E-05 9.99555E-05 0.142931 9.99555E-05 0.85657 9.99555E-05
0.229161 0.644738 9.99732E-05 0.0954715 9.99732E-05 9.99732E-05 0.0303304
0.0742048 0.158434 9.997E-05 0.243336 9.997E-05 0.523725 9.997E-05
