9.997E-05 9.997E-05 0.9996 9.997E-05 9.997E-05
9.99732E-05 9.99732E-05 9.99732E-05 0.715318 0.284382
0.170783 9.99822E-05 9.99822E-05 0.243104 0.585913
0.314411 9.99911E-05 0.0317745 0.293001 0.360713
0.111877 9.99733E-05 9.99733E-05 0.887823 9.99733E-05
0.352604 0.458199 0.0111534 9.99911E-05 0.177943
0.9996 9.997E-05 9.997E-05 9.997E-05 9.997E-05
9.99821E-05 0.163141 9.99821E-05 0.493922 0.342736
0.973789 0.0259109 9.99732E-05 9.99732E-05 9.99732E-05
0.271937 0.0740535 9.99911E-05 0.402714 0.251196
9.99822E-05 0.0540238 9.99822E-05 0.265795 0.679981
0.230974 0.590245 9.99821E-05 0.178581 9.99821E-05
9.99822E-05 0.165326 9.99822E-05 0.382991 0.451483
0.191837 0.642683 9.99911E-05 0.144436 0.0209434
0.420812 9.99823E-05 9.99823E-05 0.120214 0.458774
0.980379 9.99734E-05 9.99734E-05 0.0193214 9.99734E-05
0.334919 0.204705 9.99822E-05 0.460175 9.99822E-05
0.134577 9.99822E-05 9.99822E-05 0.68885 0.176373
0.206354 0.728818 9.99822E-05 0.0646281 9.99822E-05
0.0844211 9.99821E-05 9.99821E-05 0.175634 0.739745
9.99821E-05 0.390475 9.99821E-05 0.199685 0.40964
9.99822E-05 0.394094 9.99822E-05 0.092863 0.512843
0.54687 0.45283 9.99732E-05 9.99732E-05 9.99732E-05
0.00951575 0.687523 9.99822E-05 0.302761 9.99822E-05
9.99734E-05 9.99734E-05 9.99734E-05 0.711189 0.288511
9.99732E-05 9.99732E-05 9.99732E-05 0.601825 0.397875
0.777567 0.222133 9.99733E-05 9.99733E-05 9.99733E-05
0.157449 0.109508 9.99821E-05 9.99821E-05 0.732843
0.0463596 0.269164 9.99911E-05 0.446776 0.237601
0.287971 0.52711 9.99822E-05 9.99822E-05 0.184718
0.271157 9.99731E-05 9.99731E-05 9.99731E-05 0.728543
0.240055 0.109501 9.99821E-05 9.99821E-05 0.650244
0.637417 0.0985454 9.99822E-05 9.99822E-05 0.263838
0.527767 0.0373732 9.99822E-05 0.434659 9.99822E-05
0.392683 0.113411 9.99821E-05 0.493707 9.99821E-05
9.99822E-05 0.363741 9.99822E-05 0.384946 0.251113
0.245201 0.419923 0.122535 0.212241 9.99911E-05
0.134156 9.99732E-05 9.99732E-05 9.99732E-05 0.865544
0.525468 9.99732E-05 9.99732E-05 0.474232 9.99732E-05
0.196503 9.99734E-05 9.99734E-05 9.99734E-05 0.803197
0.141009 9.99821E-05 9.99821E-05 0.0692593 0.789532
0.959525 0.0401746 9.99734E-05 9.99734E-05 9.99734E-05
0.7217 0.278 9.99732E-05 9.99732E-05 9.99732E-05
0.715638 0.0397965 9.99822E-05 9.99822E-05 0.244366
9.99823E-05 0.099386 9.99823E-05 0.133427 0.766987
9.99822E-05 0.0467334 9.99822E-05 0.803733 0.149334
0.408831 0.199414 9.99911E-05 0.201567 0.190088
0.0774827 0.565192 9.99821E-05 9.99821E-05 0.357126
9.99732E-05 9.99732E-05 9.99732E-05 0.17217 0.82753
0.290709 0.388418 9.99823E-05 0.320673 9.99823E-05
9.99821E-05 0.0681555 9.99821E-05 0.38321 0.548434
9.99734E-05 9.99734E-05 9.99734E-05 0.00623045 0.99347
0.226516 0.415932 9.99822E-05 9.99822E-05 0.357353
9.99733E-05 0.778824 9.99733E-05 9.99733E-05 0.220876
9.99911E-05 0.175096 0.466924 0.219615 0.138266
0.0627441 0.869061 0.0679954 9.99823E-05 9.99823E-05
9.99732E-05 9.99732E-05 9.99732E-05 0.620924 0.378776
0.1233 9.99733E-05 9.99733E-05 0.8764 9.99733E-05
9.99911E-05 0.303536 0.0182918 0.0385505 0.639521
9.99732E-05 0.201397 9.99732E-05 0.798303 9.99732E-05
0.0599244 9.99822E-05 9.99822E-05 0.390015 0.549861
0.137264 0.114849 0.00929676 0.593984 0.144606
0.348869 0.0691101 9.99822E-05 0.581821 9.99822E-05
0.376366 9.99732E-05 9.99732E-05 9.99732E-05 0.623334
0.105919 9.99821E-05 9.99821E-05 0.204348 0.689533
9.99733E-05 9.99733E-05 9.99733E-05 0.243095 0.756605
9.997E-05 0.9996 9.997E-05 9.997E-05 9.997E-05
0.131538 0.0576944 9.99911E-05 0.0596693 0.750998
9.99822E-05 0.0330269 9.99822E-05 0.492169 0.474605
0.310648 0.142349 9.99911E-05 0.114135 0.432768
0.584145 9.99823E-05 0.0649897 9.99823E-05 0.350665
9.99822E-05 0.421387 9.99822E-05 0.381264 0.197149
9.99733E-05 0.888709 9.99733E-05 0.110991 9.99733E-05
9.99732E-05 0.602418 9.99732E-05 9.99732E-05 0.397282
0.554344 0.445356 9.99733E-05 9.99733E-05 9.99733E-05
0.267032 0.662637 0.0701311 9.99821E-05 9.99821E-05
0.128003 0.244877 9.99911E-05 0.23684 0.39018
0.275841 9.99822E-05 9.99822E-05 0.428878 0.295081
0.0615494 0.938151 9.99733E-05 9.99733E-05 9.99733E-05
0.30077 9.99822E-05 9.99822E-05 0.508611 0.190419
0.509004 9.99732E-05 9.99732E-05 9.99732E-05 0.490696
9.99821E-05 9.99821E-05 0.0291369 0.470948 0.499715
0.9996 9.997E-05 9.997E-05 9.997E-05 9.997E-05
0.00552884 0.173359 9.99911E-05 0.157527 0.663485
9.9982E-05 9.9982E-05 0.63792 0.0276757 0.334205
0.213362 9.99822E-05 9.99822E-05 0.654207 0.132231
0.530769 0.395956 9.99822E-05 9.99822E-05 0.0730752
9.99822E-05 0.449105 9.99822E-05 0.279029 0.271666
0.149392 0.601844 9.99822E-05 9.99822E-05 0.248564
9.99734E-05 0.447753 9.99734E-05 9.99734E-05 0.551947
0.10095 9.99732E-05 9.99732E-05 9.99732E-05 0.89875
0.38089 0.28585 0.0494761 0.283684 9.99911E-05
0.85295 9.99732E-05 9.99732E-05 0.14675 9.99732E-05
0.71608 9.99822E-05 9.99822E-05 0.274302 0.00941802
9.99733E-05 0.335805 9.99733E-05 9.99733E-05 0.663895
0.789973 0.209728 9.99733E-05 9.99733E-05 9.99733E-05
0.300803 9.99821E-05 9.99821E-05 0.399822 0.299175
0.29529 0.634475 9.99911E-05 0.00107665 0.0690578
0.372908 0.378621 9.99821E-05 9.99821E-05 0.248271
0.0361413 0.524061 9.99821E-05 9.99821E-05 0.439598
9.99911E-05 0.184252 0.0469705 0.0383323 0.730345
0.208528 0.227992 9.99822E-05 9.99822E-05 0.56328
0.53823 0.0278834 9.99911E-05 0.120747 0.31304
0.271433 0.556619 9.99821E-05 9.99821E-05 0.171748
0.472517 0.527183 9.99733E-05 9.99733E-05 9.99733E-05
9.99821E-05 0.293823 9.99821E-05 0.474652 0.231325
9.99821E-05 0.599775 9.99821E-05 0.290189 0.109837
9.99911E-05 0.440814 0.0352874 0.160226 0.363572
0.327416 0.299558 9.99911E-05 0.3552 0.0177259
0.781809 0.0657243 9.99822E-05 9.99822E-05 0.152267
9.99911E-05 0.291813 0.0141102 0.622549 0.0714279
0.960555 9.99732E-05 9.99732E-05 9.99732E-05 0.0391448
0.800505 9.99733E-05 9.99733E-05 9.99733E-05 0.199196
0.16995 9.99822E-05 9.99822E-05 0.466021 0.36383
0.466555 9.99821E-05 9.99821E-05 0.103298 0.429947
0.49662 0.0501521 0.0372395 0.415889 9.99911E-05
0.13474 0.358015 0.153862 0.353283 9.99911E-05
0.442183 0.0404087 9.99911E-05 0.357355 0.159953
9.99822E-05 0.732771 0.13782 0.129209 9.99822E-05
9.99822E-05 0.466129 9.99822E-05 0.248986 0.284685
0.381555 0.618145 9.99733E-05 9.99733E-05 9.99733E-05
0.946956 0.0527439 9.99733E-05 9.99733E-05 9.99733E-05
9.99732E-05 0.628429 9.99732E-05 9.99732E-05 0.371271
0.701726 0.267215 9.99821E-05 9.99821E-05 0.0308592
0.577304 0.376655 0.0186608 0.0272796 9.99911E-05
0.141685 0.537598 0.213634 9.99911E-05 0.106983
0.662309 0.241283 9.99821E-05 0.0962084 9.99821E-05
0.198688 0.140559 9.99911E-05 0.376551 0.284102
9.99911E-05 0.332341 0.0820234 0.430061 0.155475
0.629275 0.224888 9.99822E-05 0.145636 9.99822E-05
0.0961136 0.629969 9.99821E-05 9.99821E-05 0.273717
0.921991 9.99733E-05 9.99733E-05 0.0777089 9.99733E-05
0.409604 0.452001 9.99822E-05 9.99822E-05 0.138195
0.310649 0.349108 9.99911E-05 0.160514 0.179629
9.99732E-05 9.99732E-05 9.99732E-05 0.879632 0.120068
0.16457 0.0448234 9.99911E-05 0.695197 0.0953095
0.631193 9.99733E-05 9.99733E-05 9.99733E-05 0.368507
9.99733E-05 9.99733E-05 9.99733E-05 0.193779 0.805921
0.693034 0.178796 9.99821E-05 9.99821E-05 0.12797
0.249508 9.99732E-05 9.99732E-05 9.99732E-05 0.750192
0.44065 9.99821E-05 9.99821E-05 0.170211 0.388939
0.998004 9.99734E-05 9.99734E-05 0.00169617 9.99734E-05
0.414519 0.264908 9.99823E-05 0.320373 9.99823E-05
0.730086 9.99733E-05 9.99733E-05 0.269614 9.99733E-05
0.09761 0.0439178 9.99911E-05 0.450497 0.407875
9.99742E-05 9.99742E-05 9.99742E-05 0.0788941 0.920806
9.99733E-05 9.99733E-05 9.99733E-05 0.529343 0.470357
0.629786 9.99733E-05 9.99733E-05 0.369914 9.99733E-05
0.215379 9.99911E-05 0.0355621 0.0399366 0.709022
0.495572 0.0893668 9.9991E-05 0.184384 0.230577
0.919055 9.99734E-05 9.99734E-05 0.0806451 9.99734E-05
9.997E-05 9.997E-05 9.997E-05 9.997E-05 0.9996
0.483348 0.291706 9.99911E-05 0.157982 0.0668638
9.99823E-05 0.0428992 9.99823E-05 0.104276 0.852625
0.556975 9.99911E-05 0.100259 0.273222 0.0694438
9.99821E-05 0.12321 9.99821E-05 0.255393 0.621197
9.99822E-05 9.99822E-05 0.000452656 0.35195 0.647397
