0.247523 0.752377 9.99917E-05
9.999E-05 0.54174 0.45816
0.11407 0.300349 0.585581
0.48821 0.158882 0.352908
9.99911E-05 0.815262 0.184638
0.43186 9.99911E-05 0.56804
0.755896 0.0475952 0.196509
9.999E-05 0.484383 0.515517
0.705448 0.294452 9.9991E-05
0.128002 0.35869 0.513308
0.19628 9.99911E-05 0.80362
0.353335 0.646565 9.99911E-05
9.99911E-05 0.466121 0.533779
0.463888 0.536012 9.99911E-05
0.475243 0.196261 0.328496
0.9998 9.999E-05 9.999E-05
0.0895408 0.704376 0.206084
0.151574 0.467953 0.380473
0.484488 0.515412 9.99911E-05
9.99911E-05 0.179619 0.820281
9.99911E-05 0.0205898 0.97931
9.99911E-05 0.172189 0.827711
0.9998 9.999E-05 9.999E-05
0.192009 0.336046 0.471946
9.99911E-05 0.584588 0.415312
0.100127 0.515619 0.384254
0.900717 0.0991832 9.99911E-05
0.67148 9.99911E-05 0.32842
9.99911E-05 0.717831 0.282069
0.554983 0.296106 0.148912
0.229445 0.0212588 0.749296
0.197547 9.99911E-05 0.802353
0.672627 9.99911E-05 0.327273
0.408052 0.591848 9.99911E-05
0.347948 0.651952 9.99911E-05
9.99911E-05 0.0218013 0.978099
0.33385 0.582354 0.0837967
9.999E-05 9.999E-05 0.9998
0.801225 0.198675 9.99911E-05
0.364207 9.99911E-05 0.635693
0.220423 9.99911E-05 0.779477
0.9998 9.999E-05 9.999E-05
0.852114 0.147786 9.99911E-05
0.709685 9.99911E-05 0.290215
0.00747749 9.99911E-05 0.992423
9.99911E-05 0.905697 0.0942033
0.684583 0.315317 9.99911E-05
0.667856 9.99911E-05 0.332044
0.0661634 0.00246854 0.931368
0.35846 0.64144 9.99911E-05
9.99911E-05 0.0983087 0.901591
9.999E-05 9.999E-05 0.9998
0.448299 9.99911E-05 0.551601
0.442742 9.99911E-05 0.557158
9.99912E-05 0.65402 0.34588
0.710569 0.0524081 0.237023
0.0792769 0.238501 0.682223
9.99911E-05 0.513296 0.486604
9.99911E-05 0.155397 0.844503
0.0229752 0.976925 9.99911E-05
0.11869 0.233174 0.648136
0.147988 0.835888 0.0161242
0.451037 0.548863 9.99911E-05
0.497326 9.99911E-05 0.502574
0.29789 0.172924 0.529185
9.99911E-05 0.281015 0.718885
0.715708 0.185598 0.0986939
0.0702216 0.191419 0.738359
9.99911E-05 0.198427 0.801473
0.651492 9.99911E-05 0.348408
0.825945 9.99912E-05 0.173955
9.99911E-05 0.0447263 0.955174
0.554975 0.444925 9.99911E-05
0.270526 9.99911E-05 0.729374
0.498899 0.0809001 0.420201
0.490854 0.259036 0.25011
0.0800703 0.485365 0.434565
0.153539 0.218667 0.627794
0.9998 9.999E-05 9.999E-05
0.407642 0.497701 0.0946576
0.766368 9.99911E-05 0.233532
0.245992 0.54487 0.209138
0.9998 9.999E-05 9.999E-05
0.067685 0.277096 0.655219
0.4317 0.145307 0.422993
9.99911E-05 0.542991 0.456909
0.81928 9.99911E-05 0.18062
9.99911E-05 0.248053 0.751847
0.545615 0.0571562 0.397229
9.999E-05 9.999E-05 0.9998
0.0620612 9.99911E-05 0.937839
0.43229 0.56761 9.99911E-05
0.885672 0.114228 9.99911E-05
0.652401 0.121573 0.226026
0.506851 9.99911E-05 0.493049
0.9998 9.999E-05 9.999E-05
0.590245 0.273976 0.135779
0.71726 0.0453565 0.237384
0.68224 0.0644541 0.253306
0.57807 9.99911E-05 0.42183
0.103522 0.158522 0.737956
0.6044 9.99911E-05 0.3955
0.671555 0.124957 0.203488
0.640264 0.107068 0.252667
0.90286 0.0970402 9.99911E-05
0.0235816 9.99911E-05 0.976318
9.99911E-05 0.572841 0.427059
0.157568 0.191734 0.650698
0.326117 0.673783 9.99911E-05
0.91446 0.051303 0.0342368
9.99911E-05 0.684985 0.314915
0.9998 9.999E-05 9.999E-05
0.565319 9.99911E-05 0.434581
9.99911E-05 0.0861421 0.913758
0.395258 9.99911E-05 0.604642
0.670246 0.329654 9.99911E-05
0.4357 0.5642 9.99911E-05
0.442915 0.257273 0.299812
0.644966 0.354934 9.99912E-05
0.278303 0.0873188 0.634378
0.908272 0.0916278 9.99911E-05
0.9998 9.999E-05 9.999E-05
0.521037 0.1339 0.345063
0.9998 9.999E-05 9.999E-05
0.9998 9.999E-05 9.999E-05
0.776847 9.99912E-05 0.223053
0.542696 0.457204 9.9991E-05
0.277171 0.549589 0.17324
0.117496 0.0944197 0.788085
0.789812 0.210088 9.99911E-05
0.51432 0.200093 0.285586
0.9998 9.999E-05 9.999E-05
0.9998 9.999E-05 9.999E-05
0.368455 0.529476 0.102069
9.9991E-05 0.981553 0.0183471
0.110039 0.526312 0.363649
0.860058 0.048214 0.0917277
0.117633 9.99911E-05 0.882267
0.847187 0.108779 0.0440342
0.538437 9.99911E-05 0.461463
0.306613 0.235118 0.458269
0.9998 9.999E-05 9.999E-05
0.576056 0.423844 9.99911E-05
0.662809 0.337091 9.99911E-05
0.0653002 0.6807 0.254
9.999E-05 9.999E-05 0.9998
9.99911E-05 0.14645 0.85345
0.407783 0.592117 9.99911E-05
0.603591 9.99911E-05 0.396309
0.79505 0.100597 0.104353
0.646175 0.353725 9.99911E-05
9.999E-05 9.999E-05 0.9998
0.782307 9.99911E-05 0.217593
9.999E-05 9.999E-05 0.9998
0.323552 0.30117 0.375278
9.99911E-05 0.186474 0.813426
9.99911E-05 0.124737 0.875163
