9.997E-05 9.997E-05 9.997E-05 9.997E-05 0.9996
0.271873 9.99732E-05 0.727827 9.99732E-05 9.99732E-05
0.152403 9.99911E-05 0.525913 0.269366 0.0522181
0.494081 9.99911E-05 0.0951403 0.408588 0.00209028
0.441084 0.542835 9.99822E-05 0.0158812 9.99822E-05
9.99822E-05 0.348349 0.192402 0.459049 9.99822E-05
9.99732E-05 0.0886533 9.99732E-05 0.911047 9.99732E-05
9.99732E-05 0.44921 0.55049 9.99732E-05 9.99732E-05
9.99732E-05 0.557271 9.99732E-05 0.442429 9.99732E-05
9.99821E-05 0.310298 0.53233 0.157172 9.99821E-05
0.0840633 9.99823E-05 0.816751 0.0989863 9.99823E-05
9.99732E-05 0.933619 9.99732E-05 9.99732E-05 0.066081
0.0780438 0.227861 0.693895 9.99821E-05 9.99821E-05
0.0596045 0.867172 9.99822E-05 0.073024 9.99822E-05
0.68973 9.99911E-05 0.0247892 0.273879 0.0115022
0.0406171 9.99735E-05 9.99735E-05 0.959083 9.99735E-05
0.330958 0.0717246 0.265323 0.331894 9.99911E-05
0.823159 9.99733E-05 0.176541 9.99733E-05 9.99733E-05
0.00878827 0.781427 0.0431894 0.166495 9.99911E-05
9.99732E-05 9.99732E-05 0.962428 0.0372716 9.99732E-05
9.99733E-05 0.29233 0.70737 9.99733E-05 9.99733E-05
9.99822E-05 0.0790356 0.801102 0.119662 9.99822E-05
9.99733E-05 0.329044 9.99733E-05 0.670656 9.99733E-05
0.103559 0.474608 0.421633 9.99822E-05 9.99822E-05
0.254662 9.99734E-05 0.745038 9.99734E-05 9.99734E-05
0.38128 0.0883032 0.530217 9.99822E-05 9.99822E-05
9.99733E-05 0.417967 9.99733E-05 0.581733 9.99733E-05
0.0415388 9.99821E-05 0.284432 0.67383 9.99821E-05
0.270603 0.176919 0.552278 9.99821E-05 9.99821E-05
0.254485 0.102398 9.99822E-05 0.642916 9.99822E-05
9.99822E-05 9.99822E-05 0.478856 0.516325 0.004619
9.99732E-05 9.99732E-05 0.46026 0.53944 9.99732E-05
9.997E-05 9.997E-05 9.997E-05 0.9996 9.997E-05
0.406903 0.210929 9.99821E-05 0.381967 9.99821E-05
0.736781 0.262919 9.99731E-05 9.99731E-05 9.99731E-05
9.99734E-05 0.335528 0.664172 9.99734E-05 9.99734E-05
9.99911E-05 0.736675 0.156732 0.0660923 0.0404009
9.99732E-05 9.99732E-05 0.397208 0.602492 9.99732E-05
0.844336 9.99732E-05 9.99732E-05 0.155365 9.99732E-05
0.289429 9.99911E-05 0.372405 0.30901 0.0290553
0.0284409 9.99821E-05 0.396132 0.575227 9.99821E-05
0.0542641 9.99733E-05 9.99733E-05 0.945436 9.99733E-05
0.25587 9.99732E-05 9.99732E-05 0.74383 9.99732E-05
9.99732E-05 0.237161 9.99732E-05 0.762539 9.99732E-05
9.99733E-05 9.99733E-05 0.860105 0.139595 9.99733E-05
0.647388 0.00906765 0.343345 9.99822E-05 9.99822E-05
0.385156 0.222837 0.131644 0.260263 9.99911E-05
0.205236 9.99822E-05 0.373783 0.420781 9.99822E-05
0.332692 9.99821E-05 0.495593 9.99821E-05 0.171514
0.285592 0.714108 9.99734E-05 9.99734E-05 9.99734E-05
0.025491 9.99821E-05 0.86105 0.113259 9.99821E-05
9.99734E-05 9.99734E-05 0.934284 9.99734E-05 0.0654166
9.99822E-05 0.101655 0.459015 0.43913 9.99822E-05
9.99822E-05 0.465808 0.304596 0.229396 9.99822E-05
9.99821E-05 0.248163 0.160578 9.99821E-05 0.591058
0.404413 0.478398 9.99823E-05 0.116989 9.99823E-05
0.566479 9.99732E-05 0.433221 9.99732E-05 9.99732E-05
0.543725 0.324516 0.131559 9.99822E-05 9.99822E-05
9.997E-05 9.997E-05 0.9996 9.997E-05 9.997E-05
0.816287 0.1721 0.0114128 9.99821E-05 9.99821E-05
0.27659 9.99822E-05 0.542622 0.180588 9.99822E-05
0.729034 0.101804 0.107464 0.0615971 9.99911E-05
0.167209 0.469615 0.234234 0.128843 9.99911E-05
9.99732E-05 9.99732E-05 0.254213 0.745487 9.99732E-05
0.155614 9.99821E-05 0.57456 0.269626 9.99821E-05
0.122846 9.99732E-05 0.876854 9.99732E-05 9.99732E-05
9.99734E-05 0.651948 9.99734E-05 0.347752 9.99734E-05
0.13861 9.99822E-05 0.732842 0.128348 9.99822E-05
0.269815 9.99732E-05 0.729885 9.99732E-05 9.99732E-05
0.0550492 9.99822E-05 0.402003 0.542748 9.99822E-05
9.99911E-05 0.206664 0.187272 0.551485 0.0544783
9.99734E-05 0.0705541 0.929146 9.99734E-05 9.99734E-05
0.300023 0.607294 9.99822E-05 9.99822E-05 0.0924822
0.106338 0.119409 0.699575 0.0745785 9.99911E-05
0.31013 0.11263 9.99821E-05 0.57704 9.99821E-05
9.99911E-05 0.524088 0.218093 0.184844 0.0728749
0.226763 9.99822E-05 0.474135 0.298902 9.99822E-05
0.383379 9.99822E-05 0.469726 0.146695 9.99822E-05
9.99821E-05 0.368677 9.99821E-05 0.481349 0.149774
0.9996 9.997E-05 9.997E-05 9.997E-05 9.997E-05
0.0389412 9.99822E-05 0.266786 0.694073 9.99822E-05
0.391279 0.203392 0.314467 0.0268752 0.0639867
9.997E-05 9.997E-05 9.997E-05 0.9996 9.997E-05
0.0745484 9.99822E-05 0.669059 0.256193 9.99822E-05
0.0628594 9.9982E-05 9.9982E-05 0.133771 0.80317
0.634552 9.99822E-05 0.294519 0.0707298 9.99822E-05
0.343956 9.99821E-05 9.99821E-05 0.653761 0.00208315
0.472634 9.99733E-05 0.527066 9.99733E-05 9.99733E-05
9.99822E-05 0.533782 0.246972 0.219046 9.99822E-05
0.523122 0.00523124 0.264632 0.184428 0.0225872
9.99821E-05 0.0435852 0.656908 0.299307 9.99821E-05
0.262524 0.31572 9.99822E-05 0.421556 9.99822E-05
0.323087 9.99732E-05 9.99732E-05 0.676614 9.99732E-05
0.0695033 0.204552 0.290882 0.434962 9.99911E-05
9.99733E-05 9.99733E-05 0.506835 0.492866 9.99733E-05
9.99732E-05 0.375411 9.99732E-05 0.624289 9.99732E-05
0.260194 9.99822E-05 0.283819 0.455786 9.99822E-05
0.291043 0.110761 9.99822E-05 0.597996 9.99822E-05
0.0161491 0.404252 0.26933 0.310169 9.99911E-05
9.99821E-05 0.305412 0.332507 0.361882 9.99821E-05
0.119781 9.99911E-05 0.407859 0.325115 0.147145
0.187154 9.99822E-05 0.333283 0.479363 9.99822E-05
0.243595 0.296585 9.99822E-05 0.459621 9.99822E-05
9.99822E-05 0.233577 0.448883 0.31734 9.99822E-05
9.99733E-05 0.760438 9.99733E-05 0.239262 9.99733E-05
0.192894 0.0265399 0.569439 0.211028 9.99911E-05
9.99732E-05 0.390402 0.609298 9.99732E-05 9.99732E-05
9.99821E-05 0.322443 0.604185 9.99821E-05 0.0731724
9.9991E-05 0.795097 0.165533 0.011265 0.028005
9.99822E-05 0.155341 0.0919976 0.752461 9.99822E-05
0.181257 0.377201 0.441342 9.99822E-05 9.99822E-05
0.28194 9.99732E-05 9.99732E-05 0.71776 9.99732E-05
9.99822E-05 0.129326 0.0941581 0.776316 9.99822E-05
0.311326 9.99734E-05 0.688374 9.99734E-05 9.99734E-05
0.509665 9.99821E-05 0.0337148 0.45642 9.99821E-05
0.0110095 0.59283 9.99911E-05 0.385228 0.0108324
0.330087 0.618637 9.99822E-05 9.99822E-05 0.0510761
0.536185 9.99822E-05 0.266208 0.197408 9.99822E-05
0.142309 0.827283 9.99911E-05 0.0130527 0.0172559
0.390338 9.99822E-05 0.381861 0.227601 9.99822E-05
9.99733E-05 0.414055 9.99733E-05 0.585646 9.99733E-05
9.99733E-05 0.20645 9.99733E-05 0.793251 9.99733E-05
0.523926 9.99822E-05 0.153215 0.322659 9.99822E-05
0.0535169 9.99733E-05 9.99733E-05 0.946183 9.99733E-05
9.99822E-05 0.245952 0.127309 0.626539 9.99822E-05
0.263656 9.99822E-05 9.99822E-05 0.415674 0.320471
9.99821E-05 0.21383 0.383423 0.402548 9.99821E-05
0.1913 0.29781 0.282965 0.227825 9.99911E-05
9.99822E-05 0.524141 0.392925 9.99822E-05 0.0827344
0.29067 0.400484 0.0462857 0.246124 0.0164357
9.99732E-05 0.498321 9.99732E-05 0.501379 9.99732E-05
0.127198 0.165864 9.99822E-05 0.706737 9.99822E-05
9.99733E-05 0.306196 9.99733E-05 0.693504 9.99733E-05
0.503143 0.00887261 0.215705 0.272179 9.99911E-05
0.363117 9.99732E-05 0.636583 9.99732E-05 9.99732E-05
0.268814 0.196539 0.534447 9.99821E-05 9.99821E-05
9.99911E-05 0.0531594 0.0934151 0.828666 0.0246594
9.99733E-05 9.99733E-05 0.927047 0.0726531 9.99733E-05
9.99732E-05 0.188416 9.99732E-05 0.811284 9.99732E-05
0.107467 9.99911E-05 0.250765 0.586662 0.0550067
0.167658 0.128273 0.31848 0.320816 0.0647726
0.435028 9.99733E-05 9.99733E-05 0.564673 9.99733E-05
0.171871 0.540962 9.99822E-05 0.286967 9.99822E-05
0.358483 0.309259 9.99822E-05 0.332058 9.99822E-05
0.253872 0.228824 0.374481 0.134535 0.00828786
0.082858 9.99911E-05 0.764464 0.144412 0.00816642
9.997E-05 9.997E-05 0.9996 9.997E-05 9.997E-05
0.283676 0.397785 9.99821E-05 0.318339 9.99821E-05
0.0460061 9.99911E-05 0.37442 0.531917 0.0475571
0.207434 0.149565 0.0551262 0.587775 9.99911E-05
0.516326 9.99734E-05 9.99734E-05 0.483374 9.99734E-05
9.99733E-05 9.99733E-05 0.60667 0.39303 9.99733E-05
0.101666 0.0691537 0.0684038 0.760677 9.99911E-05
0.121892 9.99822E-05 0.825527 0.0523801 9.99822E-05
0.609308 9.99911E-05 0.142326 0.205069 0.0431958
9.99821E-05 0.0845047 0.903415 0.0118799 9.99821E-05
0.251031 9.99823E-05 0.74043 9.99823E-05 0.00833934
