9.995E-05 9.995E-05 9.995E-05 0.9994 9.995E-05 9.995E-05 9.995E-05
0.17113 9.99643E-05 0.470676 9.99643E-05 9.99643E-05 0.357794 9.99643E-05
9.99821E-05 0.092428 0.358259 0.00296363 9.99821E-05 0.503425 0.0427247
0.0282132 9.99733E-05 0.170522 9.99733E-05 9.99733E-05 0.340032 0.460933
0.238115 9.99555E-05 0.761385 9.99555E-05 9.99555E-05 9.99555E-05 9.99555E-05
0.47981 9.99644E-05 9.99644E-05 9.99644E-05 9.99644E-05 0.212173 0.307618
0.30396 9.99642E-05 9.99642E-05 9.99642E-05 0.00368704 9.99642E-05 0.691954
9.99733E-05 9.99733E-05 0.397173 9.99733E-05 0.155486 0.19191 0.25513
0.277646 9.99731E-05 0.000509168 9.99731E-05 0.693506 9.99731E-05 0.0280387
0.343695 9.99822E-05 0.183765 9.99822E-05 0.0584071 0.169313 0.24462
0.191204 0.362679 0.188768 0.0175657 9.99822E-05 0.239583 9.99822E-05
9.99553E-05 0.106448 9.99553E-05 9.99553E-05 0.893052 9.99553E-05 9.99553E-05
9.998E-05 0.208882 0.413218 0.00736862 0.199073 0.171259 9.998E-05
9.996E-05 9.996E-05 0.0848844 9.996E-05 0.694103 9.996E-05 0.220613
9.99555E-05 0.864328 0.135172 9.99555E-05 9.99555E-05 9.99555E-05 9.99555E-05
0.583198 0.37695 9.99644E-05 9.99644E-05 9.99644E-05 9.99644E-05 0.0394526
0.425151 9.99733E-05 0.389193 9.99733E-05 9.99733E-05 0.00514113 0.180216
9.99733E-05 0.126703 0.701051 9.99733E-05 0.0163789 0.155568 9.99733E-05
9.99645E-05 9.99645E-05 0.123578 9.99645E-05 0.732527 9.99645E-05 0.143495
9.996E-05 9.996E-05 0.14281 9.996E-05 9.996E-05 0.474665 0.382125
0.0578348 0.316219 0.103323 9.99822E-05 9.99822E-05 0.312041 0.210382
0.105667 0.327634 9.99732E-05 9.99732E-05 0.162866 0.403532 9.99732E-05
0.458707 9.99643E-05 9.99643E-05 9.99643E-05 0.0983158 9.99643E-05 0.442577
0.798294 9.99554E-05 9.99554E-05 9.99554E-05 9.99554E-05 0.201206 9.99554E-05
9.99645E-05 0.145832 0.375444 9.99645E-05 9.99645E-05 0.478324 9.99645E-05
0.0147151 9.99644E-05 0.568361 9.99644E-05 9.99644E-05 0.416524 9.99644E-05
9.99644E-05 9.99644E-05 0.00446112 9.99644E-05 0.0353694 9.99644E-05 0.95977
9.99642E-05 0.108662 9.99642E-05 9.99642E-05 9.99642E-05 0.490044 0.400894
9.99821E-05 0.00459609 0.694702 9.99821E-05 0.0360587 0.0954879 0.168955
9.99734E-05 9.99734E-05 0.142244 9.99734E-05 0.124366 0.350366 0.382723
9.99732E-05 0.00191257 0.156436 9.99732E-05 9.99732E-05 0.01869 0.822662
0.00822717 9.99643E-05 9.99643E-05 9.99643E-05 9.99643E-05 0.0975503 0.893823
9.99554E-05 0.0633787 9.99554E-05 9.99554E-05 9.99554E-05 9.99554E-05 0.936122
0.0482584 0.188164 0.462605 9.99821E-05 0.013613 9.99821E-05 0.287159
0.406883 9.99732E-05 0.50589 9.99732E-05 0.0677371 9.99732E-05 0.0191905
0.314791 0.413027 0.101452 9.99822E-05 9.99822E-05 0.0342138 0.136316
0.274624 0.00850447 0.142225 0.114028 9.99822E-05 9.99822E-05 0.460419
9.99641E-05 0.332882 0.17595 9.99641E-05 9.99641E-05 9.99641E-05 0.490768
0.350552 0.311091 0.192995 9.99732E-05 0.145062 9.99732E-05 9.99732E-05
9.999E-05 0.579208 0.104756 0.0021748 0.0789612 0.170607 0.0641931
9.99731E-05 0.155632 0.145498 9.99731E-05 9.99731E-05 0.413034 0.285537
0.256655 0.0849732 9.99733E-05 9.99733E-05 0.121766 9.99733E-05 0.536306
9.99643E-05 9.99643E-05 0.0773147 9.99643E-05 0.29343 9.99643E-05 0.628855
0.182552 0.0724034 9.99732E-05 9.99732E-05 9.99732E-05 0.0617257 0.683019
9.99555E-05 9.99555E-05 9.99555E-05 9.99555E-05 9.99555E-05 0.448557 0.550943
9.99555E-05 9.99555E-05 0.996223 9.99555E-05 0.00327674 9.99555E-05 9.99555E-05
0.350093 9.99732E-05 0.36836 9.99732E-05 9.99732E-05 0.170244 0.111004
0.129464 0.137812 9.99822E-05 9.99822E-05 0.0838924 0.445696 0.202936
9.99642E-05 0.641694 0.159179 9.99642E-05 9.99642E-05 0.198728 9.99642E-05
0.94396 9.99555E-05 9.99555E-05 9.99555E-05 0.0555402 9.99555E-05 9.99555E-05
0.232093 9.99553E-05 9.99553E-05 9.99553E-05 9.99553E-05 0.767407 9.99553E-05
9.99645E-05 0.0737132 9.99645E-05 0.0460501 9.99645E-05 0.879837 9.99645E-05
9.99554E-05 9.99554E-05 9.99554E-05 9.99554E-05 9.99554E-05 0.231764 0.767736
0.0427184 0.275454 9.998E-05 9.998E-05 0.289383 0.199834 0.19241
0.0648427 0.530253 0.0672003 0.337404 9.99733E-05 9.99733E-05 9.99733E-05
0.286167 9.99822E-05 0.170283 0.0991958 0.414977 0.0291772 9.99822E-05
0.309651 0.0445873 0.302015 9.99821E-05 9.99821E-05 0.183408 0.160139
9.99556E-05 0.159931 0.83957 9.99556E-05 9.99556E-05 9.99556E-05 9.99556E-05
9.99822E-05 0.00606468 0.0195517 0.0497644 0.256983 0.667436 9.99822E-05
0.0281937 9.99642E-05 0.927318 9.99642E-05 0.0440885 9.99642E-05 9.99642E-05
9.997E-05 0.0536546 0.413429 9.997E-05 9.997E-05 0.221649 0.310967
0.0627654 9.99642E-05 0.868826 9.99642E-05 9.99642E-05 0.0680085 9.99642E-05
0.398387 9.99822E-05 0.391111 9.99822E-05 0.0715688 0.088941 0.049793
9.99553E-05 9.99553E-05 9.99553E-05 9.99553E-05 9.99553E-05 0.456493 0.543008
9.99642E-05 9.99642E-05 0.21983 9.99642E-05 9.99642E-05 0.728146 0.0516235
9.99554E-05 9.99554E-05 0.28397 9.99554E-05 9.99554E-05 0.71553 9.99554E-05
9.995E-05 9.995E-05 9.995E-05 9.995E-05 0.9994 9.995E-05 9.995E-05
9.99821E-05 0.161901 0.179763 9.99821E-05 0.225866 0.397582 0.0346877
0.105546 9.99643E-05 0.103047 9.99643E-05 9.99643E-05 0.791007 9.99643E-05
0.164565 9.998E-05 0.00898886 9.998E-05 0.122318 0.437407 0.266522
9.99734E-05 0.0367345 9.99734E-05 9.99734E-05 0.429401 0.243818 0.289746
0.108274 9.997E-05 0.13609 9.997E-05 9.997E-05 0.421031 0.334305
0.0479563 0.240615 9.99733E-05 0.010848 0.70028 9.99733E-05 9.99733E-05
0.213724 0.0356973 0.00203888 9.99911E-05 0.164779 0.555785 0.0278748
9.99733E-05 9.99733E-05 0.0252573 9.99733E-05 0.123991 0.208207 0.642245
0.338934 0.0895825 9.99821E-05 0.0725704 0.230881 9.99821E-05 0.267832
9.99643E-05 9.99643E-05 0.548813 9.99643E-05 0.0796886 0.371098 9.99643E-05
0.35946 0.30678 0.33336 9.99643E-05 9.99643E-05 9.99643E-05 9.99643E-05
0.34702 9.99644E-05 9.99644E-05 9.99644E-05 0.585451 0.0671293 9.99644E-05
9.997E-05 0.103416 0.652972 0.0192565 9.997E-05 9.997E-05 0.224056
0.115154 9.99643E-05 9.99643E-05 9.99643E-05 9.99643E-05 0.362061 0.522385
9.997E-05 0.274666 0.503932 9.997E-05 0.0982935 0.122809 9.997E-05
0.337753 9.99643E-05 9.99643E-05 9.99643E-05 0.050617 9.99643E-05 0.61123
9.997E-05 0.164071 0.244903 9.997E-05 9.997E-05 0.310032 0.280693
9.9982E-05 0.0199523 0.0486025 0.670687 0.0213603 0.239198 9.9982E-05
9.99644E-05 0.286109 0.587364 9.99644E-05 9.99644E-05 0.126127 9.99644E-05
0.124746 0.30883 9.99732E-05 9.99732E-05 0.143886 9.99732E-05 0.422239
9.99643E-05 0.251648 0.297021 9.99643E-05 9.99643E-05 0.450931 9.99643E-05
0.115787 0.314135 9.996E-05 9.996E-05 9.996E-05 9.996E-05 0.569678
9.99734E-05 0.919271 9.99734E-05 0.00227573 9.99734E-05 0.0226158 0.0555376
9.997E-05 0.324153 9.997E-05 9.997E-05 0.0529272 0.428105 0.194515
9.99589E-05 9.99589E-05 0.306904 9.99589E-05 9.99589E-05 9.99589E-05 0.692596
0.581067 9.99731E-05 0.0431503 9.99731E-05 9.99731E-05 0.0836465 0.291836
0.543384 9.99733E-05 9.99733E-05 0.051199 9.99733E-05 0.11438 0.290737
9.99644E-05 9.99644E-05 9.99644E-05 9.99644E-05 0.13256 0.85466 0.0123803
0.0167392 9.99643E-05 9.99643E-05 9.99643E-05 0.598351 9.99643E-05 0.38451
9.99732E-05 9.99732E-05 0.346713 9.99732E-05 0.188651 0.417791 0.0465459
0.178831 9.998E-05 0.239245 9.998E-05 0.0950451 0.253314 0.233365
9.99732E-05 0.330656 9.99732E-05 9.99732E-05 0.194007 0.00929639 0.465741
0.315368 0.00289295 9.99821E-05 9.99821E-05 0.137825 0.17684 0.366875
9.997E-05 0.489289 0.105991 9.997E-05 9.997E-05 0.293021 0.111399
9.99732E-05 0.291524 9.99732E-05 9.99732E-05 0.221123 0.37145 0.115603
0.0733779 0.298025 0.129149 9.99821E-05 0.147757 9.99821E-05 0.351491
0.124841 9.99732E-05 9.99732E-05 0.0316318 0.654864 0.188363 9.99732E-05
0.688526 9.99643E-05 9.99643E-05 0.00701169 0.304062 9.99643E-05 9.99643E-05
0.264743 0.583455 0.0410474 9.99821E-05 0.00356674 0.106987 9.99821E-05
9.99732E-05 0.212708 0.246067 9.99732E-05 0.384941 0.155983 9.99732E-05
9.99732E-05 0.191751 0.0921017 9.99732E-05 0.375388 0.34046 9.99732E-05
0.0998428 0.001627 0.30528 9.99821E-05 0.587121 9.99821E-05 0.00592911
0.0761703 9.99554E-05 9.99554E-05 9.99554E-05 9.99554E-05 9.99554E-05 0.92333
0.293311 0.0753028 0.630986 9.99644E-05 9.99644E-05 9.99644E-05 9.99644E-05
9.996E-05 9.996E-05 9.996E-05 9.996E-05 0.317187 0.0524428 0.62997
0.450708 0.0766696 9.99643E-05 9.99643E-05 9.99643E-05 9.99643E-05 0.472222
0.430362 9.997E-05 0.208842 9.997E-05 9.997E-05 0.292383 0.0681134
0.0292162 0.489641 0.139398 9.99821E-05 9.99821E-05 0.312589 0.0289566
0.437646 9.99821E-05 0.0555805 0.0132553 0.251144 9.99821E-05 0.242174
0.275004 0.111475 0.275844 0.115438 9.99822E-05 9.99822E-05 0.222038
9.99732E-05 0.0849434 0.358946 9.99732E-05 9.99732E-05 0.296867 0.258944
0.391116 9.99733E-05 0.218933 0.173618 9.99733E-05 9.99733E-05 0.216032
0.221623 9.996E-05 0.158765 9.996E-05 9.996E-05 0.619212 9.996E-05
0.107275 9.99733E-05 9.99733E-05 9.99733E-05 0.735432 0.149008 0.00798529
0.0506278 9.99643E-05 9.99643E-05 9.99643E-05 0.400782 9.99643E-05 0.54819
0.155131 9.99645E-05 9.99645E-05 9.99645E-05 0.216262 0.628206 9.99645E-05
9.997E-05 0.0270222 9.997E-05 9.997E-05 0.502161 0.0758207 0.394696
0.284111 9.998E-05 9.998E-05 0.0262184 0.315935 0.167702 0.205834
0.0557136 0.612484 9.99822E-05 0.083774 9.99822E-05 0.111255 0.136573
0.127154 9.99821E-05 0.121554 9.99821E-05 0.309402 0.100306 0.341383
9.99911E-05 0.0719198 0.214313 0.0310581 0.225954 0.11138 0.345275
0.306696 0.310567 0.240037 0.0228052 0.119695 9.99822E-05 9.99822E-05
0.31263 0.317375 0.0978461 9.997E-05 0.271849 9.997E-05 9.997E-05
0.0513467 9.99643E-05 9.99643E-05 9.99643E-05 0.38966 9.99643E-05 0.558593
0.389897 0.0711636 9.99733E-05 9.99733E-05 0.302623 9.99733E-05 0.236017
0.0973196 9.99733E-05 9.99733E-05 9.99733E-05 0.573103 0.0453856 0.283892
0.176981 0.0928364 0.419596 9.99911E-05 0.0262154 0.0485338 0.235738
9.99553E-05 9.99553E-05 0.810819 9.99553E-05 9.99553E-05 0.188681 9.99553E-05
0.205461 9.99732E-05 0.428827 9.99732E-05 0.0386998 0.326712 9.99732E-05
0.320705 0.240222 9.998E-05 9.998E-05 0.0042162 0.0865674 0.348088
0.255039 9.99643E-05 0.0897894 9.99643E-05 9.99643E-05 0.654772 9.99643E-05
0.118292 9.99732E-05 9.99732E-05 9.99732E-05 0.289336 0.0229762 0.569096
0.0252858 0.408872 9.99732E-05 9.99732E-05 0.121598 0.443944 9.99732E-05
9.99642E-05 0.659371 0.18871 9.99642E-05 9.99642E-05 9.99642E-05 0.15152
0.106804 0.012529 0.0984344 9.99911E-05 0.0693947 0.089673 0.623065
0.187078 9.99645E-05 0.128135 9.99645E-05 0.684386 9.99645E-05 9.99645E-05
0.61855 9.99732E-05 0.24325 9.99732E-05 0.0587177 9.99732E-05 0.0791821
0.166615 9.99822E-05 0.408146 0.0561121 0.0605665 0.30836 9.99822E-05
9.99731E-05 0.550235 0.0263527 9.99731E-05 9.99731E-05 0.21165 0.211463
0.0963935 0.0361256 0.403958 9.99822E-05 9.99822E-05 0.427894 0.0354293
0.577974 0.0204598 0.337165 9.998E-05 0.0159865 0.0482142 9.998E-05
9.996E-05 9.996E-05 0.0887202 9.996E-05 9.996E-05 0.352454 0.558426
0.032763 9.99642E-05 0.253895 9.99642E-05 9.99642E-05 9.99642E-05 0.712942
0.0247408 9.99645E-05 0.133658 9.99645E-05 9.99645E-05 9.99645E-05 0.841202
9.99644E-05 9.99644E-05 9.99644E-05 9.99644E-05 0.0124441 0.678076 0.30908
0.0839626 0.0847668 9.99732E-05 9.99732E-05 9.99732E-05 0.143666 0.687304
0.21782 0.639827 9.99643E-05 9.99643E-05 9.99643E-05 0.141953 9.99643E-05
0.196885 0.802615 9.99555E-05 9.99555E-05 9.99555E-05 9.99555E-05 9.99555E-05
0.0706247 9.99821E-05 0.170733 9.99821E-05 0.0993608 0.643776 0.0153059
9.99644E-05 0.825479 0.168475 9.99644E-05 9.99644E-05 0.00564621 9.99644E-05
