9.995E-05 9.995E-05 9.995E-05 9.995E-05 9.995E-05 0.9994 9.995E-05
9.99732E-05 0.0599958 0.817408 0.0727503 9.99732E-05 9.99732E-05 0.0495458
0.637317 9.99732E-05 0.0628146 9.99732E-05 9.99732E-05 0.0660467 0.233522
0.100407 0.0770132 0.195402 0.0974733 9.99822E-05 9.99822E-05 0.529504
0.116182 0.499384 0.22309 0.161043 9.99733E-05 9.99733E-05 9.99733E-05
0.0598637 0.518231 9.99732E-05 0.0857059 9.99732E-05 9.99732E-05 0.335899
9.99643E-05 9.99643E-05 0.0406438 0.106273 9.99643E-05 9.99643E-05 0.852683
9.99732E-05 0.212209 0.389082 9.99732E-05 0.293594 9.99732E-05 0.104815
0.00602629 0.115133 9.99731E-05 9.99731E-05 0.330669 9.99731E-05 0.547872
9.99643E-05 0.282127 0.191099 9.99643E-05 9.99643E-05 9.99643E-05 0.526374
0.12381 0.232996 9.99644E-05 9.99644E-05 9.99644E-05 9.99644E-05 0.642794
0.360864 9.99643E-05 9.99643E-05 9.99643E-05 0.633231 0.00550573 9.99643E-05
0.557927 9.99643E-05 0.147778 9.99643E-05 0.293895 9.99643E-05 9.99643E-05
9.99822E-05 0.439335 0.0073239 0.109166 0.392355 9.99822E-05 0.051619
0.653259 9.99556E-05 9.99556E-05 0.346241 9.99556E-05 9.99556E-05 9.99556E-05
9.99557E-05 9.99557E-05 9.99557E-05 0.44555 9.99557E-05 9.99557E-05 0.55395
0.0443223 0.26889 0.262102 0.294753 9.99822E-05 9.99822E-05 0.129732
0.485509 9.99643E-05 0.253282 0.260809 9.99643E-05 9.99643E-05 9.99643E-05
9.99643E-05 0.395525 9.99643E-05 9.99643E-05 0.531418 9.99643E-05 0.0726569
0.382541 9.99643E-05 0.330545 9.99643E-05 9.99643E-05 9.99643E-05 0.286514
0.566905 0.297176 0.0128122 9.99732E-05 9.99732E-05 9.99732E-05 0.122807
0.44045 9.99733E-05 0.173183 9.99733E-05 0.337377 9.99733E-05 0.04869
9.99733E-05 0.252009 9.99733E-05 0.495509 0.032723 9.99733E-05 0.219459
9.99554E-05 0.492201 0.507299 9.99554E-05 9.99554E-05 9.99554E-05 9.99554E-05
0.293525 9.99645E-05 0.593342 9.99645E-05 0.112733 9.99645E-05 9.99645E-05
0.206751 0.0517897 0.637464 9.99732E-05 0.103694 9.99732E-05 9.99732E-05
0.088878 0.262753 9.99822E-05 0.239079 0.0225033 9.99822E-05 0.386587
9.99732E-05 9.99732E-05 0.268097 0.079662 0.0550977 9.99732E-05 0.596844
0.659249 9.99642E-05 0.100935 9.99642E-05 0.239416 9.99642E-05 9.99642E-05
0.0959101 0.0197082 9.99822E-05 9.99822E-05 0.393022 0.0096044 0.481556
0.205924 0.0279855 0.192421 0.172158 9.99821E-05 9.99821E-05 0.401311
9.99643E-05 0.0120718 0.352675 9.99643E-05 9.99643E-05 9.99643E-05 0.634854
0.1451 0.0658138 9.99821E-05 0.244106 0.102789 9.99821E-05 0.441991
0.700101 9.99642E-05 9.99642E-05 0.266965 0.0325336 9.99642E-05 9.99642E-05
9.99552E-05 0.450746 9.99552E-05 0.548754 9.99552E-05 9.99552E-05 9.99552E-05
0.317511 0.207084 0.342217 0.128943 0.00404584 9.99822E-05 9.99822E-05
9.99554E-05 0.76991 9.99554E-05 9.99554E-05 0.22959 9.99554E-05 9.99554E-05
0.551785 9.99552E-05 9.99552E-05 9.99552E-05 9.99552E-05 9.99552E-05 0.447715
0.270017 9.99732E-05 9.99732E-05 0.708652 0.0161353 0.00489536 9.99732E-05
0.0241526 9.99911E-05 0.512544 0.345416 0.00795782 0.0789036 0.0309259
0.00233727 9.99643E-05 0.157817 9.99643E-05 9.99643E-05 9.99643E-05 0.839446
9.99644E-05 9.99644E-05 9.99644E-05 0.533835 0.094582 9.99644E-05 0.371183
9.99731E-05 9.99731E-05 9.99731E-05 0.571847 0.400391 0.0259862 0.00147589
9.99553E-05 0.18877 9.99553E-05 9.99553E-05 9.99553E-05 9.99553E-05 0.81073
0.11181 0.119584 0.243129 9.99733E-05 9.99733E-05 9.99733E-05 0.525177
0.77655 9.99555E-05 0.22295 9.99555E-05 9.99555E-05 9.99555E-05 9.99555E-05
9.99732E-05 0.27886 0.355723 0.314481 9.99732E-05 9.99732E-05 0.0506363
9.99643E-05 9.99643E-05 0.487335 0.497799 0.0144662 9.99643E-05 9.99643E-05
0.309513 9.99731E-05 0.47673 0.112055 9.99731E-05 0.101402 9.99731E-05
9.99733E-05 0.20095 0.501065 0.142564 0.155121 9.99733E-05 9.99733E-05
9.99642E-05 0.204733 0.746128 9.99642E-05 9.99642E-05 9.99642E-05 0.0487394
0.148404 9.99645E-05 0.773673 9.99645E-05 9.99645E-05 9.99645E-05 0.0775226
9.998E-05 0.492671 0.0406955 0.0617988 0.151001 9.998E-05 0.253634
0.471018 0.412344 9.99733E-05 9.99733E-05 0.0386479 9.99733E-05 0.0776904
9.99555E-05 9.99555E-05 0.528333 9.99555E-05 9.99555E-05 0.471167 9.99555E-05
9.99645E-05 0.69886 9.99645E-05 0.247953 0.052787 9.99645E-05 9.99645E-05
0.423365 0.120428 0.368132 0.0877758 9.99732E-05 9.99732E-05 9.99732E-05
0.576409 0.0784265 0.16696 9.99822E-05 0.167658 9.99822E-05 0.0103463
9.99555E-05 9.99555E-05 0.698197 9.99555E-05 0.301303 9.99555E-05 9.99555E-05
0.0662556 0.188251 0.338664 0.150522 0.256108 9.99821E-05 9.99821E-05
0.521359 9.99732E-05 0.401525 0.0628058 9.99732E-05 0.0140104 9.99732E-05
0.52091 0.014666 0.0809176 0.194823 9.99911E-05 0.0192593 0.169325
0.123175 0.322608 0.270626 0.118563 0.164828 9.99822E-05 9.99822E-05
9.99643E-05 0.0780357 0.0598612 9.99643E-05 9.99643E-05 9.99643E-05 0.861703
0.314219 9.99731E-05 0.332422 0.0968075 9.99731E-05 9.99731E-05 0.256252
0.168746 9.99554E-05 0.830755 9.99554E-05 9.99554E-05 9.99554E-05 9.99554E-05
9.995E-05 9.995E-05 9.995E-05 9.995E-05 0.9994 9.995E-05 9.995E-05
0.391104 9.99732E-05 0.269762 9.99732E-05 0.206794 9.99732E-05 0.132041
0.312635 9.99643E-05 0.62658 9.99643E-05 0.0603847 9.99643E-05 9.99643E-05
9.99733E-05 9.99733E-05 0.0777044 0.269296 0.0772613 9.99733E-05 0.575438
9.99646E-05 9.99646E-05 9.99646E-05 9.99646E-05 0.404263 0.0482948 0.547043
0.358985 0.160525 0.44508 9.99733E-05 9.99733E-05 9.99733E-05 0.0351103
0.144381 9.99644E-05 9.99644E-05 9.99644E-05 0.809603 0.045616 9.99644E-05
0.37416 0.00727516 0.242316 9.99822E-05 0.372988 0.00306023 9.99822E-05
9.99732E-05 0.247368 9.99732E-05 0.532498 0.16157 9.99732E-05 0.0582639
0.160611 0.563134 9.99641E-05 9.99641E-05 0.275855 9.99641E-05 9.99641E-05
0.204739 9.99732E-05 0.385627 0.252068 0.157266 9.99732E-05 9.99732E-05
0.49634 9.99733E-05 0.268086 0.156027 9.99733E-05 9.99733E-05 0.0792464
9.99821E-05 0.0111774 0.0438061 0.0513701 0.705932 0.187515 9.99821E-05
0.241441 0.0369322 0.191117 0.529977 9.99822E-05 0.000332224 9.99822E-05
0.0806991 9.99732E-05 0.265616 0.40105 9.99732E-05 9.99732E-05 0.252335
0.476729 9.99733E-05 0.191268 0.034673 0.29703 9.99733E-05 9.99733E-05
9.995E-05 9.995E-05 9.995E-05 0.707214 9.995E-05 9.995E-05 0.292287
0.537068 9.99732E-05 0.0567586 9.99732E-05 0.0329587 9.99732E-05 0.372915
0.122758 9.9964E-05 9.9964E-05 9.9964E-05 9.9964E-05 0.83773 0.0391115
0.991999 9.99554E-05 9.99554E-05 9.99554E-05 9.99554E-05 9.99554E-05 0.00750076
9.99642E-05 9.99642E-05 9.99642E-05 0.880708 0.0852292 9.99642E-05 0.0336625
0.769646 9.99555E-05 0.229854 9.99555E-05 9.99555E-05 9.99555E-05 9.99555E-05
0.68592 0.224672 9.99732E-05 9.99732E-05 0.0149142 9.99732E-05 0.0741943
0.268771 0.202427 0.144429 9.99734E-05 9.99734E-05 9.99734E-05 0.384074
0.224454 9.99732E-05 0.306221 9.99732E-05 0.0270264 9.99732E-05 0.441999
9.99555E-05 0.594178 9.99555E-05 9.99555E-05 9.99555E-05 9.99555E-05 0.405322
9.99641E-05 9.99641E-05 0.244819 0.658559 9.99641E-05 9.99641E-05 0.0962213
9.99732E-05 0.218365 0.426352 0.235937 9.99732E-05 9.99732E-05 0.119046
9.99733E-05 9.99733E-05 0.317313 9.99733E-05 0.21082 0.0435357 0.428031
0.0927067 0.000950841 9.99821E-05 0.0921496 0.457574 9.99821E-05 0.356419
0.436712 9.99822E-05 0.0819478 0.0543769 0.114817 9.99822E-05 0.311946
0.22877 0.0465598 9.99821E-05 0.370809 9.99821E-05 0.0457367 0.307925
0.373517 0.320146 9.99731E-05 9.99731E-05 0.182455 9.99731E-05 0.123582
9.99821E-05 0.072595 0.180981 9.99821E-05 0.144187 0.00172365 0.600313
0.401959 9.99822E-05 0.375738 0.0527245 0.0741979 0.0951801 9.99822E-05
0.015601 9.99822E-05 0.172361 0.118984 0.529359 9.99822E-05 0.163495
0.24209 0.164738 9.99822E-05 0.272015 0.0262137 9.99822E-05 0.294744
0.109933 9.99732E-05 0.277716 9.99732E-05 0.557468 9.99732E-05 0.0545835
9.99732E-05 0.635735 9.99732E-05 0.194309 0.0854401 9.99732E-05 0.0842158
0.665876 0.0257631 0.24687 0.0447152 0.0165758 9.99821E-05 9.99821E-05
0.380011 9.99643E-05 0.324118 9.99643E-05 0.295471 9.99643E-05 9.99643E-05
0.435358 9.99643E-05 0.206403 9.99643E-05 0.357839 9.99643E-05 9.99643E-05
0.192296 0.0679862 0.129191 9.99731E-05 0.610227 9.99731E-05 9.99731E-05
0.015547 0.149476 9.99733E-05 0.321394 9.99733E-05 9.99733E-05 0.513282
0.512172 0.40612 0.0813085 9.99644E-05 9.99644E-05 9.99644E-05 9.99644E-05
9.99643E-05 9.99643E-05 9.99643E-05 0.421812 0.122498 9.99643E-05 0.45529
0.137151 0.0274183 9.99643E-05 9.99643E-05 9.99643E-05 9.99643E-05 0.835031
9.99644E-05 0.0861933 0.767714 9.99644E-05 9.99644E-05 9.99644E-05 0.145693
0.642546 9.99643E-05 9.99643E-05 0.00683369 9.99643E-05 9.99643E-05 0.350221
9.99732E-05 0.410015 9.99732E-05 0.0987016 0.226398 9.99732E-05 0.264585
0.142931 0.66848 9.99732E-05 0.172508 9.99732E-05 0.0157813 9.99732E-05
0.627693 0.0497676 9.99733E-05 0.245509 9.99733E-05 9.99733E-05 0.0767305
9.99554E-05 0.975933 9.99554E-05 9.99554E-05 9.99554E-05 0.0235677 9.99554E-05
0.137024 0.265673 0.334948 0.128622 9.99822E-05 9.99822E-05 0.133533
9.99732E-05 0.0369551 9.99732E-05 0.0849433 0.80708 9.99732E-05 0.0707221
9.99821E-05 0.0256359 9.99821E-05 0.222199 0.201076 0.077084 0.473805
9.99645E-05 9.99645E-05 0.379446 0.263673 0.356481 9.99645E-05 9.99645E-05
9.99643E-05 9.99643E-05 9.99643E-05 0.212492 0.377302 9.99643E-05 0.409806
9.99732E-05 0.223143 9.99732E-05 9.99732E-05 0.123963 0.0125505 0.640044
0.318494 9.99644E-05 9.99644E-05 0.402717 9.99644E-05 0.278389 9.99644E-05
9.99821E-05 0.197974 0.133534 0.155836 0.340333 9.99821E-05 0.172123
0.0875141 0.0203662 0.289632 9.99822E-05 0.357987 9.99822E-05 0.244301
0.443351 0.415702 0.0720518 9.99733E-05 9.99733E-05 9.99733E-05 0.0685944
0.20935 9.99733E-05 0.0649564 0.229757 0.495637 9.99733E-05 9.99733E-05
9.99822E-05 0.189726 0.128431 0.223931 0.135797 9.99822E-05 0.321915
9.99733E-05 9.99733E-05 0.0768452 0.204381 0.0719904 9.99733E-05 0.646484
9.99732E-05 9.99732E-05 0.0102705 0.095673 0.606637 9.99732E-05 0.28712
0.0948304 0.1469 0.216279 0.541691 9.99732E-05 9.99732E-05 9.99732E-05
0.161904 9.99732E-05 0.652199 9.99732E-05 0.142339 0.0432578 9.99732E-05
0.122562 0.298899 0.565424 0.0128147 9.99732E-05 9.99732E-05 9.99732E-05
0.0516104 9.99822E-05 0.0876602 0.328959 0.0586512 9.99822E-05 0.472919
9.99554E-05 9.99554E-05 0.623152 9.99554E-05 9.99554E-05 9.99554E-05 0.376349
9.99643E-05 9.99643E-05 9.99643E-05 0.121617 0.279867 9.99643E-05 0.598116
0.0587153 9.99732E-05 0.246554 0.0501918 9.99732E-05 9.99732E-05 0.644239
0.756832 9.99643E-05 9.99643E-05 0.0381033 9.99643E-05 9.99643E-05 0.204665
9.99644E-05 0.0786472 9.99644E-05 0.903109 9.99644E-05 9.99644E-05 0.0178444
9.99733E-05 0.132539 0.0994918 0.389453 0.378217 9.99733E-05 9.99733E-05
0.0668344 0.0602382 0.132466 0.651967 0.0636815 9.99911E-05 0.0247131
9.99821E-05 0.147969 0.559876 0.0616287 9.99821E-05 0.0810162 0.14931
0.421582 9.99642E-05 0.162366 9.99642E-05 9.99642E-05 9.99642E-05 0.415652
0.124023 0.0765807 0.68101 9.99732E-05 9.99732E-05 9.99732E-05 0.118086
0.263612 0.186196 0.0225752 0.455737 0.0716807 9.99822E-05 9.99822E-05
9.99733E-05 9.99733E-05 0.229299 0.142313 9.99733E-05 0.0638493 0.564238
0.0639785 0.188337 9.99732E-05 0.00719324 9.99732E-05 9.99732E-05 0.740191
9.99555E-05 0.277123 9.99555E-05 0.722377 9.99555E-05 9.99555E-05 9.99555E-05
9.99644E-05 9.99644E-05 0.222071 9.99644E-05 0.0673083 9.99644E-05 0.710221
9.99643E-05 9.99643E-05 9.99643E-05 0.139391 0.148357 9.99643E-05 0.711853
9.99555E-05 9.99555E-05 0.662253 0.337247 9.99555E-05 9.99555E-05 9.99555E-05
0.295684 9.99646E-05 0.176359 0.527557 9.99646E-05 9.99646E-05 9.99646E-05
9.99642E-05 9.99642E-05 0.706783 9.99642E-05 0.230477 9.99642E-05 0.06234
0.461525 9.99556E-05 0.537976 9.99556E-05 9.99556E-05 9.99556E-05 9.99556E-05
