9.995E-05 9.995E-05 9.995E-05 9.995E-05 9.995E-05 0.9994 9.995E-05
0.217265 0.414729 9.99643E-05 9.99643E-05 9.99643E-05 9.99643E-05 0.367606
9.997E-05 0.649463 0.130863 9.997E-05 0.125104 9.997E-05 0.0942705
9.997E-05 0.436139 0.224145 9.997E-05 0.0237647 9.997E-05 0.315651
0.340668 0.372351 9.99644E-05 9.99644E-05 0.286581 9.99644E-05 9.99644E-05
0.551165 9.99554E-05 0.448335 9.99554E-05 9.99554E-05 9.99554E-05 9.99554E-05
0.0404875 9.99732E-05 0.855096 0.0246518 0.0794649 9.99732E-05 9.99732E-05
0.277242 0.538676 0.0820046 9.99733E-05 9.99733E-05 9.99733E-05 0.101777
0.0863315 0.0358876 0.217789 0.355455 0.304337 9.998E-05 9.998E-05
0.269215 9.99822E-05 0.0588549 0.0380368 0.314637 9.99822E-05 0.319056
0.242103 0.0826057 9.99733E-05 9.99733E-05 0.328179 9.99733E-05 0.346812
9.99732E-05 0.0283773 9.99732E-05 0.761464 0.197252 0.0126071 9.99732E-05
0.133913 0.271752 9.99821E-05 0.280853 9.99821E-05 0.0656998 0.247582
0.0677724 9.99645E-05 0.22963 0.702198 9.99645E-05 9.99645E-05 9.99645E-05
9.99644E-05 0.0384789 0.108722 9.99644E-05 0.852399 9.99644E-05 9.99644E-05
9.99555E-05 9.99555E-05 0.366089 9.99555E-05 0.633411 9.99555E-05 9.99555E-05
0.123529 0.430367 0.316597 0.0595146 9.998E-05 9.998E-05 0.069793
9.995E-05 0.9994 9.995E-05 9.995E-05 9.995E-05 9.995E-05 9.995E-05
0.0492131 9.99734E-05 0.111259 0.639189 9.99734E-05 9.99734E-05 0.200038
0.157909 9.99731E-05 0.249241 9.99731E-05 0.249878 9.99731E-05 0.342672
0.567134 0.0184943 0.225187 9.99732E-05 0.188885 9.99732E-05 9.99732E-05
0.530206 9.99732E-05 9.99732E-05 0.130294 0.15328 9.99732E-05 0.18592
0.344045 9.99555E-05 0.655455 9.99555E-05 9.99555E-05 9.99555E-05 9.99555E-05
0.656984 0.0982788 0.0556027 9.99733E-05 9.99733E-05 9.99733E-05 0.188834
0.0981481 0.251822 9.99733E-05 9.99733E-05 0.131106 9.99733E-05 0.518624
0.222194 0.460669 9.99732E-05 9.99732E-05 0.0572376 9.99732E-05 0.2596
0.217277 9.99644E-05 0.759474 9.99644E-05 9.99644E-05 0.0228491 9.99644E-05
9.997E-05 0.0100603 0.485248 9.997E-05 0.179045 9.997E-05 0.325347
9.996E-05 0.361303 9.996E-05 0.412781 9.996E-05 9.996E-05 0.225516
9.99556E-05 0.471856 0.527645 9.99556E-05 9.99556E-05 9.99556E-05 9.99556E-05
9.997E-05 0.177108 0.524768 0.00982833 9.997E-05 9.997E-05 0.287995
0.0365988 9.99643E-05 0.817409 9.99643E-05 9.99643E-05 9.99643E-05 0.145592
9.99555E-05 0.0498062 0.949694 9.99555E-05 9.99555E-05 9.99555E-05 9.99555E-05
0.18782 0.2853 0.157184 0.0762969 0.293199 9.99821E-05 9.99821E-05
0.328252 0.271229 9.99732E-05 0.271696 0.128523 9.99732E-05 9.99732E-05
0.444462 9.99644E-05 9.99644E-05 0.346293 9.99644E-05 9.99644E-05 0.208845
0.690691 9.99731E-05 0.192452 9.99731E-05 0.00839415 0.108163 9.99731E-05
9.996E-05 0.146423 0.515082 9.996E-05 9.996E-05 9.996E-05 0.338095
0.104312 0.234681 9.99732E-05 0.26528 0.395428 9.99732E-05 9.99732E-05
9.998E-05 0.179416 0.185207 0.081477 0.25169 9.998E-05 0.30201
0.0274255 0.113793 0.478945 9.99732E-05 9.99732E-05 9.99732E-05 0.379537
0.0627489 9.99644E-05 0.710585 9.99644E-05 0.226267 9.99644E-05 9.99644E-05
9.99732E-05 0.0859676 0.45586 0.354825 0.103048 9.99732E-05 9.99732E-05
0.292893 9.99642E-05 0.693505 9.99642E-05 0.0132024 9.99642E-05 9.99642E-05
0.162614 9.99644E-05 0.197841 9.99644E-05 9.99644E-05 9.99644E-05 0.639145
9.997E-05 0.82104 9.997E-05 0.0670174 0.0380322 9.997E-05 0.0736103
0.0787891 0.397461 0.363669 9.99911E-05 0.0964446 0.0180623 0.0454743
9.99643E-05 9.99643E-05 0.253334 0.289529 9.99643E-05 9.99643E-05 0.456738
9.99642E-05 0.255193 9.99642E-05 9.99642E-05 0.321981 9.99642E-05 0.422426
0.381145 9.99645E-05 9.99645E-05 0.323186 0.295269 9.99645E-05 9.99645E-05
0.490868 9.99553E-05 9.99553E-05 9.99553E-05 9.99553E-05 9.99553E-05 0.508633
0.00231706 9.99734E-05 0.102497 9.99734E-05 9.99734E-05 0.0361876 0.858699
0.415072 9.99643E-05 0.579701 9.99643E-05 9.99643E-05 9.99643E-05 0.00482678
0.284468 0.134394 0.0951866 0.0977461 0.275484 9.999E-05 0.112621
9.997E-05 0.027056 9.997E-05 9.997E-05 0.0740139 0.649948 0.248682
0.526236 0.0380433 0.00448581 0.290542 0.140493 9.99822E-05 9.99822E-05
0.155044 0.602644 9.99732E-05 9.99732E-05 0.02431 9.99732E-05 0.217702
0.360271 0.285911 9.996E-05 9.996E-05 0.353418 9.996E-05 9.996E-05
9.99643E-05 9.99643E-05 9.99643E-05 0.215127 9.99643E-05 0.0154877 0.768985
0.0838013 0.864077 9.996E-05 0.051722 9.996E-05 9.996E-05 9.996E-05
9.99732E-05 0.318621 0.0116227 9.99732E-05 0.105415 9.99732E-05 0.564041
0.010674 0.858889 0.0692061 0.0609307 9.99732E-05 9.99732E-05 9.99732E-05
0.38652 0.312121 0.248212 9.99733E-05 9.99733E-05 9.99733E-05 0.0528472
9.99553E-05 9.99553E-05 0.738894 9.99553E-05 9.99553E-05 9.99553E-05 0.260607
9.996E-05 0.653902 0.133254 9.996E-05 9.996E-05 9.996E-05 0.212445
9.99643E-05 0.0984514 9.99643E-05 9.99643E-05 0.121261 9.99643E-05 0.779887
9.995E-05 9.995E-05 9.995E-05 0.9994 9.995E-05 9.995E-05 9.995E-05
9.997E-05 0.0049218 0.304702 0.261093 9.997E-05 9.997E-05 0.428983
0.27323 0.208491 9.997E-05 0.0661231 9.997E-05 9.997E-05 0.451856
9.996E-05 9.996E-05 0.50543 9.996E-05 0.250185 9.996E-05 0.243985
9.998E-05 9.998E-05 0.369698 0.194633 0.39401 0.0113975 0.0300609
0.818827 0.103001 0.0777722 9.99645E-05 9.99645E-05 9.99645E-05 9.99645E-05
0.310666 9.99733E-05 9.99733E-05 0.419879 0.190618 0.0785382 9.99733E-05
0.425993 0.254288 0.155847 0.123917 9.998E-05 9.998E-05 0.0397553
9.99644E-05 0.423136 0.564551 0.0119132 9.99644E-05 9.99644E-05 9.99644E-05
0.612349 9.99731E-05 0.209667 0.14273 9.99731E-05 0.0349533 9.99731E-05
9.99643E-05 0.550348 9.99643E-05 0.27197 9.99643E-05 9.99643E-05 0.177282
0.126818 9.99732E-05 0.020193 9.99732E-05 0.530665 9.99732E-05 0.322024
0.240039 9.998E-05 0.201331 0.276947 9.998E-05 0.231164 0.0503187
9.99733E-05 0.478747 0.169838 0.235108 0.116007 9.99733E-05 9.99733E-05
9.997E-05 0.181525 0.594432 0.0814087 9.997E-05 9.997E-05 0.142335
0.102955 0.720688 9.99643E-05 9.99643E-05 0.175957 9.99643E-05 9.99643E-05
9.995E-05 9.995E-05 0.9994 9.995E-05 9.995E-05 9.995E-05 9.995E-05
0.148854 0.255144 0.366541 0.0578274 0.05402 9.999E-05 0.117513
9.996E-05 0.0447485 0.117313 9.996E-05 9.996E-05 0.837538 9.996E-05
0.0683652 0.710837 9.99644E-05 9.99644E-05 0.220398 9.99644E-05 9.99644E-05
0.0548335 0.0573135 0.390024 0.187665 0.309965 9.99822E-05 9.99822E-05
0.0983334 0.501133 9.998E-05 0.188125 0.0284639 9.998E-05 0.183745
0.272434 9.997E-05 0.367078 0.213601 9.997E-05 9.997E-05 0.146588
9.99555E-05 9.99555E-05 9.99555E-05 9.99555E-05 0.694607 9.99555E-05 0.304893
9.99642E-05 9.99642E-05 0.339935 9.99642E-05 0.0579485 9.99642E-05 0.601716
9.99556E-05 0.359791 0.639709 9.99556E-05 9.99556E-05 9.99556E-05 9.99556E-05
0.0861997 0.0593727 0.448735 0.189196 0.0520663 9.999E-05 0.164331
0.0300111 9.99733E-05 0.315167 9.99733E-05 0.0870465 9.99733E-05 0.567475
9.99822E-05 0.000744908 0.144215 0.198112 9.99822E-05 0.0116318 0.645096
9.996E-05 0.209441 0.255207 0.534952 9.996E-05 9.996E-05 9.996E-05
9.996E-05 0.833397 0.118305 0.047899 9.996E-05 9.996E-05 9.996E-05
9.99732E-05 0.333226 0.398197 0.253402 9.99732E-05 0.0148753 9.99732E-05
0.212944 9.99732E-05 0.399093 0.198328 9.99732E-05 9.99732E-05 0.189334
0.413941 9.99642E-05 0.5668 0.0188596 9.99642E-05 9.99642E-05 9.99642E-05
9.998E-05 0.260989 0.251278 9.998E-05 0.085744 0.0946744 0.307114
9.997E-05 9.997E-05 0.0469148 0.201091 0.325544 9.997E-05 0.42615
9.997E-05 9.997E-05 0.353578 0.435865 0.164139 9.997E-05 0.0461184
0.171239 0.0304888 0.0190126 0.626433 9.998E-05 9.998E-05 0.152627
0.58142 9.99643E-05 0.0885711 0.329609 9.99643E-05 9.99643E-05 9.99643E-05
0.555224 0.0217242 9.998E-05 0.217691 0.135066 9.998E-05 0.0700953
0.338591 9.99642E-05 9.99642E-05 0.46027 9.99642E-05 9.99642E-05 0.20074
0.0575953 0.127007 9.998E-05 0.537301 0.171159 9.998E-05 0.106737
9.99642E-05 0.101934 9.99642E-05 0.847055 0.050611 9.99642E-05 9.99642E-05
9.995E-05 9.995E-05 0.9994 9.995E-05 9.995E-05 9.995E-05 9.995E-05
0.73929 0.26021 9.99554E-05 9.99554E-05 9.99554E-05 9.99554E-05 9.99554E-05
9.99643E-05 9.99643E-05 0.796773 9.99643E-05 0.160329 9.99643E-05 0.0424982
0.199143 9.99643E-05 0.559217 9.99643E-05 0.24124 9.99643E-05 9.99643E-05
0.278459 0.0314466 0.123172 9.997E-05 9.997E-05 9.997E-05 0.566623
9.998E-05 0.126933 0.0371149 0.013901 0.627613 9.998E-05 0.194238
0.353483 9.997E-05 0.283216 0.314281 9.997E-05 9.997E-05 0.0487196
0.194765 0.327609 0.0749776 0.13597 0.190446 0.0761325 9.999E-05
9.997E-05 0.455237 0.407748 9.997E-05 0.0569907 9.997E-05 0.0797245
0.74212 0.177802 9.99645E-05 9.99645E-05 9.99645E-05 0.0796779 9.99645E-05
0.385167 0.336413 0.0807535 9.998E-05 0.0397877 9.998E-05 0.157678
9.995E-05 9.995E-05 9.995E-05 0.9994 9.995E-05 9.995E-05 9.995E-05
9.996E-05 9.996E-05 0.669926 0.196689 0.132985 9.996E-05 9.996E-05
9.997E-05 0.201077 9.997E-05 0.536851 0.100883 9.997E-05 0.160888
0.00759718 9.99732E-05 0.611501 0.329423 0.0511783 9.99732E-05 9.99732E-05
0.163749 0.00196259 0.543132 0.290857 9.99733E-05 9.99733E-05 9.99733E-05
9.99733E-05 0.373346 0.160887 9.99733E-05 0.29559 0.169877 9.99733E-05
0.15872 0.174233 0.309724 0.357023 9.997E-05 9.997E-05 9.997E-05
9.99822E-05 0.22605 0.385246 9.99822E-05 0.371849 0.00180744 0.0148471
0.730484 0.20269 9.998E-05 9.998E-05 0.0284903 0.0377118 0.000424028
0.194429 9.997E-05 9.997E-05 0.140073 0.494427 9.997E-05 0.170771
0.0853701 9.99643E-05 0.36385 0.55038 9.99643E-05 9.99643E-05 9.99643E-05
0.058814 9.996E-05 0.519216 9.996E-05 0.42157 9.996E-05 9.996E-05
9.99643E-05 0.210365 0.419312 0.369923 9.99643E-05 9.99643E-05 9.99643E-05
9.998E-05 0.139277 0.173488 0.452499 0.0691808 9.998E-05 0.165355
9.99554E-05 0.927374 9.99554E-05 0.0721267 9.99554E-05 9.99554E-05 9.99554E-05
0.0734086 0.532954 9.996E-05 9.996E-05 9.996E-05 9.996E-05 0.393237
9.997E-05 9.997E-05 0.486734 0.186459 0.0423296 9.997E-05 0.284177
0.191917 0.0498085 9.99643E-05 9.99643E-05 9.99643E-05 9.99643E-05 0.757875
0.177581 9.99732E-05 0.568152 0.146706 0.107261 9.99732E-05 9.99732E-05
9.997E-05 0.0383269 0.205568 9.997E-05 0.384991 9.997E-05 0.370815
9.99642E-05 0.321403 0.341885 9.99642E-05 0.336313 9.99642E-05 9.99642E-05
9.99556E-05 0.254105 0.745396 9.99556E-05 9.99556E-05 9.99556E-05 9.99556E-05
9.995E-05 9.995E-05 0.163258 0.836242 9.995E-05 9.995E-05 9.995E-05
0.121666 0.0666615 0.369154 0.393355 9.99822E-05 9.99822E-05 0.0489635
9.998E-05 0.0488488 9.998E-05 0.0826501 0.251936 0.0440565 0.572309
9.99552E-05 9.99552E-05 9.99552E-05 9.99552E-05 0.284429 9.99552E-05 0.715071
0.12662 0.245462 9.99643E-05 9.99643E-05 9.99643E-05 9.99643E-05 0.627518
0.467983 0.219943 9.99732E-05 0.163272 0.148502 9.99732E-05 9.99732E-05
9.996E-05 0.0578954 0.595398 9.996E-05 9.996E-05 9.996E-05 0.346307
0.0141245 0.217297 0.670373 0.0979058 9.99732E-05 9.99732E-05 9.99732E-05
9.99645E-05 0.270513 0.726414 9.99645E-05 9.99645E-05 0.00267233 9.99645E-05
9.995E-05 9.995E-05 0.368388 9.995E-05 9.995E-05 9.995E-05 0.631112
9.99732E-05 9.99732E-05 0.637727 0.0519458 0.172986 9.99732E-05 0.137042
0.107903 9.997E-05 9.997E-05 0.070524 0.21227 9.997E-05 0.609003
9.995E-05 9.995E-05 9.995E-05 9.995E-05 0.9994 9.995E-05 9.995E-05
0.133271 9.996E-05 9.996E-05 0.125625 9.996E-05 9.996E-05 0.740704
9.99644E-05 0.119445 9.99644E-05 9.99644E-05 0.395486 9.99644E-05 0.484669
