9.997E-05 0.9996 9.997E-05 9.997E-05 9.997E-05
0.363585 9.99821E-05 0.0145551 0.62166 9.99821E-05
0.538771 0.0281989 9.99911E-05 0.334692 0.0982387
0.172566 0.00336506 9.99911E-05 0.339461 0.484508
9.99734E-05 9.99734E-05 9.99734E-05 0.94534 0.0543601
0.129129 0.0256278 0.228199 9.99911E-05 0.616945
9.99732E-05 9.99732E-05 0.37506 9.99732E-05 0.62464
9.99733E-05 9.99733E-05 0.391499 0.608201 9.99733E-05
9.99732E-05 9.99732E-05 9.99732E-05 0.236547 0.763153
0.202064 9.99822E-05 9.99822E-05 0.263298 0.534438
0.536447 9.99822E-05 9.99822E-05 0.42215 0.0412033
9.999E-05 0.0855159 0.305922 0.0702037 0.538258
0.233254 0.0880238 0.55243 0.126192 9.99911E-05
9.99734E-05 9.99734E-05 0.249322 9.99734E-05 0.750378
0.348203 9.99912E-05 0.0956069 0.0476953 0.508395
0.128952 9.99733E-05 9.99733E-05 9.99733E-05 0.870748
0.0653806 9.99911E-05 0.0607396 0.593184 0.280596
9.99733E-05 9.99733E-05 9.99733E-05 0.724163 0.275537
9.99734E-05 9.99734E-05 9.99734E-05 0.242219 0.757481
0.436648 9.99821E-05 0.514097 0.0490554 9.99821E-05
0.150952 9.99911E-05 0.512604 0.266515 0.0698292
0.280515 9.99822E-05 0.464635 0.254649 9.99822E-05
9.99733E-05 9.99733E-05 0.0307779 9.99733E-05 0.968922
0.11519 9.99822E-05 9.99822E-05 0.681662 0.202949
0.466917 9.99733E-05 9.99733E-05 0.532783 9.99733E-05
0.417589 9.99732E-05 9.99732E-05 0.582111 9.99732E-05
9.99733E-05 9.99733E-05 0.715355 9.99733E-05 0.284345
0.765266 9.99732E-05 9.99732E-05 9.99732E-05 0.234434
9.99732E-05 9.99732E-05 0.848538 0.151162 9.99732E-05
9.99822E-05 9.99822E-05 0.179204 0.208695 0.611901
9.997E-05 9.997E-05 0.9996 9.997E-05 9.997E-05
9.99733E-05 9.99733E-05 0.869072 9.99733E-05 0.130628
9.99732E-05 9.99732E-05 0.778643 9.99732E-05 0.221057
9.99821E-05 9.99821E-05 0.489098 0.269971 0.240731
9.99732E-05 9.99732E-05 9.99732E-05 0.410313 0.589387
0.00205557 9.99823E-05 0.948031 0.0497136 9.99823E-05
9.99821E-05 0.267921 0.440703 0.291176 9.99821E-05
0.232052 9.99731E-05 0.767648 9.99731E-05 9.99731E-05
9.99732E-05 9.99732E-05 9.99732E-05 0.2615 0.7382
0.707835 9.99733E-05 9.99733E-05 9.99733E-05 0.291866
0.38725 9.9991E-05 0.189945 0.0465061 0.376198
0.048685 9.99734E-05 9.99734E-05 9.99734E-05 0.951015
9.99821E-05 0.0542078 0.0545431 9.99821E-05 0.891049
9.99821E-05 9.99821E-05 0.235657 0.0498772 0.714266
0.499235 0.0610985 0.439466 9.99822E-05 9.99822E-05
0.0160635 0.00419717 0.133978 0.845662 9.99911E-05
0.32614 9.99821E-05 9.99821E-05 0.39458 0.27908
0.420903 9.99822E-05 0.207056 9.99822E-05 0.371841
0.710827 9.99821E-05 0.0409021 0.248071 9.99821E-05
0.27981 9.99823E-05 9.99823E-05 0.119711 0.60028
0.681742 9.99732E-05 9.99732E-05 0.317959 9.99732E-05
0.724041 9.99734E-05 0.275659 9.99734E-05 9.99734E-05
9.99911E-05 0.065018 0.333332 0.165962 0.435587
0.326687 9.99911E-05 0.336842 0.0410895 0.295282
0.472591 0.41105 0.0522324 0.0640267 9.99911E-05
9.99734E-05 9.99734E-05 9.99734E-05 0.389545 0.610155
0.203428 9.99821E-05 0.214565 0.581807 9.99821E-05
9.99822E-05 9.99822E-05 0.180894 0.746105 0.0728008
0.830263 9.99733E-05 0.169437 9.99733E-05 9.99733E-05
9.997E-05 9.997E-05 9.997E-05 0.9996 9.997E-05
0.495439 9.99822E-05 0.350534 0.153827 9.99822E-05
9.99821E-05 9.99821E-05 0.26139 0.66457 0.0738396
9.99733E-05 9.99733E-05 9.99733E-05 0.695059 0.304641
0.324204 9.99821E-05 0.115913 9.99821E-05 0.559683
0.484535 9.99731E-05 9.99731E-05 0.515165 9.99731E-05
0.81488 9.99821E-05 0.0624768 0.122443 9.99821E-05
9.99735E-05 9.99735E-05 0.457222 9.99735E-05 0.542478
0.224471 9.99911E-05 0.674211 0.00748643 0.0937318
0.673079 9.99732E-05 9.99732E-05 0.326622 9.99732E-05
0.413746 9.99732E-05 9.99732E-05 9.99732E-05 0.585954
0.223866 0.180755 9.99822E-05 9.99822E-05 0.595179
9.99822E-05 9.99822E-05 0.464882 0.520968 0.0139505
9.99822E-05 0.186316 9.99822E-05 0.174672 0.638812
0.114975 0.0538032 0.383597 0.418566 0.0290581
0.00145677 9.99911E-05 0.0793507 0.0756075 0.843485
9.9991E-05 0.152085 0.411846 0.289877 0.146092
0.170475 9.99822E-05 0.308933 0.520392 9.99822E-05
0.481406 9.99911E-05 0.0529258 0.232673 0.232895
0.373499 0.127492 9.99821E-05 9.99821E-05 0.498809
9.99822E-05 9.99822E-05 0.03311 0.23724 0.72945
0.144461 9.99821E-05 0.415829 9.99821E-05 0.43951
0.133179 0.0239257 0.133706 0.709089 9.99911E-05
9.99733E-05 9.99733E-05 0.0189263 9.99733E-05 0.980774
0.202337 9.99822E-05 0.696283 0.10118 9.99822E-05
0.16895 0.701965 0.128885 9.99821E-05 9.99821E-05
0.0999264 9.99822E-05 0.187774 0.7121 9.99822E-05
9.99733E-05 9.99733E-05 0.112635 9.99733E-05 0.887065
0.236939 9.99822E-05 0.127766 0.635096 9.99822E-05
9.997E-05 9.997E-05 0.9996 9.997E-05 9.997E-05
0.934744 0.0288531 0.0362034 9.99823E-05 9.99823E-05
0.661699 9.99821E-05 0.260293 9.99821E-05 0.0778079
9.99911E-05 0.0802808 0.00759165 0.210398 0.701629
0.312227 9.99821E-05 9.99821E-05 0.0247818 0.662791
0.416488 9.99822E-05 9.99822E-05 0.192493 0.390818
0.774546 0.0520071 9.99822E-05 9.99822E-05 0.173247
9.99821E-05 9.99821E-05 0.0227724 0.0898313 0.887196
9.99821E-05 9.99821E-05 0.013472 0.804152 0.182176
0.145791 9.99822E-05 9.99822E-05 0.0765469 0.777462
9.99821E-05 9.99821E-05 0.466685 0.00305647 0.530058
0.10088 0.0263859 0.438153 9.99911E-05 0.434482
0.817621 9.99734E-05 0.182079 9.99734E-05 9.99734E-05
0.62518 9.99822E-05 0.0268068 9.99822E-05 0.347813
0.127096 9.99822E-05 0.35835 9.99822E-05 0.514354
9.99911E-05 0.0769025 0.218279 0.232483 0.472236
9.99822E-05 9.99822E-05 0.120912 0.049797 0.829092
0.0522216 9.99821E-05 0.677249 0.270329 9.99821E-05
9.99732E-05 9.99732E-05 0.79787 0.20183 9.99732E-05
0.257529 9.99911E-05 0.507229 0.219095 0.0160474
9.99911E-05 0.0349992 0.441665 0.171907 0.351328
9.99732E-05 9.99732E-05 0.275237 9.99732E-05 0.724463
9.99733E-05 9.99733E-05 0.304617 0.695083 9.99733E-05
9.997E-05 9.997E-05 9.997E-05 9.997E-05 0.9996
0.0242699 9.99822E-05 0.195919 9.99822E-05 0.779611
0.355255 9.99911E-05 0.129771 0.343806 0.171068
0.450669 9.99821E-05 9.99821E-05 0.128222 0.420909
9.99911E-05 0.0129701 0.124165 0.155291 0.707474
9.99911E-05 0.141506 0.0616123 0.450781 0.346
0.0578351 9.99821E-05 9.99821E-05 0.300797 0.641168
9.99822E-05 0.1941 0.198714 0.606987 9.99822E-05
0.471908 9.99822E-05 9.99822E-05 0.382818 0.145073
9.99733E-05 9.99733E-05 0.201341 9.99733E-05 0.798359
9.997E-05 9.997E-05 9.997E-05 9.997E-05 0.9996
0.308929 9.99822E-05 9.99822E-05 0.237257 0.453614
9.997E-05 9.997E-05 9.997E-05 9.997E-05 0.9996
9.99733E-05 9.99733E-05 9.99733E-05 0.0441137 0.955586
0.238933 0.125356 9.99822E-05 9.99822E-05 0.635511
9.99821E-05 9.99821E-05 0.14126 0.155149 0.703391
0.197432 0.0380621 9.99911E-05 0.309751 0.454655
9.99822E-05 0.00723844 0.444153 0.548408 9.99822E-05
0.22532 9.99911E-05 0.00619805 0.0182919 0.75009
9.99733E-05 9.99733E-05 0.693442 9.99733E-05 0.306258
0.060727 9.99733E-05 9.99733E-05 9.99733E-05 0.938973
0.0220848 9.99822E-05 9.99822E-05 0.122457 0.855258
0.174963 9.99911E-05 0.274803 0.107625 0.442509
9.99732E-05 9.99732E-05 0.123589 0.876111 9.99732E-05
0.295298 9.99821E-05 9.99821E-05 0.683191 0.0213104
0.329385 9.99821E-05 0.217767 9.99821E-05 0.452648
0.933467 9.99911E-05 0.0269488 0.0218584 0.0176254
9.99732E-05 9.99732E-05 0.0239202 9.99732E-05 0.97578
0.709231 9.99732E-05 9.99732E-05 9.99732E-05 0.290469
0.161202 9.99911E-05 0.570731 0.152643 0.115324
9.997E-05 9.997E-05 9.997E-05 9.997E-05 0.9996
9.99734E-05 9.99734E-05 9.99734E-05 0.128806 0.870895
9.99822E-05 9.99822E-05 0.0304328 0.126606 0.842762
0.575583 9.99822E-05 9.99822E-05 0.366447 0.0577708
0.856062 9.99821E-05 0.027646 0.116092 9.99821E-05
0.406526 9.99821E-05 0.054578 0.538696 9.99821E-05
9.99822E-05 9.99822E-05 0.232601 0.36175 0.405449
0.396155 9.99821E-05 0.0145942 9.99821E-05 0.589051
9.99821E-05 9.99821E-05 0.202073 0.117106 0.680621
9.99823E-05 0.0120855 0.332118 9.99823E-05 0.655596
0.68446 9.99822E-05 0.246781 9.99822E-05 0.068559
0.157141 9.99732E-05 9.99732E-05 9.99732E-05 0.842559
0.748567 9.99733E-05 0.251133 9.99733E-05 9.99733E-05
0.652314 9.99823E-05 9.99823E-05 0.230797 0.116689
0.682661 9.99732E-05 0.317039 9.99732E-05 9.99732E-05
0.54269 9.99822E-05 0.14145 0.315661 9.99822E-05
