9.997E-05 9.997E-05 9.997E-05 9.997E-05 0.9996
0.350692 9.99733E-05 9.99733E-05 0.649008 9.99733E-05
0.223339 9.99821E-05 0.00786472 0.768596 9.99821E-05
0.131232 0.597952 9.99822E-05 0.270616 9.99822E-05
0.738677 0.261024 9.99733E-05 9.99733E-05 9.99733E-05
0.245623 0.320394 0.392013 9.99911E-05 0.0418696
9.99732E-05 0.826609 0.173091 9.99732E-05 9.99732E-05
0.35045 0.289033 9.99822E-05 0.360317 9.99822E-05
0.00633345 0.246167 0.406897 0.340502 9.99911E-05
0.214173 0.56949 9.99821E-05 0.216138 9.99821E-05
0.230773 0.0720108 9.99822E-05 0.697016 9.99822E-05
0.378166 0.021521 0.600113 9.99822E-05 9.99822E-05
0.280408 0.220069 0.046498 0.452925 9.99911E-05
0.027661 0.493626 0.478513 9.99822E-05 9.99822E-05
0.117262 9.99823E-05 0.280865 0.601673 9.99823E-05
9.99823E-05 0.445657 0.0956421 0.458501 9.99823E-05
0.0598145 0.656816 9.99823E-05 0.28317 9.99823E-05
0.584567 9.99822E-05 0.131821 0.283412 9.99822E-05
0.0945277 0.593579 0.311694 9.99822E-05 9.99822E-05
0.165089 0.555417 9.99821E-05 0.279294 9.99821E-05
0.615848 0.250755 9.99822E-05 0.133197 9.99822E-05
0.535489 9.99822E-05 0.128499 0.335812 9.99822E-05
0.104355 0.330999 0.564446 9.99822E-05 9.99822E-05
0.757198 0.134487 0.108115 9.99822E-05 9.99822E-05
0.170296 9.99734E-05 9.99734E-05 0.829404 9.99734E-05
0.457075 0.0186799 0.0689258 0.45522 9.999E-05
9.997E-05 0.9996 9.997E-05 9.997E-05 9.997E-05
9.99821E-05 0.282362 0.0897846 0.627654 9.99821E-05
0.457954 0.299111 9.99821E-05 0.242735 9.99821E-05
0.143908 0.444591 0.299947 0.111454 9.99911E-05
9.99732E-05 0.803052 9.99732E-05 0.196649 9.99732E-05
9.99732E-05 0.915427 9.99732E-05 0.0842728 9.99732E-05
9.99732E-05 0.905442 0.0942585 9.99732E-05 9.99732E-05
0.413126 0.28522 0.301454 9.99821E-05 9.99821E-05
0.167022 0.113805 0.718973 9.99821E-05 9.99821E-05
0.494187 9.998E-05 0.391521 0.114092 9.998E-05
0.258404 0.712316 9.99822E-05 9.99822E-05 0.0290801
9.99731E-05 0.465964 9.99731E-05 0.533736 9.99731E-05
0.157331 9.99821E-05 0.728468 0.114002 9.99821E-05
9.99822E-05 9.99822E-05 0.400466 0.593857 0.00547751
9.997E-05 0.256287 9.997E-05 0.743413 9.997E-05
9.99733E-05 0.478224 0.521476 9.99733E-05 9.99733E-05
9.998E-05 0.126791 0.79626 9.998E-05 0.0767493
9.99732E-05 0.662549 9.99732E-05 0.337151 9.99732E-05
0.00781648 0.422797 9.998E-05 0.569186 9.998E-05
0.543747 0.091912 0.126836 0.237405 9.99911E-05
0.343536 0.417632 0.150462 0.0882699 9.99911E-05
0.0217636 9.99821E-05 0.810797 0.16724 9.99821E-05
0.189129 9.99732E-05 9.99732E-05 0.810571 9.99732E-05
0.482165 9.998E-05 0.32677 0.190866 9.998E-05
0.704608 9.99821E-05 0.0103034 0.284888 9.99821E-05
0.664933 9.99822E-05 9.99822E-05 0.302247 0.0326193
9.99732E-05 0.927557 9.99732E-05 9.99732E-05 0.0721436
0.570429 0.279839 0.149533 9.99822E-05 9.99822E-05
0.241297 9.99822E-05 9.99822E-05 0.392656 0.365848
0.234749 0.295401 0.46965 9.99823E-05 9.99823E-05
0.693867 0.0103331 9.99821E-05 0.2956 9.99821E-05
0.579802 0.350814 9.99823E-05 0.0691836 9.99823E-05
9.99733E-05 9.99733E-05 0.213842 0.785859 9.99733E-05
0.620978 0.107194 0.271628 9.99821E-05 9.99821E-05
0.152502 0.494635 9.998E-05 0.352663 9.998E-05
0.460903 0.347355 0.00207188 0.18957 9.999E-05
0.267953 0.579915 0.00682127 0.145211 9.99911E-05
9.99821E-05 0.675688 0.0166064 0.307506 9.99821E-05
0.370296 0.222246 9.998E-05 0.407258 9.998E-05
0.194899 9.99821E-05 0.0318988 0.773002 9.99821E-05
9.997E-05 9.997E-05 0.9996 9.997E-05 9.997E-05
0.0333156 0.107519 0.473764 0.385301 9.99911E-05
0.326822 9.998E-05 0.272005 0.400974 9.998E-05
9.99732E-05 9.99732E-05 0.647192 0.352508 9.99732E-05
9.99911E-05 0.440773 0.198328 0.21503 0.145768
0.61988 0.231937 9.99822E-05 0.147983 9.99822E-05
0.378538 9.99823E-05 0.620351 9.99823E-05 0.000911544
0.726114 9.99733E-05 0.273586 9.99733E-05 9.99733E-05
0.349755 0.579519 0.0705253 9.99822E-05 9.99822E-05
0.439796 0.502212 0.00558423 9.999E-05 0.0523079
0.591927 9.99822E-05 0.406443 9.99822E-05 0.00142996
0.336021 0.00698008 0.0256898 0.631209 9.99911E-05
9.99822E-05 0.0106124 0.911104 9.99822E-05 0.078084
0.0351998 9.99822E-05 0.436222 0.528378 9.99822E-05
0.0538474 0.215181 0.605176 0.125696 9.99911E-05
0.57986 9.998E-05 0.0152763 0.404664 9.998E-05
9.997E-05 0.608723 0.390977 9.997E-05 9.997E-05
0.165335 0.463648 9.998E-05 0.370816 9.998E-05
0.111622 9.9982E-05 9.9982E-05 0.118668 0.769511
0.758723 0.0581247 9.998E-05 0.182952 9.998E-05
9.99732E-05 0.255774 0.743926 9.99732E-05 9.99732E-05
0.86686 9.99733E-05 0.132841 9.99733E-05 9.99733E-05
0.215754 0.472383 0.311663 9.998E-05 9.998E-05
0.17179 0.197092 9.998E-05 0.630919 9.998E-05
9.99821E-05 0.220277 0.0275939 0.751929 9.99821E-05
0.00115501 0.900833 9.99822E-05 9.99822E-05 0.0978116
9.99821E-05 0.214402 0.633361 0.152037 9.99821E-05
9.99734E-05 0.471419 9.99734E-05 0.528281 9.99734E-05
9.99822E-05 0.214751 0.427234 0.357816 9.99822E-05
9.99822E-05 0.176145 0.789062 0.0345927 9.99822E-05
0.286411 0.0173926 0.180937 0.515159 9.999E-05
0.224902 9.99822E-05 0.756666 9.99822E-05 0.0182323
0.116859 0.530472 0.256838 0.0957314 9.999E-05
9.99821E-05 0.596966 0.173641 0.229193 9.99821E-05
0.242604 9.99822E-05 9.99822E-05 0.655523 0.101673
9.99822E-05 0.20951 0.293132 0.497158 9.99822E-05
9.998E-05 0.354898 0.38495 0.259953 9.998E-05
0.259753 0.177737 0.54757 0.0148394 9.99911E-05
0.0945848 0.340196 0.551346 0.0137728 9.99911E-05
0.765374 0.0688802 9.99821E-05 0.165546 9.99821E-05
0.64734 0.107709 0.244751 9.99822E-05 9.99822E-05
0.479339 9.998E-05 0.407994 0.112467 9.998E-05
0.318121 0.219195 0.461797 0.000787181 9.99911E-05
9.997E-05 0.9996 9.997E-05 9.997E-05 9.997E-05
0.9996 9.997E-05 9.997E-05 9.997E-05 9.997E-05
9.99821E-05 0.465729 0.367165 0.166906 9.99821E-05
9.99733E-05 0.506967 9.99733E-05 0.492733 9.99733E-05
0.0261364 0.476146 0.10728 0.390337 9.99911E-05
9.99821E-05 0.0524555 0.300615 0.64673 9.99821E-05
0.226056 0.632561 0.141183 9.99822E-05 9.99822E-05
0.419104 0.451036 0.118294 9.999E-05 0.0114655
0.481352 0.0800003 0.348817 0.0897304 9.99911E-05
0.376431 0.597737 9.99823E-05 9.99823E-05 0.025632
0.459051 0.144915 0.187529 0.208405 9.999E-05
9.997E-05 9.997E-05 0.9996 9.997E-05 9.997E-05
9.99733E-05 0.301177 0.698523 9.99733E-05 9.99733E-05
9.99733E-05 9.99733E-05 0.64736 0.35234 9.99733E-05
9.99821E-05 0.264228 0.722802 0.0127705 9.99821E-05
0.190114 0.557892 0.249647 0.00224691 9.99911E-05
0.438481 0.095081 0.260091 9.99911E-05 0.206246
9.99732E-05 0.533049 0.466651 9.99732E-05 9.99732E-05
9.997E-05 0.461312 9.997E-05 0.538388 9.997E-05
0.909068 0.0293253 9.99822E-05 0.0614068 9.99822E-05
9.99733E-05 9.99733E-05 0.831533 0.168168 9.99733E-05
9.997E-05 0.696282 0.303418 9.997E-05 9.997E-05
9.99822E-05 0.142743 0.260758 0.5963 9.99822E-05
9.998E-05 0.512751 0.4559 0.0311486 9.998E-05
0.102692 0.198691 0.698417 9.99821E-05 9.99821E-05
0.467296 0.189583 0.0545314 0.28849 9.99911E-05
0.514114 0.133386 0.0696419 0.282758 9.999E-05
9.99822E-05 0.237273 0.32384 0.438687 9.99822E-05
9.99733E-05 9.99733E-05 0.161556 0.838144 9.99733E-05
9.99732E-05 0.668284 0.331416 9.99732E-05 9.99732E-05
9.99732E-05 9.99732E-05 0.335561 0.664139 9.99732E-05
0.34155 0.230759 9.99821E-05 0.427491 9.99821E-05
0.00134383 0.491579 0.506877 9.99822E-05 9.99822E-05
9.99734E-05 0.194685 0.805015 9.99734E-05 9.99734E-05
9.998E-05 0.297877 0.543493 0.158431 9.998E-05
0.135532 9.99822E-05 0.294126 0.570143 9.99822E-05
9.99731E-05 0.0231275 9.99731E-05 0.976573 9.99731E-05
0.346433 0.307325 9.99822E-05 0.346043 9.99822E-05
0.295154 0.0194969 0.472633 0.212616 9.99911E-05
9.99911E-05 0.436781 0.260994 0.267664 0.0344605
9.99821E-05 0.779558 0.0433568 0.176885 9.99821E-05
9.99734E-05 0.993676 0.00602411 9.99734E-05 9.99734E-05
9.997E-05 0.230402 9.997E-05 0.769299 9.997E-05
9.99821E-05 0.431777 0.331787 0.236236 9.99821E-05
9.99735E-05 9.99735E-05 0.0318396 0.967861 9.99735E-05
0.196984 9.998E-05 0.223625 0.579191 9.998E-05
0.0564967 9.99821E-05 0.340201 0.603102 9.99821E-05
0.115248 9.99734E-05 9.99734E-05 0.884452 9.99734E-05
