9.997E-05 9.997E-05 9.997E-05 0.9996 9.997E-05
0.69765 0.159793 9.99821E-05 0.142357 9.99821E-05
9.999E-05 0.306446 0.078691 0.501826 0.112936
0.301038 0.126123 0.486403 0.0863369 9.99911E-05
0.70563 0.294071 9.99733E-05 9.99733E-05 9.99733E-05
0.359501 9.99822E-05 0.569315 9.99822E-05 0.0709837
0.11482 9.99821E-05 0.856392 9.99821E-05 0.0285877
9.999E-05 0.745612 0.0104664 0.0287556 0.215066
0.20571 9.99821E-05 0.249692 9.99821E-05 0.544398
0.377192 9.99821E-05 0.525047 0.0975615 9.99821E-05
0.128183 0.309569 9.99821E-05 0.562048 9.99821E-05
9.99732E-05 0.311501 9.99732E-05 9.99732E-05 0.688199
9.99821E-05 0.44875 9.99821E-05 0.31085 0.2402
0.161128 9.99822E-05 0.287395 9.99822E-05 0.551277
0.0422532 0.552216 0.228076 0.177355 9.99911E-05
0.324072 0.154479 0.52125 9.99823E-05 9.99823E-05
0.652822 9.99822E-05 0.160223 9.99822E-05 0.186755
0.205304 0.599495 0.062455 0.132646 9.99911E-05
9.997E-05 9.997E-05 9.997E-05 9.997E-05 0.9996
0.000569921 9.99821E-05 0.291732 0.707498 9.99821E-05
9.99732E-05 0.665176 0.334524 9.99732E-05 9.99732E-05
0.0773401 0.36586 9.99911E-05 0.276706 0.279995
0.0927759 0.288421 0.618603 9.99822E-05 9.99822E-05
0.723875 0.235734 0.0401908 9.99822E-05 9.99822E-05
0.303667 9.99733E-05 9.99733E-05 0.696033 9.99733E-05
0.316351 0.20301 9.99821E-05 0.480439 9.99821E-05
9.99822E-05 0.0473409 0.879472 9.99822E-05 0.0729875
0.076081 9.99821E-05 0.465483 0.458236 9.99821E-05
0.124803 0.222776 9.9991E-05 0.295766 0.356555
9.99911E-05 0.01563 0.547569 0.31088 0.125821
9.99732E-05 0.218661 0.781039 9.99732E-05 9.99732E-05
0.0328035 9.99732E-05 0.966897 9.99732E-05 9.99732E-05
9.99822E-05 0.0632237 0.9012 9.99822E-05 0.035376
0.0374474 0.40841 0.279685 9.99911E-05 0.274358
0.595273 9.99732E-05 9.99732E-05 9.99732E-05 0.404427
0.199737 0.686907 0.0736272 9.99911E-05 0.0396282
0.157047 0.387044 0.295519 9.99911E-05 0.16029
9.9982E-05 0.182298 0.617146 0.200355 9.9982E-05
0.310357 0.448841 9.99821E-05 9.99821E-05 0.240602
9.99911E-05 0.129168 0.100797 0.631152 0.138783
0.0305959 0.113488 0.592192 0.263624 9.9991E-05
0.110046 0.0162948 0.613147 9.99911E-05 0.260413
9.99821E-05 9.99821E-05 0.385915 0.00843873 0.605446
0.0259208 9.99732E-05 0.973779 9.99732E-05 9.99732E-05
9.99822E-05 0.106186 0.389379 0.504235 9.99822E-05
0.157892 0.719494 0.0093956 0.113118 9.99911E-05
0.645097 0.0578313 0.277754 0.0192172 9.99911E-05
0.309765 0.104534 0.126072 0.349277 0.110352
0.0224582 0.52908 0.0526699 0.395692 9.9991E-05
0.9996 9.997E-05 9.997E-05 9.997E-05 9.997E-05
0.692018 9.99821E-05 0.0235221 0.28426 9.99821E-05
0.163658 0.117479 9.99822E-05 0.718664 9.99822E-05
9.99822E-05 9.99822E-05 0.805249 0.106465 0.0880856
9.99822E-05 0.239077 0.410759 9.99822E-05 0.349964
9.99736E-05 0.615727 9.99736E-05 0.383973 9.99736E-05
0.31621 9.99734E-05 9.99734E-05 9.99734E-05 0.68349
0.486454 0.385568 0.127778 9.99821E-05 9.99821E-05
9.99822E-05 0.792134 0.139929 9.99822E-05 0.0677369
0.106543 9.99821E-05 9.99821E-05 0.779692 0.113565
0.437664 0.427 9.99821E-05 9.99821E-05 0.135136
0.227504 0.0411705 0.239874 0.491352 9.99911E-05
0.3237 0.639396 9.99821E-05 9.99821E-05 0.0367036
0.806244 0.0113535 9.99911E-05 0.13981 0.0424917
0.112577 9.99821E-05 0.606193 0.28103 9.99821E-05
0.445478 9.99821E-05 0.18559 0.368732 9.99821E-05
0.440651 9.99731E-05 9.99731E-05 0.559049 9.99731E-05
9.99733E-05 0.235525 9.99733E-05 9.99733E-05 0.764175
0.11219 0.0364368 0.225698 0.372276 0.253399
0.309503 0.16969 9.99821E-05 0.520606 9.99821E-05
0.297702 9.99822E-05 0.466681 0.235417 9.99822E-05
9.99822E-05 9.99822E-05 0.133893 0.2667 0.599207
9.99734E-05 0.622186 0.377514 9.99734E-05 9.99734E-05
0.139841 0.409086 9.99823E-05 9.99823E-05 0.450874
0.0251 0.547132 0.0511264 0.0378595 0.338782
0.128416 9.99822E-05 0.676071 9.99822E-05 0.195312
9.99821E-05 0.15462 0.227208 9.99821E-05 0.617972
0.152532 0.551303 9.99911E-05 0.133609 0.162456
0.633175 9.99911E-05 0.152044 0.179916 0.034765
0.127745 9.99822E-05 9.99822E-05 0.261079 0.610976
0.0503521 0.380285 0.42144 0.147824 9.99911E-05
0.263539 9.99911E-05 0.59709 0.056984 0.082287
9.99821E-05 0.802336 9.99821E-05 0.183086 0.0143779
0.296708 9.99821E-05 0.583417 9.99821E-05 0.119675
9.99821E-05 0.282225 0.436158 0.281418 9.99821E-05
9.99824E-05 0.00894556 9.99824E-05 0.973401 0.0174532
9.99733E-05 0.802543 0.197158 9.99733E-05 9.99733E-05
0.071263 0.188433 0.372905 9.99911E-05 0.367299
0.136742 0.704933 9.99911E-05 0.142461 0.0157631
9.99822E-05 0.411623 0.497494 9.99822E-05 0.0906828
9.99822E-05 0.205346 0.0986906 0.695764 9.99822E-05
9.99731E-05 9.99731E-05 0.366182 0.633518 9.99731E-05
9.99823E-05 0.00703318 0.94928 9.99823E-05 0.0434866
0.682976 9.99731E-05 0.316724 9.99731E-05 9.99731E-05
0.655388 9.99822E-05 0.130193 0.214219 9.99822E-05
0.0517754 9.99822E-05 0.26162 0.686405 9.99822E-05
9.99732E-05 9.99732E-05 0.296239 9.99732E-05 0.703461
9.99911E-05 0.416133 0.211031 0.196327 0.176409
0.0312467 0.279409 0.496326 9.99911E-05 0.192918
9.99821E-05 0.331226 0.406799 0.261775 9.99821E-05
0.135834 9.99911E-05 0.528052 0.0942506 0.241763
0.184831 0.367449 0.146514 0.301106 9.99911E-05
9.99731E-05 9.99731E-05 9.99731E-05 0.71935 0.28035
9.99911E-05 0.217803 0.417333 0.0561601 0.308604
0.0601816 9.99822E-05 9.99822E-05 0.0425418 0.897077
0.499505 0.29246 9.99822E-05 9.99822E-05 0.207835
0.226141 0.77356 9.99732E-05 9.99732E-05 9.99732E-05
9.99821E-05 0.52406 9.99821E-05 0.109631 0.36611
9.99821E-05 0.633527 9.99821E-05 0.189583 0.176691
0.0897718 0.314213 0.0987369 9.99911E-05 0.497179
9.997E-05 9.997E-05 0.9996 9.997E-05 9.997E-05
9.997E-05 0.9996 9.997E-05 9.997E-05 9.997E-05
9.99821E-05 9.99821E-05 0.769662 0.0683895 0.161748
0.141156 9.99733E-05 0.858544 9.99733E-05 9.99733E-05
0.804022 9.99733E-05 0.195678 9.99733E-05 9.99733E-05
0.155731 0.226733 0.332266 0.28517 9.9991E-05
0.569911 9.99822E-05 0.141439 9.99822E-05 0.28845
0.100752 0.62373 0.275319 9.99823E-05 9.99823E-05
0.0205327 0.403894 0.555429 0.0200445 9.99911E-05
0.344571 0.592595 0.0626337 9.99823E-05 9.99823E-05
0.459611 0.206882 0.0595907 0.273817 9.99911E-05
9.99733E-05 0.144602 9.99733E-05 9.99733E-05 0.855098
9.99733E-05 9.99733E-05 0.70453 9.99733E-05 0.29517
0.456184 9.99822E-05 9.99822E-05 0.299138 0.244478
9.99732E-05 9.99732E-05 0.432797 9.99732E-05 0.566903
0.37482 0.077616 0.475319 9.99911E-05 0.0721449
9.99823E-05 0.568311 0.353091 0.078399 9.99823E-05
0.236983 9.99821E-05 0.360294 9.99821E-05 0.402523
0.0123003 0.0927296 0.59868 0.296191 9.99911E-05
9.997E-05 0.9996 9.997E-05 9.997E-05 9.997E-05
0.0864261 0.638455 9.99911E-05 0.023044 0.251975
0.0367492 9.99821E-05 0.396084 9.99821E-05 0.566967
0.00462145 0.354124 0.641055 9.99822E-05 9.99822E-05
0.0480373 9.99911E-05 0.33222 0.0617688 0.557874
0.460566 0.00868355 0.0880713 0.11724 0.32544
0.402293 0.253817 9.99911E-05 0.120518 0.223273
0.515088 0.290808 9.99821E-05 0.193904 9.99821E-05
0.385579 9.99911E-05 0.561645 0.0038757 0.0488
0.51056 9.99732E-05 9.99732E-05 0.48914 9.99732E-05
9.99821E-05 0.167951 0.68818 9.99821E-05 0.143669
0.091227 0.235033 0.174197 0.499444 9.99911E-05
9.99821E-05 0.601397 0.254701 0.143701 9.99821E-05
0.456074 9.99733E-05 0.543626 9.99733E-05 9.99733E-05
0.453126 9.99733E-05 9.99733E-05 9.99733E-05 0.546574
0.852406 9.99733E-05 0.147294 9.99733E-05 9.99733E-05
0.435313 0.179061 9.99911E-05 0.327647 0.0578787
9.9982E-05 0.226981 0.0779255 0.694894 9.9982E-05
0.463922 0.205769 0.138044 0.192165 9.99911E-05
0.659916 0.232677 9.99822E-05 9.99822E-05 0.107207
0.110291 9.99822E-05 0.811142 0.0783679 9.99822E-05
0.0631031 0.191805 0.744892 9.99821E-05 9.99821E-05
0.256299 9.99734E-05 0.743401 9.99734E-05 9.99734E-05
9.99732E-05 9.99732E-05 0.182198 0.817502 9.99732E-05
0.204876 0.0564969 0.738427 9.99821E-05 9.99821E-05
0.367432 0.385156 9.99822E-05 0.247213 9.99822E-05
0.341982 0.441661 9.99823E-05 0.216157 9.99823E-05
0.425418 9.99821E-05 9.99821E-05 0.56837 0.00601217
0.0199054 0.394632 9.99822E-05 0.585263 9.99822E-05
