9.996E-05 9.996E-05 9.996E-05 9.996E-05 9.996E-05 0.9995
0.347233 9.99732E-05 0.443502 0.208965 9.99732E-05 9.99732E-05
0.467978 0.0862478 0.445475 9.99732E-05 9.99732E-05 9.99732E-05
0.244177 9.99911E-05 0.123717 0.297433 0.259333 0.0752408
9.996E-05 9.996E-05 0.586591 0.413009 9.996E-05 9.996E-05
0.0470078 9.99733E-05 9.99733E-05 0.424682 0.528011 9.99733E-05
9.997E-05 0.174489 9.997E-05 0.54029 0.284921 9.997E-05
9.99644E-05 9.99644E-05 0.761551 9.99644E-05 0.238049 9.99644E-05
9.99731E-05 0.516707 9.99731E-05 0.457059 0.0259338 9.99731E-05
0.0347857 0.104284 0.0044984 0.440314 0.416018 9.99911E-05
0.447988 0.0487822 0.105562 0.321901 0.0756665 9.99911E-05
9.997E-05 0.684811 0.134116 9.997E-05 0.180772 9.997E-05
9.997E-05 0.0169557 0.598161 9.997E-05 0.384583 9.997E-05
9.99823E-05 0.18425 0.0582847 0.253918 0.503347 9.99823E-05
0.860745 0.138527 9.997E-05 9.997E-05 0.000427213 9.997E-05
0.296982 0.248344 9.99733E-05 0.454374 9.99733E-05 9.99733E-05
9.997E-05 9.997E-05 0.419618 0.522192 0.0578897 9.997E-05
0.341257 0.0180713 0.640372 9.99733E-05 9.99733E-05 9.99733E-05
9.99734E-05 0.729552 9.99734E-05 0.0619843 0.208164 9.99734E-05
0.217713 9.99732E-05 0.0930758 9.99732E-05 0.688912 9.99732E-05
0.19036 9.99733E-05 0.279743 9.99733E-05 0.529597 9.99733E-05
0.179285 0.427508 0.261526 9.99822E-05 0.131481 9.99822E-05
9.99732E-05 0.54424 9.99732E-05 0.42274 0.0327201 9.99732E-05
9.997E-05 9.997E-05 0.289623 0.65445 0.0556271 9.997E-05
0.372217 9.99645E-05 0.627383 9.99645E-05 9.99645E-05 9.99645E-05
0.419891 9.99732E-05 0.570579 9.99732E-05 0.0092309 9.99732E-05
9.996E-05 9.996E-05 9.996E-05 9.996E-05 0.9995 9.996E-05
0.872415 0.0999821 9.99821E-05 0.00645043 0.0209528 9.99821E-05
0.0277081 9.997E-05 0.553994 9.997E-05 0.417998 9.997E-05
0.259052 0.431469 9.99733E-05 9.99733E-05 0.309179 9.99733E-05
0.185765 9.99731E-05 0.190247 9.99731E-05 0.623688 9.99731E-05
9.99643E-05 9.99643E-05 9.99643E-05 0.238175 0.761425 9.99643E-05
0.0395358 0.188178 9.99732E-05 9.99732E-05 0.771987 9.99732E-05
9.997E-05 0.0719507 0.459864 9.997E-05 0.467885 9.997E-05
9.99732E-05 0.333268 0.425432 0.240999 9.99732E-05 9.99732E-05
0.139143 0.219918 0.459587 0.0147189 0.166533 9.999E-05
9.999E-05 0.0904786 0.549724 0.103238 0.227582 0.0288773
0.306042 9.997E-05 0.0760918 9.997E-05 0.617567 9.997E-05
0.383176 0.381039 0.235486 9.99732E-05 9.99732E-05 9.99732E-05
0.652388 0.126301 0.221011 9.997E-05 9.997E-05 9.997E-05
0.571312 0.000536479 9.99821E-05 0.0962956 0.331656 9.99821E-05
0.138649 0.544078 9.998E-05 0.0896808 0.227392 9.998E-05
9.997E-05 0.630333 0.0714951 9.997E-05 0.297872 9.997E-05
9.99642E-05 9.99642E-05 9.99642E-05 0.48823 0.51137 9.99642E-05
0.172044 9.997E-05 0.114917 9.997E-05 0.712739 9.997E-05
9.996E-05 9.996E-05 0.9995 9.996E-05 9.996E-05 9.996E-05
0.345101 0.154043 0.0751538 0.425502 9.99821E-05 9.99821E-05
0.6299 0.31553 0.0542701 9.997E-05 9.997E-05 9.997E-05
0.64327 9.997E-05 0.334233 0.0221968 9.997E-05 9.997E-05
9.99645E-05 9.99645E-05 9.99645E-05 0.987949 9.99645E-05 0.0116508
0.362897 9.997E-05 0.238507 0.398296 9.997E-05 9.997E-05
0.923508 9.99734E-05 9.99734E-05 9.99734E-05 0.0530214 0.0231708
9.99733E-05 0.182145 9.99733E-05 0.0170265 0.800529 9.99733E-05
0.408697 0.265862 9.99733E-05 9.99733E-05 0.325142 9.99733E-05
9.99732E-05 9.99732E-05 0.371801 0.225881 9.99732E-05 0.402018
0.156614 0.811036 9.997E-05 0.0320496 9.997E-05 9.997E-05
0.429272 9.998E-05 0.4196 0.0240232 0.126905 9.998E-05
9.99645E-05 9.99645E-05 0.772288 0.227312 9.99645E-05 9.99645E-05
0.410361 0.432016 0.157323 9.99733E-05 9.99733E-05 9.99733E-05
9.99642E-05 0.0517425 0.947858 9.99642E-05 9.99642E-05 9.99642E-05
0.432378 9.998E-05 0.172536 0.129986 0.2649 9.998E-05
9.997E-05 9.997E-05 0.884286 0.0337892 0.0816252 9.997E-05
9.997E-05 9.997E-05 0.331125 0.553812 0.114763 9.997E-05
0.352642 9.997E-05 9.997E-05 0.186342 0.460716 9.997E-05
0.654723 9.997E-05 0.336779 9.997E-05 0.00819811 9.997E-05
0.435095 9.997E-05 0.331575 0.23303 9.997E-05 9.997E-05
9.996E-05 0.9995 9.996E-05 9.996E-05 9.996E-05 9.996E-05
0.358388 0.000805846 0.194571 9.99821E-05 0.446035 9.99821E-05
0.466227 0.053101 0.480372 9.99732E-05 9.99732E-05 9.99732E-05
0.618799 0.21677 9.99732E-05 0.16413 9.99732E-05 9.99732E-05
0.44773 0.24226 9.997E-05 9.997E-05 0.30971 9.997E-05
0.0619535 9.99734E-05 0.510764 9.99734E-05 0.426982 9.99734E-05
9.999E-05 0.548949 0.101322 0.149514 0.140768 0.0593465
0.172086 0.398764 0.313453 9.998E-05 0.115497 9.998E-05
0.0235542 0.386129 0.0968146 9.998E-05 0.493302 9.998E-05
9.99821E-05 0.350694 9.99821E-05 0.28839 0.343066 0.0176491
0.114948 0.106619 0.711338 9.998E-05 0.0668955 9.998E-05
0.34047 9.997E-05 0.17642 0.48281 9.997E-05 9.997E-05
9.996E-05 0.9995 9.996E-05 9.996E-05 9.996E-05 9.996E-05
0.298723 0.0541946 0.632304 9.99822E-05 9.99822E-05 0.0145789
0.59665 0.170769 0.0470053 9.99822E-05 0.185375 9.99822E-05
0.389962 0.0202439 0.589494 9.997E-05 9.997E-05 9.997E-05
0.420688 0.0647068 9.99821E-05 0.185307 0.329098 9.99821E-05
0.123702 9.997E-05 0.468066 9.997E-05 0.407932 9.997E-05
0.26942 0.039471 9.9973E-05 9.9973E-05 9.9973E-05 0.690809
0.218155 9.997E-05 0.725194 9.997E-05 0.0563509 9.997E-05
0.538253 0.324966 9.99733E-05 9.99733E-05 0.136481 9.99733E-05
0.446037 0.17366 0.380003 9.997E-05 9.997E-05 9.997E-05
9.996E-05 9.996E-05 9.996E-05 9.996E-05 0.9995 9.996E-05
0.759981 9.99647E-05 9.99647E-05 9.99647E-05 0.239619 9.99647E-05
0.739217 9.99732E-05 9.99732E-05 0.0694836 0.190999 9.99732E-05
9.99734E-05 0.0977116 0.275952 9.99734E-05 0.626037 9.99734E-05
0.376143 0.143148 9.99732E-05 0.480409 9.99732E-05 9.99732E-05
0.260755 9.99644E-05 9.99644E-05 0.738845 9.99644E-05 9.99644E-05
0.667491 0.182659 9.998E-05 9.998E-05 0.114776 0.0348743
0.0764203 0.87655 9.99732E-05 0.0467297 9.99732E-05 9.99732E-05
0.177744 0.158385 0.663571 9.997E-05 9.997E-05 9.997E-05
0.209601 0.484149 0.135342 9.998E-05 0.170708 9.998E-05
0.0543828 0.175465 0.0706817 9.998E-05 0.699271 9.998E-05
9.99732E-05 0.279177 9.99732E-05 0.242325 0.478198 9.99732E-05
0.665538 9.998E-05 0.238701 9.998E-05 0.0514317 0.0441297
0.552725 0.353176 9.997E-05 9.997E-05 0.0937993 9.997E-05
0.16384 0.324867 0.029129 0.180152 0.301912 9.999E-05
9.99643E-05 0.90514 0.0944597 9.99643E-05 9.99643E-05 9.99643E-05
9.99732E-05 0.375286 9.99732E-05 0.596898 9.99732E-05 0.0275167
0.291023 9.998E-05 0.296931 0.200388 0.211458 9.998E-05
0.0959458 0.0405843 0.467397 0.0415316 0.354441 9.999E-05
0.119676 0.620005 0.260019 9.997E-05 9.997E-05 9.997E-05
9.998E-05 0.273422 0.320009 0.119112 0.287257 9.998E-05
9.99733E-05 9.99733E-05 0.0330541 0.179343 0.787303 9.99733E-05
9.99644E-05 9.99644E-05 0.94419 9.99644E-05 0.0554099 9.99644E-05
0.451169 0.170227 9.997E-05 9.997E-05 0.378304 9.997E-05
9.99644E-05 9.99644E-05 9.99644E-05 0.539076 0.460524 9.99644E-05
0.0425985 9.99733E-05 9.99733E-05 0.717137 0.239964 9.99733E-05
0.646194 9.99732E-05 9.99732E-05 0.207084 0.146422 9.99732E-05
9.99821E-05 0.0315815 0.0117922 0.581624 0.374803 9.99821E-05
0.0232009 0.14954 0.165637 0.33895 0.205718 0.116954
0.387334 0.0848684 0.173828 9.99822E-05 0.35377 9.99822E-05
9.99822E-05 9.99822E-05 0.014689 0.11593 0.633405 0.235777
0.548289 9.997E-05 0.249428 9.997E-05 0.201984 9.997E-05
9.99643E-05 0.789326 0.210274 9.99643E-05 9.99643E-05 9.99643E-05
0.180744 0.495485 9.998E-05 0.0425635 0.281008 9.998E-05
0.497539 0.496171 0.00599088 9.997E-05 9.997E-05 9.997E-05
9.99733E-05 0.831899 9.99733E-05 0.00516388 0.162638 9.99733E-05
0.123033 0.420164 9.998E-05 0.372097 0.0845052 9.998E-05
0.218503 0.551591 9.99822E-05 9.99822E-05 0.091365 0.138341
9.998E-05 0.392403 0.202043 0.120867 0.284486 9.998E-05
0.0748034 9.998E-05 0.267866 0.246987 0.410144 9.998E-05
9.997E-05 9.997E-05 0.580443 0.347532 9.997E-05 0.0717251
0.376878 0.408187 9.99733E-05 0.214635 9.99733E-05 9.99733E-05
9.997E-05 0.349997 9.997E-05 0.0645367 0.585166 9.997E-05
0.047698 0.241305 9.99733E-05 0.710697 9.99733E-05 9.99733E-05
0.082195 0.773457 0.00518321 0.0603817 0.0786827 9.99911E-05
0.181458 0.192155 0.416907 9.99821E-05 0.20928 9.99821E-05
9.996E-05 9.996E-05 0.9995 9.996E-05 9.996E-05 9.996E-05
0.307929 9.997E-05 0.429651 0.262119 9.997E-05 9.997E-05
0.58612 0.077883 9.99732E-05 0.335697 9.99732E-05 9.99732E-05
0.513128 9.997E-05 0.21729 0.269282 9.997E-05 9.997E-05
9.99732E-05 0.518298 9.99732E-05 0.0945929 0.386809 9.99732E-05
0.741164 0.015597 9.99821E-05 0.240003 9.99821E-05 0.0030358
0.397467 9.99732E-05 0.273114 9.99732E-05 0.329119 9.99732E-05
0.349833 0.32889 9.998E-05 0.239122 0.0819543 9.998E-05
9.99734E-05 0.618282 0.100863 0.280555 9.99734E-05 9.99734E-05
9.99643E-05 9.99643E-05 9.99643E-05 0.983703 0.015897 9.99643E-05
0.254277 0.190838 0.379346 0.135166 9.999E-05 0.0402721
0.523932 9.99731E-05 9.99731E-05 0.18577 0.289999 9.99731E-05
0.453428 9.997E-05 0.267666 0.278606 9.997E-05 9.997E-05
0.123104 9.997E-05 0.633217 0.243379 9.997E-05 9.997E-05
0.690445 0.0253652 0.0799569 9.99822E-05 0.204033 9.99822E-05
0.106313 0.0841672 0.0877849 0.355897 0.365738 9.999E-05
9.99822E-05 0.0224904 0.193097 0.25955 0.524663 9.99822E-05
0.536977 9.99643E-05 9.99643E-05 9.99643E-05 0.462623 9.99643E-05
0.238423 0.0994274 9.998E-05 0.41191 0.25004 9.998E-05
0.450133 9.99734E-05 0.328414 0.221153 9.99734E-05 9.99734E-05
0.617612 9.99735E-05 0.0539933 0.328094 9.99735E-05 9.99735E-05
0.295163 0.0626723 0.381769 0.0990123 0.161283 9.999E-05
0.492946 9.99645E-05 0.506654 9.99645E-05 9.99645E-05 9.99645E-05
