9.993E-05 9.993E-05 9.993E-05 9.993E-05 9.993E-05 0.999201 9.993E-05 9.993E-05 9.993E-05
9.99463E-05 0.391981 0.324718 0.282701 9.99463E-05 9.99463E-05 9.99463E-05 9.99463E-05 9.99463E-05
0.0599144 0.229539 0.0378315 9.99642E-05 9.99642E-05 0.0168713 0.655444 9.99642E-05 9.99642E-05
0.265 0.133688 0.0308376 0.270872 9.99644E-05 9.99644E-05 0.299203 9.99644E-05 9.99644E-05
9.995E-05 9.995E-05 0.346451 0.387813 9.995E-05 9.995E-05 0.075665 0.189571 9.995E-05
0.0911192 9.99643E-05 9.99643E-05 0.313952 0.389995 0.0630511 9.99643E-05 9.99643E-05 0.141482
0.337105 9.99553E-05 9.99553E-05 0.341867 0.259306 9.99553E-05 0.0612223 9.99553E-05 9.99553E-05
0.21219 0.332084 0.300059 9.99554E-05 9.99554E-05 9.99554E-05 9.99554E-05 9.99554E-05 0.155168
0.0571444 9.99641E-05 9.99641E-05 0.464717 0.125391 9.99641E-05 0.0810771 0.27127 9.99641E-05
0.0428835 0.111617 9.99732E-05 0.586362 9.99732E-05 9.99732E-05 0.201315 0.053658 0.00386476
9.99644E-05 0.142239 0.0321553 0.187334 9.99644E-05 9.99644E-05 0.561758 0.0761136 9.99644E-05
9.99553E-05 9.99553E-05 0.0909937 9.99553E-05 9.99553E-05 9.99553E-05 0.429549 0.385316 0.0936418
0.168502 0.234978 0.231346 9.99732E-05 9.99732E-05 9.99732E-05 0.142622 0.159899 0.0623528
0.0764056 0.00402282 9.99643E-05 0.0796623 9.99643E-05 9.99643E-05 9.99643E-05 0.581204 0.258305
9.99378E-05 9.99378E-05 9.99378E-05 9.99378E-05 0.425861 9.99378E-05 0.573439 9.99378E-05 9.99378E-05
9.99466E-05 9.99466E-05 9.99466E-05 0.271024 0.369779 9.99466E-05 0.358597 9.99466E-05 9.99466E-05
0.0617208 0.20447 0.292734 0.440575 9.99555E-05 9.99555E-05 9.99555E-05 9.99555E-05 9.99555E-05
9.99376E-05 9.99376E-05 0.66755 9.99376E-05 9.99376E-05 9.99376E-05 0.33175 9.99376E-05 9.99376E-05
9.99374E-05 9.99374E-05 9.99374E-05 0.0285968 9.99374E-05 9.99374E-05 9.99374E-05 0.970704 9.99374E-05
0.363021 0.447661 9.99463E-05 9.99463E-05 9.99463E-05 9.99463E-05 0.188719 9.99463E-05 9.99463E-05
9.99463E-05 0.140346 9.99463E-05 9.99463E-05 9.99463E-05 9.99463E-05 0.438828 9.99463E-05 0.420227
9.99644E-05 0.0771715 0.294349 9.99644E-05 0.396442 9.99644E-05 0.0830369 9.99644E-05 0.148601
9.99461E-05 9.99461E-05 9.99461E-05 9.99461E-05 0.97231 9.99461E-05 9.99461E-05 9.99461E-05 0.0269903
9.99555E-05 0.299437 0.193092 0.401699 9.99555E-05 9.99555E-05 9.99555E-05 9.99555E-05 0.105273
9.99556E-05 0.497844 0.418681 9.99556E-05 9.99556E-05 0.00930254 9.99556E-05 0.0736728 9.99556E-05
9.99554E-05 0.478297 0.342913 0.105566 9.99554E-05 9.99554E-05 0.0727238 9.99554E-05 9.99554E-05
0.797383 9.99376E-05 9.99376E-05 9.99376E-05 9.99376E-05 9.99376E-05 9.99376E-05 9.99376E-05 0.201918
0.359443 0.210727 9.99553E-05 9.99553E-05 0.0643247 9.99553E-05 0.365005 9.99553E-05 9.99553E-05
0.370385 9.99373E-05 0.628915 9.99373E-05 9.99373E-05 9.99373E-05 9.99373E-05 9.99373E-05 9.99373E-05
0.512601 0.121922 0.184221 9.99555E-05 9.99555E-05 9.99555E-05 9.99555E-05 0.180756 9.99555E-05
0.868182 9.99464E-05 0.0611356 9.99464E-05 9.99464E-05 9.99464E-05 9.99464E-05 9.99464E-05 0.0700825
0.868731 0.0343613 9.99554E-05 0.0918281 9.99554E-05 9.99554E-05 9.99554E-05 9.99554E-05 0.00457961
0.999201 9.993E-05 9.993E-05 9.993E-05 9.993E-05 9.993E-05 9.993E-05 9.993E-05 9.993E-05
0.0170632 9.99553E-05 0.425038 9.99553E-05 0.433151 9.99553E-05 0.124248 9.99553E-05 9.99553E-05
9.99463E-05 9.99463E-05 0.317108 0.568586 9.99463E-05 9.99463E-05 9.99463E-05 0.113706 9.99463E-05
0.201104 9.99554E-05 9.99554E-05 0.019574 0.0853607 9.99554E-05 9.99554E-05 9.99554E-05 0.693461
0.250751 9.99643E-05 0.0748777 9.99643E-05 9.99643E-05 0.0771704 9.99643E-05 0.271497 0.325304
0.740248 9.99552E-05 0.0266136 9.99552E-05 9.99552E-05 9.99552E-05 0.198473 9.99552E-05 0.0341647
9.99553E-05 9.99553E-05 0.0329674 0.234432 0.605475 9.99553E-05 0.126626 9.99553E-05 9.99553E-05
9.99554E-05 0.264116 9.99554E-05 9.99554E-05 0.388728 0.077594 0.269063 9.99554E-05 9.99554E-05
0.404322 0.22916 0.0168981 0.0224398 9.99642E-05 9.99642E-05 0.32678 9.99642E-05 9.99642E-05
0.014737 9.99466E-05 9.99466E-05 9.99466E-05 0.703708 9.99466E-05 0.280956 9.99466E-05 9.99466E-05
0.313348 9.99553E-05 0.101416 9.99553E-05 0.429769 9.99553E-05 9.99553E-05 0.154966 9.99553E-05
0.550063 9.99463E-05 9.99463E-05 0.347595 9.99463E-05 9.99463E-05 0.101742 9.99463E-05 9.99463E-05
0.459522 0.316514 9.99555E-05 9.99555E-05 9.99555E-05 9.99555E-05 9.99555E-05 0.0949696 0.128494
9.99376E-05 9.99376E-05 0.685609 9.99376E-05 9.99376E-05 9.99376E-05 0.313691 9.99376E-05 9.99376E-05
0.0547416 0.275589 0.132316 0.471129 9.99732E-05 0.0229983 0.0429264 9.99732E-05 9.99732E-05
9.99463E-05 0.241103 0.102865 9.99463E-05 0.655432 9.99463E-05 9.99463E-05 9.99463E-05 9.99463E-05
0.0295157 0.24566 0.0205315 9.99553E-05 9.99553E-05 9.99553E-05 0.703793 9.99553E-05 9.99553E-05
9.99466E-05 0.169954 9.99466E-05 0.614654 9.99466E-05 9.99466E-05 9.99466E-05 9.99466E-05 0.214792
0.0115976 0.500848 0.309971 0.120565 9.99643E-05 9.99643E-05 9.99643E-05 0.0566195 9.99643E-05
0.152039 0.314965 9.99556E-05 9.99556E-05 9.99556E-05 0.0969001 0.435596 9.99556E-05 9.99556E-05
0.415379 0.230279 9.99554E-05 9.99554E-05 0.125463 9.99554E-05 9.99554E-05 0.228379 9.99554E-05
0.0286248 0.0896121 9.99732E-05 9.99732E-05 0.521302 9.99732E-05 0.162888 0.143495 0.0537784
9.99555E-05 0.154027 9.99555E-05 9.99555E-05 9.99555E-05 0.269307 0.077918 9.99555E-05 0.498248
9.99555E-05 0.057461 0.0536863 9.99555E-05 0.108573 9.99555E-05 9.99555E-05 0.77978 9.99555E-05
0.130683 0.0359522 0.272415 0.331467 9.99732E-05 9.99732E-05 0.211668 0.0175153 9.99732E-05
9.99467E-05 9.99467E-05 0.634046 0.16822 9.99467E-05 9.99467E-05 0.197134 9.99467E-05 9.99467E-05
9.99376E-05 0.950294 9.99376E-05 9.99376E-05 9.99376E-05 9.99376E-05 9.99376E-05 9.99376E-05 0.0490065
9.99374E-05 9.99374E-05 0.989869 0.00943157 9.99374E-05 9.99374E-05 9.99374E-05 9.99374E-05 9.99374E-05
0.229478 0.174409 0.263794 9.99554E-05 9.99554E-05 9.99554E-05 0.331819 9.99554E-05 9.99554E-05
0.138582 9.99552E-05 0.676793 0.101435 9.99552E-05 9.99552E-05 0.0826904 9.99552E-05 9.99552E-05
9.99643E-05 0.234711 0.125406 0.574341 0.0336411 9.99643E-05 9.99643E-05 0.0315008 9.99643E-05
0.626911 0.154529 9.99464E-05 0.21796 9.99464E-05 9.99464E-05 9.99464E-05 9.99464E-05 9.99464E-05
9.99551E-05 0.344068 0.181646 9.99551E-05 0.224948 9.99551E-05 0.248838 9.99551E-05 9.99551E-05
9.99553E-05 0.740116 9.99553E-05 0.109218 9.99553E-05 9.99553E-05 0.0998415 0.0503243 9.99553E-05
0.0294021 9.99555E-05 9.99555E-05 9.99555E-05 0.323014 9.99555E-05 9.99555E-05 0.233171 0.413914
0.148429 0.2407 0.146357 9.99732E-05 0.318526 9.99732E-05 0.054352 9.99732E-05 0.0913365
9.99553E-05 0.536243 0.267529 9.99553E-05 0.117497 9.99553E-05 9.99553E-05 9.99553E-05 0.0782325
9.99553E-05 0.309283 9.99553E-05 0.06291 0.577785 9.99553E-05 9.99553E-05 0.0495228 9.99553E-05
0.232492 9.99465E-05 9.99465E-05 9.99465E-05 9.99465E-05 9.99465E-05 0.225288 0.54162 9.99465E-05
0.302222 0.205952 0.319925 9.99644E-05 0.0296673 9.99644E-05 9.99644E-05 9.99644E-05 0.141834
9.99554E-05 9.99554E-05 9.99554E-05 9.99554E-05 0.0947421 0.00397054 9.99554E-05 0.474215 0.426572
9.99643E-05 0.346791 0.182989 9.99643E-05 0.408379 0.0306777 9.99643E-05 0.0307628 9.99643E-05
0.489196 9.99463E-05 0.160702 9.99463E-05 9.99463E-05 9.99463E-05 9.99463E-05 0.349502 9.99463E-05
0.0449 9.99731E-05 9.99731E-05 0.134574 0.181713 0.0269127 9.99731E-05 0.361717 0.249883
0.0736721 9.99464E-05 0.685583 9.99464E-05 0.240145 9.99464E-05 9.99464E-05 9.99464E-05 9.99464E-05
9.99466E-05 0.0264289 9.99466E-05 0.712422 9.99466E-05 9.99466E-05 0.260549 9.99466E-05 9.99466E-05
9.99643E-05 0.209786 9.99643E-05 9.99643E-05 0.33351 0.0109226 9.99643E-05 0.167504 0.277877
0.136459 9.99644E-05 0.371914 0.251207 9.99644E-05 0.00256172 0.237459 9.99644E-05 9.99644E-05
0.258439 0.0310349 9.99464E-05 9.99464E-05 0.709926 9.99464E-05 9.99464E-05 9.99464E-05 9.99464E-05
9.99553E-05 0.0625627 0.359327 9.99553E-05 9.99553E-05 9.99553E-05 0.45575 0.121861 9.99553E-05
0.284978 9.99553E-05 9.99553E-05 0.0666522 0.637542 9.99553E-05 0.010328 9.99553E-05 9.99553E-05
0.543799 0.00665966 0.288889 9.99642E-05 9.99642E-05 9.99642E-05 0.12906 9.99642E-05 0.0311933
9.99552E-05 0.0980961 9.99552E-05 0.00794432 9.99552E-05 0.738285 0.155175 9.99552E-05 9.99552E-05
9.99375E-05 9.99375E-05 0.526484 9.99375E-05 9.99375E-05 9.99375E-05 0.472817 9.99375E-05 9.99375E-05
0.174156 9.99643E-05 0.016785 9.99643E-05 0.767226 9.99643E-05 0.0190085 0.0224239 9.99643E-05
9.99466E-05 9.99466E-05 0.464978 9.99466E-05 9.99466E-05 9.99466E-05 0.457426 9.99466E-05 0.076996
0.322221 9.99374E-05 9.99374E-05 9.99374E-05 9.99374E-05 9.99374E-05 9.99374E-05 9.99374E-05 0.67708
9.99555E-05 0.209826 9.99555E-05 9.99555E-05 9.99555E-05 9.99555E-05 0.444135 0.175481 0.170058
0.405272 0.362238 9.99552E-05 9.99552E-05 0.0792842 9.99552E-05 0.152706 9.99552E-05 9.99552E-05
0.484604 9.99466E-05 0.122971 9.99466E-05 9.99466E-05 9.99466E-05 9.99466E-05 0.391826 9.99466E-05
0.0303649 0.0504646 0.00321493 0.439939 0.475617 9.996E-05 9.996E-05 9.996E-05 9.996E-05
9.99465E-05 0.412452 9.99465E-05 0.43536 9.99465E-05 9.99465E-05 9.99465E-05 0.151588 9.99465E-05
0.176638 0.494403 9.99644E-05 9.99644E-05 0.0549722 9.99644E-05 0.165908 0.107679 9.99644E-05
0.159946 9.996E-05 9.996E-05 0.0992395 0.313271 9.996E-05 0.234478 0.192665 9.996E-05
0.125296 0.0775688 0.360507 9.99643E-05 0.0610333 9.99643E-05 0.375194 9.99643E-05 9.99643E-05
9.99465E-05 9.99465E-05 0.231251 9.99465E-05 0.550718 9.99465E-05 0.217431 9.99465E-05 9.99465E-05
0.340292 9.99552E-05 9.99552E-05 9.99552E-05 9.99552E-05 9.99552E-05 0.147106 0.157412 0.354691
0.236227 0.320139 9.99553E-05 9.99553E-05 0.271692 9.99553E-05 9.99553E-05 9.99553E-05 0.171442
0.275702 0.224364 0.00354479 9.997E-05 9.997E-05 0.00320951 0.208844 9.997E-05 0.284036
9.99553E-05 0.131104 9.99553E-05 9.99553E-05 0.145425 9.99553E-05 0.286255 0.436716 9.99553E-05
0.199412 9.99643E-05 9.99643E-05 0.260223 0.268214 9.99643E-05 0.205177 9.99643E-05 0.0665737
9.99554E-05 0.0618853 0.220039 9.99554E-05 0.426266 9.99554E-05 9.99554E-05 0.291309 9.99554E-05
9.99643E-05 0.0413619 9.99643E-05 0.548508 0.168704 9.99643E-05 9.99643E-05 0.0380271 0.203
9.99731E-05 0.0218332 0.245288 9.99731E-05 0.00209828 9.99731E-05 0.280159 0.0772139 0.373108
9.99463E-05 0.180519 0.277246 9.99463E-05 9.99463E-05 9.99463E-05 9.99463E-05 9.99463E-05 0.541636
9.996E-05 0.0748984 0.172292 9.996E-05 0.084814 9.996E-05 0.416122 9.996E-05 0.251474
0.214335 9.996E-05 0.193868 0.324576 9.996E-05 9.996E-05 0.0355145 9.996E-05 0.231306
0.913081 9.99465E-05 9.99465E-05 0.0756155 9.99465E-05 9.99465E-05 9.99465E-05 9.99465E-05 0.0107035
9.99374E-05 9.99374E-05 0.370905 9.99374E-05 9.99374E-05 9.99374E-05 9.99374E-05 9.99374E-05 0.628395
0.396268 9.99642E-05 9.99642E-05 0.0319572 0.088019 9.99642E-05 0.0945869 0.388769 9.99642E-05
0.393456 9.99555E-05 9.99555E-05 0.417099 9.99555E-05 9.99555E-05 0.132944 0.0560015 9.99555E-05
9.99375E-05 0.479319 9.99375E-05 0.519982 9.99375E-05 9.99375E-05 9.99375E-05 9.99375E-05 9.99375E-05
0.00445856 9.99463E-05 9.99463E-05 0.228246 9.99463E-05 9.99463E-05 0.766696 9.99463E-05 9.99463E-05
0.14798 9.99732E-05 0.101521 0.602323 0.0289123 0.0265144 9.99732E-05 0.0924485 9.99732E-05
9.99644E-05 9.99644E-05 9.99644E-05 0.21078 9.99644E-05 0.0481652 0.319016 0.171155 0.250484
0.265756 9.99553E-05 0.413697 0.00579726 9.99553E-05 9.99553E-05 0.314249 9.99553E-05 9.99553E-05
9.99554E-05 9.99554E-05 9.99554E-05 0.0211226 9.99554E-05 0.0512995 9.99554E-05 0.305456 0.621622
9.99644E-05 0.377205 0.050662 9.99644E-05 0.319663 9.99644E-05 0.160712 0.0913583 9.99644E-05
9.99376E-05 9.99376E-05 9.99376E-05 9.99376E-05 0.817326 9.99376E-05 9.99376E-05 0.181975 9.99376E-05
0.247365 9.99554E-05 9.99554E-05 9.99554E-05 0.248515 9.99554E-05 0.390622 0.112997 9.99554E-05
9.99554E-05 0.301307 9.99554E-05 0.100139 0.215163 9.99554E-05 9.99554E-05 0.38289 9.99554E-05
0.243497 9.99464E-05 9.99464E-05 9.99464E-05 0.625198 9.99464E-05 9.99464E-05 0.130705 9.99464E-05
0.398724 9.99911E-05 0.0058369 0.335688 0.118667 0.0236234 0.000219306 0.0205379 0.0966032
9.99467E-05 9.99467E-05 9.99467E-05 9.99467E-05 9.99467E-05 0.0905604 0.834112 9.99467E-05 0.074728
0.270344 0.0867259 0.249862 0.258197 0.134471 9.99642E-05 9.99642E-05 9.99642E-05 9.99642E-05
0.229425 0.239784 9.99553E-05 9.99553E-05 9.99553E-05 9.99553E-05 0.233686 0.296606 9.99553E-05
9.99554E-05 9.99554E-05 9.99554E-05 0.129489 9.99554E-05 9.99554E-05 0.0858294 0.0547349 0.729446
9.99554E-05 9.99554E-05 9.99554E-05 0.107165 0.709756 9.99554E-05 0.052077 9.99554E-05 0.130502
0.484916 0.00291428 9.99642E-05 0.13679 9.99642E-05 9.99642E-05 9.99642E-05 0.132684 0.242296
0.0997842 9.99553E-05 9.99553E-05 0.419015 9.99553E-05 9.99553E-05 0.286397 0.194304 9.99553E-05
0.318117 0.0420853 9.99644E-05 9.99644E-05 0.426807 9.99644E-05 9.99644E-05 0.128141 0.0844501
0.0400037 0.0896561 0.127386 0.197224 0.43093 9.997E-05 9.997E-05 9.997E-05 0.114501
0.00279739 0.253001 0.743602 9.99464E-05 9.99464E-05 9.99464E-05 9.99464E-05 9.99464E-05 9.99464E-05
9.99731E-05 0.453147 0.0192318 0.244509 9.99731E-05 9.99731E-05 0.0869992 0.177049 0.0187639
0.459867 9.99554E-05 9.99554E-05 0.393897 0.112228 0.0335079 9.99554E-05 9.99554E-05 9.99554E-05
0.000837795 0.678571 9.99643E-05 0.280943 0.0366919 9.99643E-05 9.99643E-05 9.99643E-05 0.00255618
0.132648 0.0789845 9.99643E-05 9.99643E-05 0.724759 9.99643E-05 9.99643E-05 0.0614584 0.00175054
9.99464E-05 0.170499 9.99464E-05 0.142343 9.99464E-05 9.99464E-05 0.686558 9.99464E-05 9.99464E-05
0.0574242 9.99552E-05 0.008041 9.99552E-05 9.99552E-05 9.99552E-05 0.836739 9.99552E-05 0.0972962
9.99465E-05 9.99465E-05 9.99465E-05 0.224017 0.619993 9.99465E-05 9.99465E-05 0.15539 9.99465E-05
0.191982 9.99555E-05 0.144358 0.59091 0.0722509 9.99555E-05 9.99555E-05 9.99555E-05 9.99555E-05
0.015039 9.99375E-05 9.99375E-05 0.984261 9.99375E-05 9.99375E-05 9.99375E-05 9.99375E-05 9.99375E-05
9.99643E-05 0.421968 0.113257 0.212341 9.99643E-05 0.0471579 0.204877 9.99643E-05 9.99643E-05
0.096257 0.399634 9.99552E-05 0.102475 9.99552E-05 9.99552E-05 0.401134 9.99552E-05 9.99552E-05
9.99554E-05 0.535828 0.103748 0.128489 9.99554E-05 9.99554E-05 0.231436 9.99554E-05 9.99554E-05
9.99553E-05 9.99553E-05 0.250581 0.272806 0.228412 9.99553E-05 9.99553E-05 9.99553E-05 0.2477
0.454305 0.0861931 0.147928 9.997E-05 0.026167 9.997E-05 0.257397 0.02771 9.997E-05
0.451253 9.99462E-05 9.99462E-05 0.313565 9.99462E-05 9.99462E-05 0.234582 9.99462E-05 9.99462E-05
0.394853 9.99556E-05 9.99556E-05 0.36702 9.99556E-05 0.0080989 9.99556E-05 0.229528 9.99556E-05
0.527112 0.472188 9.99378E-05 9.99378E-05 9.99378E-05 9.99378E-05 9.99378E-05 9.99378E-05 9.99378E-05
0.414755 0.114803 9.99643E-05 0.370588 0.0835459 9.99643E-05 0.0159081 9.99643E-05 9.99643E-05
9.99644E-05 0.394184 9.99644E-05 0.114612 0.276309 9.99644E-05 0.0192589 9.99644E-05 0.195236
9.99556E-05 0.0366254 9.99556E-05 0.0328473 9.99556E-05 9.99556E-05 0.697825 9.99556E-05 0.232203
0.13805 0.578905 0.000559991 0.0571815 0.115391 9.99731E-05 9.99731E-05 9.99731E-05 0.109613
9.99466E-05 0.458689 9.99466E-05 9.99466E-05 9.99466E-05 9.99466E-05 0.459281 9.99466E-05 0.0814299
