9.997E-05 9.997E-05 0.9996 9.997E-05 9.997E-05
0.275828 0.223653 9.99821E-05 0.50032 9.99821E-05
0.978802 0.0208982 9.99733E-05 9.99733E-05 9.99733E-05
0.374731 0.225275 9.99822E-05 9.99822E-05 0.399794
0.175205 0.824495 9.99733E-05 9.99733E-05 9.99733E-05
9.999E-05 0.284379 0.0682585 0.233474 0.413789
9.99733E-05 0.182488 9.99733E-05 9.99733E-05 0.817212
0.0151272 0.263007 9.99822E-05 0.721666 9.99822E-05
9.99731E-05 0.564389 9.99731E-05 9.99731E-05 0.435311
0.117648 0.414211 9.99911E-05 0.169157 0.298884
0.733982 0.113346 9.99822E-05 0.152472 9.99822E-05
9.99822E-05 0.303779 9.99822E-05 0.317823 0.378198
0.111796 0.179453 0.0628619 0.597492 0.0483976
9.99822E-05 0.455987 9.99822E-05 0.134154 0.409659
0.968725 9.99823E-05 9.99823E-05 0.00289292 0.0281825
0.383548 9.99734E-05 9.99734E-05 9.99734E-05 0.616152
0.0683925 0.591305 9.99911E-05 0.318868 0.0213343
0.573545 0.2785 9.99911E-05 0.0746142 0.0732412
9.99823E-05 0.617414 9.99823E-05 0.265452 0.116934
0.422564 0.0130294 9.99911E-05 0.243369 0.320938
0.414244 0.1463 9.99822E-05 0.439256 9.99822E-05
0.128103 9.99822E-05 9.99822E-05 0.802684 0.069013
9.99734E-05 9.99734E-05 9.99734E-05 0.137238 0.862462
0.290345 0.482646 9.99911E-05 0.183339 0.04357
0.386046 0.484867 9.99823E-05 0.128886 9.99823E-05
0.540456 0.171112 9.99822E-05 0.288232 9.99822E-05
9.99733E-05 0.0523742 9.99733E-05 9.99733E-05 0.947326
0.784231 9.99732E-05 9.99732E-05 9.99732E-05 0.215469
0.0762624 0.308066 9.99911E-05 0.533527 0.0820452
0.097137 0.214957 9.99822E-05 9.99822E-05 0.687706
9.99732E-05 9.99732E-05 9.99732E-05 0.341571 0.658129
9.99732E-05 9.99732E-05 9.99732E-05 0.300691 0.699009
9.99732E-05 9.99732E-05 9.99732E-05 0.0385196 0.96118
0.353238 0.408794 9.99911E-05 0.0751645 0.162703
9.997E-05 0.9996 9.997E-05 9.997E-05 9.997E-05
9.99734E-05 9.99734E-05 9.99734E-05 0.737578 0.262122
9.99821E-05 0.50758 0.106402 0.385818 9.99821E-05
0.33019 9.9991E-05 0.0131436 0.256857 0.399709
0.535843 0.437199 9.99821E-05 9.99821E-05 0.0267587
0.540716 9.99911E-05 0.038611 0.241316 0.179258
0.492386 9.99821E-05 9.99821E-05 0.127633 0.379781
0.272307 9.99733E-05 9.99733E-05 9.99733E-05 0.727393
9.99911E-05 0.19769 0.0266567 0.0925199 0.683034
0.0327793 0.0573437 9.99821E-05 9.99821E-05 0.909677
0.196971 9.99822E-05 9.99822E-05 0.400447 0.402382
0.233806 0.354322 9.99822E-05 0.411672 9.99822E-05
0.472581 0.311004 9.99821E-05 9.99821E-05 0.216215
0.2417 9.99822E-05 9.99822E-05 0.362425 0.395675
0.81419 9.99821E-05 0.0560744 0.129536 9.99821E-05
9.99911E-05 0.495924 0.0533655 0.291696 0.158914
0.332875 0.128679 9.99821E-05 0.538246 9.99821E-05
0.604729 9.99911E-05 0.115141 0.160261 0.119769
9.99911E-05 0.0710694 0.0468167 0.410468 0.471546
0.400121 0.0636439 9.99911E-05 0.138842 0.397292
9.99821E-05 9.99821E-05 0.570562 0.224563 0.204676
0.395686 0.559882 9.99911E-05 0.0408517 0.00348102
0.536481 0.287994 9.99821E-05 9.99821E-05 0.175325
0.247066 0.436813 9.99822E-05 0.315921 9.99822E-05
0.06589 9.99821E-05 0.0714897 0.86242 9.99821E-05
0.00265097 0.712295 9.99821E-05 0.284854 9.99821E-05
0.35322 9.99822E-05 9.99822E-05 0.386435 0.260145
0.296256 0.425947 9.99821E-05 0.277597 9.99821E-05
0.0987993 0.74237 9.99911E-05 0.0669987 0.0917325
0.272973 0.0312112 9.99821E-05 9.99821E-05 0.695616
0.79097 9.99732E-05 9.99732E-05 0.20873 9.99732E-05
0.473064 9.99732E-05 9.99732E-05 0.526637 9.99732E-05
9.99735E-05 9.99735E-05 9.99735E-05 0.69838 0.30132
9.99732E-05 9.99732E-05 9.99732E-05 0.63789 0.36181
0.340319 9.99732E-05 9.99732E-05 0.659381 9.99732E-05
0.436414 0.075165 9.99911E-05 0.151458 0.336863
0.460085 9.99735E-05 9.99735E-05 9.99735E-05 0.539615
0.219784 9.99734E-05 9.99734E-05 0.779916 9.99734E-05
9.99911E-05 0.466831 0.103029 0.191107 0.238933
0.0975601 9.99822E-05 9.99822E-05 0.816404 0.0858364
9.99822E-05 0.0109098 9.99822E-05 0.00540548 0.983485
9.9991E-05 0.469137 0.0981252 0.123542 0.309095
0.300872 0.0658253 9.99822E-05 0.633103 9.99822E-05
0.582555 0.365497 9.99822E-05 0.0517482 9.99822E-05
9.99911E-05 0.0812197 0.090474 0.364911 0.463296
0.334384 0.348988 9.99911E-05 0.180824 0.135705
9.99733E-05 9.99733E-05 9.99733E-05 0.111951 0.88775
0.707126 9.99732E-05 9.99732E-05 0.292574 9.99732E-05
0.141945 9.99732E-05 9.99732E-05 9.99732E-05 0.857755
0.156641 9.99821E-05 9.99821E-05 0.623399 0.21976
0.084362 9.9982E-05 0.753981 0.161457 9.9982E-05
0.609068 0.357872 9.99822E-05 0.0328605 9.99822E-05
0.0354866 0.0499976 9.99911E-05 0.223664 0.690752
0.584047 9.99733E-05 9.99733E-05 0.415653 9.99733E-05
9.99822E-05 0.113768 9.99822E-05 0.439867 0.446165
0.645592 0.0759013 0.116975 0.0614478 0.100084
0.441526 9.99821E-05 9.99821E-05 0.263807 0.294467
9.99733E-05 0.552844 9.99733E-05 9.99733E-05 0.446856
0.185012 0.362824 9.99821E-05 9.99821E-05 0.451964
0.276811 0.404567 0.0434329 9.99911E-05 0.275089
0.394175 9.99911E-05 0.0548276 0.143329 0.407568
0.249327 0.172754 9.99821E-05 9.99821E-05 0.577719
0.606782 0.0880203 9.99911E-05 0.145911 0.159187
0.190617 0.259125 9.99822E-05 9.99822E-05 0.550058
0.133889 0.301031 0.0288497 0.0470746 0.489155
9.99732E-05 9.99732E-05 9.99732E-05 0.572577 0.427123
0.577471 9.99822E-05 0.0398655 0.382464 9.99822E-05
0.57781 9.99822E-05 9.99822E-05 0.182823 0.239167
9.99822E-05 0.183378 9.99822E-05 0.19363 0.622791
9.99822E-05 0.167299 9.99822E-05 0.540393 0.292108
9.99822E-05 0.512152 9.99822E-05 0.105159 0.382489
0.569552 0.0180832 9.99822E-05 0.412165 9.99822E-05
9.997E-05 9.997E-05 9.997E-05 0.9996 9.997E-05
0.247866 9.99732E-05 9.99732E-05 0.751834 9.99732E-05
9.99822E-05 0.213323 9.99822E-05 0.474978 0.311499
9.99822E-05 0.103458 0.036832 9.99822E-05 0.85951
0.0305135 0.420697 9.99822E-05 0.548589 9.99822E-05
0.221097 0.103864 9.99821E-05 9.99821E-05 0.674839
0.0372169 0.220748 9.99822E-05 9.99822E-05 0.741835
0.0314763 0.12452 9.99911E-05 0.600772 0.243132
0.818053 9.99732E-05 9.99732E-05 9.99732E-05 0.181647
9.99821E-05 0.611807 0.0261271 9.99821E-05 0.361866
0.273636 0.55097 0.0916169 0.00908762 0.0746891
0.519921 0.20989 9.99822E-05 9.99822E-05 0.269989
0.0101584 0.514303 0.109176 9.99911E-05 0.366263
0.649875 0.141528 9.99911E-05 0.126667 0.0818307
9.99822E-05 0.00475733 9.99822E-05 0.384626 0.610417
0.30675 0.00595071 9.99822E-05 9.99822E-05 0.6871
0.584782 0.414918 9.99733E-05 9.99733E-05 9.99733E-05
9.99822E-05 0.00867848 9.99822E-05 0.061815 0.929307
0.00312282 0.12072 9.99911E-05 0.0938461 0.782211
0.47121 9.99823E-05 0.136126 9.99823E-05 0.392464
9.99821E-05 0.237176 9.99821E-05 0.275938 0.486686
9.99733E-05 0.454801 9.99733E-05 9.99733E-05 0.544899
0.322323 0.128407 0.0945232 0.454647 9.99911E-05
0.287499 9.99822E-05 9.99822E-05 0.397912 0.31439
9.99821E-05 0.043776 9.99821E-05 0.360502 0.595522
0.166581 0.236946 9.99822E-05 9.99822E-05 0.596273
0.0458844 0.150837 9.99911E-05 0.063396 0.739783
9.99822E-05 0.33655 9.99822E-05 0.417542 0.245708
0.0825244 0.376754 9.99821E-05 0.540521 9.99821E-05
0.565597 0.434103 9.99731E-05 9.99731E-05 9.99731E-05
0.182798 9.99911E-05 0.0481385 0.112728 0.656235
0.297645 9.99822E-05 9.99822E-05 0.532119 0.170036
9.99732E-05 9.99732E-05 9.99732E-05 0.266775 0.732925
0.702499 9.99732E-05 9.99732E-05 9.99732E-05 0.297201
0.814442 9.99732E-05 9.99732E-05 9.99732E-05 0.185258
0.0563981 0.19275 9.99822E-05 9.99822E-05 0.750651
9.99822E-05 0.60352 9.99822E-05 0.265941 0.130339
9.99732E-05 0.583613 9.99732E-05 9.99732E-05 0.416087
0.36583 0.380623 9.99822E-05 0.253347 9.99822E-05
0.613547 9.99821E-05 9.99821E-05 0.245468 0.140785
0.681222 0.0444717 9.99822E-05 0.274107 9.99822E-05
0.280946 0.33556 9.99911E-05 0.240436 0.142958
0.505056 9.99822E-05 9.99822E-05 0.0466304 0.448114
0.24198 0.243349 9.99821E-05 9.99821E-05 0.514471
9.99822E-05 0.541755 0.0453739 9.99822E-05 0.412671
0.16843 9.99822E-05 9.99822E-05 0.2969 0.53447
0.126397 0.0922329 9.99911E-05 0.0493251 0.731945
0.301601 9.99733E-05 9.99733E-05 0.698099 9.99733E-05
0.915258 9.99735E-05 9.99735E-05 0.084442 9.99735E-05
9.99821E-05 0.043554 9.99821E-05 0.812792 0.143454
0.805077 0.000995896 9.99822E-05 0.193727 9.99822E-05
