0.9997 9.998E-05 9.998E-05 9.998E-05
9.99821E-05 9.99821E-05 0.654494 0.345306
9.99822E-05 9.99822E-05 0.36298 0.63682
0.200018 0.236021 0.190579 0.373382
0.0731614 0.122438 0.804301 9.99911E-05
0.62759 0.37221 9.99821E-05 9.99821E-05
0.225693 0.408813 9.99911E-05 0.365393
0.214976 9.99822E-05 0.784824 9.99822E-05
0.313594 0.686206 9.99821E-05 9.99821E-05
0.538454 9.99911E-05 0.267377 0.194069
0.441857 9.99911E-05 0.0297003 0.528343
0.280809 0.380909 0.338182 9.99911E-05
0.452722 9.99911E-05 0.451561 0.0956172
0.319127 0.409326 0.271447 9.99911E-05
9.999E-05 0.548029 0.0651405 0.38673
9.99823E-05 0.79059 9.99823E-05 0.20921
0.123363 0.408677 0.467382 0.000578147
9.99822E-05 0.207598 0.792202 9.99822E-05
0.59502 0.136751 0.268128 9.99911E-05
0.309502 9.9991E-05 0.182879 0.507519
0.569647 9.99911E-05 0.406844 0.0234084
0.298457 0.104193 0.362373 0.234977
0.0602624 0.939538 9.99822E-05 9.99822E-05
0.0489203 0.0529442 0.656035 0.2421
9.99823E-05 9.99823E-05 0.831544 0.168256
9.99821E-05 9.99821E-05 0.824793 0.175007
0.622597 0.377203 9.99822E-05 9.99822E-05
0.0273574 0.269966 9.99911E-05 0.702576
0.285034 9.9991E-05 0.574613 0.140253
0.344324 0.557893 0.0520764 0.0457066
0.110815 0.208841 0.0340496 0.646294
0.416216 0.230957 9.99911E-05 0.352727
0.368691 0.439702 9.99911E-05 0.191507
0.188185 0.410753 0.400962 9.99911E-05
9.99821E-05 0.574715 0.425085 9.99821E-05
0.181461 0.228845 0.383589 0.206105
0.845743 9.99821E-05 0.154057 9.99821E-05
0.356981 0.103242 0.123423 0.416354
9.99822E-05 0.807711 0.19209 9.99822E-05
9.99822E-05 0.280202 9.99822E-05 0.719598
0.0786107 0.240172 0.179984 0.501233
0.0943293 0.871922 9.99911E-05 0.0336484
0.287454 0.712346 9.99821E-05 9.99821E-05
0.545959 0.421052 9.99911E-05 0.0328892
0.512021 9.99911E-05 0.110247 0.377633
9.998E-05 9.998E-05 0.9997 9.998E-05
9.99911E-05 0.574652 0.0844461 0.340801
9.99822E-05 0.47212 9.99822E-05 0.52768
9.99821E-05 9.99821E-05 0.0739375 0.925863
9.99823E-05 0.820787 0.179013 9.99823E-05
9.99911E-05 0.138949 0.198042 0.662909
9.998E-05 9.998E-05 9.998E-05 0.9997
0.730544 0.115943 0.11264 0.0408724
0.504879 0.324595 0.078475 0.0920516
9.99824E-05 9.99824E-05 0.324116 0.675684
0.507905 0.202479 0.289516 9.99911E-05
9.99821E-05 9.99821E-05 0.501798 0.498002
0.125915 0.0228023 0.851183 9.99911E-05
9.99822E-05 9.99822E-05 0.336514 0.663286
9.99821E-05 0.107428 0.892372 9.99821E-05
0.0430056 0.0138913 0.44874 0.494363
0.0792408 0.268859 0.637083 0.0148179
0.269904 0.20134 0.528656 9.99911E-05
0.448065 0.19623 9.9991E-05 0.355606
9.99821E-05 9.99821E-05 0.381138 0.618662
9.99822E-05 9.99822E-05 0.398304 0.601496
9.998E-05 0.9997 9.998E-05 9.998E-05
0.0820731 0.119795 0.359728 0.438404
9.99911E-05 0.00300728 0.506228 0.490665
9.99822E-05 0.67814 9.99822E-05 0.32166
0.637606 9.99822E-05 9.99822E-05 0.362194
0.17091 9.99911E-05 0.793895 0.0350948
0.280135 0.554228 0.165537 9.99911E-05
0.269742 0.0804205 0.526297 0.12354
0.247911 0.66364 0.0178808 0.0705684
0.785525 0.171957 0.0424178 9.99911E-05
9.99911E-05 0.215812 0.394147 0.389941
0.078376 0.12204 0.544817 0.254767
0.0715655 0.646555 0.115388 0.166492
9.99823E-05 0.513281 0.486519 9.99823E-05
9.99821E-05 0.537947 9.99821E-05 0.461853
9.99821E-05 9.99821E-05 0.444421 0.555379
0.00394582 0.884668 9.99911E-05 0.111286
0.377729 9.99911E-05 0.250116 0.372055
9.998E-05 9.998E-05 9.998E-05 0.9997
0.103891 9.99911E-05 0.726972 0.169038
0.0545183 0.945282 9.99821E-05 9.99821E-05
9.99822E-05 9.99822E-05 0.513936 0.485864
0.761818 0.189306 0.0487757 9.99911E-05
0.342252 9.99822E-05 9.99822E-05 0.657548
0.160183 0.00142441 0.0975116 0.740881
0.708461 0.14877 0.142669 9.99911E-05
9.99821E-05 0.879474 9.99821E-05 0.120326
0.02315 0.417835 0.148745 0.410269
0.16791 9.99822E-05 9.99822E-05 0.83189
0.0948579 0.774022 0.0909008 0.0402188
9.99911E-05 0.114385 0.6629 0.222615
0.0323116 0.603298 0.312805 0.0515852
0.642701 0.284307 0.0728913 9.9991E-05
0.481897 0.384461 9.9991E-05 0.133543
9.99911E-05 0.114163 0.019251 0.866486
0.250586 0.162567 9.99911E-05 0.586746
0.162673 0.69752 0.139707 9.99911E-05
0.311274 0.401754 0.286873 9.99911E-05
0.0888239 0.839223 0.071853 9.99911E-05
0.180218 0.113573 0.434935 0.271274
0.243853 0.0107751 0.652547 0.092825
9.99911E-05 0.117285 0.432649 0.449966
0.193553 0.280529 0.525818 9.99911E-05
0.529253 0.265447 0.134949 0.0703503
0.212038 9.99822E-05 0.787762 9.99822E-05
0.33249 0.661338 9.99911E-05 0.00607221
0.728065 0.18119 9.99911E-05 0.0906452
9.99911E-05 0.100814 0.773334 0.125752
9.99821E-05 0.397666 9.99821E-05 0.602134
0.420438 0.402187 0.177275 9.99911E-05
0.380069 0.277263 0.292127 0.0505413
0.0965841 0.372945 0.483972 0.0464986
0.805034 9.99822E-05 0.194766 9.99822E-05
0.160201 0.260177 0.249435 0.330187
9.99911E-05 0.887852 0.0923352 0.0197132
0.11108 0.760646 9.99911E-05 0.128174
9.99911E-05 0.694895 0.292987 0.0120187
0.193066 0.806734 9.99821E-05 9.99821E-05
0.305116 0.636137 0.016054 0.0426923
0.0553241 0.457496 9.99912E-05 0.48708
0.216564 0.434407 0.348929 9.9991E-05
0.385564 9.99911E-05 0.530583 0.0837528
0.336309 9.99822E-05 0.663491 9.99822E-05
9.99822E-05 0.98709 9.99822E-05 0.0127098
0.27787 0.668439 9.99911E-05 0.0535906
0.196037 0.77718 0.0266826 9.99911E-05
0.188584 0.716008 0.0371948 0.0582129
0.0381779 0.705206 0.203868 0.0527489
9.99821E-05 9.99821E-05 0.931508 0.068292
9.99821E-05 9.99821E-05 0.762613 0.237187
0.153218 0.433469 9.99911E-05 0.413213
9.99911E-05 0.142295 0.258313 0.599292
0.306384 0.693416 9.99821E-05 9.99821E-05
9.99821E-05 0.266611 9.99821E-05 0.733189
0.115229 0.155388 0.25124 0.478143
9.998E-05 0.9997 9.998E-05 9.998E-05
9.99823E-05 0.554617 0.445183 9.99823E-05
9.99822E-05 0.851161 0.148639 9.99822E-05
9.99911E-05 0.21734 0.420407 0.362152
0.103227 9.9991E-05 0.0747918 0.821882
9.99822E-05 9.99822E-05 0.278428 0.721372
9.99822E-05 0.692744 0.307056 9.99822E-05
9.99822E-05 0.14438 9.99822E-05 0.85542
0.234507 0.226829 0.144402 0.394262
0.509449 0.490351 9.99822E-05 9.99822E-05
0.290458 9.99822E-05 9.99822E-05 0.709342
0.192483 0.661788 0.13601 0.00971828
9.99911E-05 0.188438 0.259834 0.551628
9.99823E-05 0.466949 9.99823E-05 0.532851
0.0115398 0.162511 0.364207 0.461743
0.0615557 9.99911E-05 0.362841 0.575503
