9.993E-05 0.999201 9.993E-05 9.993E-05 9.993E-05 9.993E-05 9.993E-05 9.993E-05 9.993E-05
9.99552E-05 9.99552E-05 0.246428 9.99552E-05 0.266609 0.153645 9.99552E-05 9.99552E-05 0.332819
0.0727199 0.0691636 0.148464 0.0833363 0.124401 0.304152 0.136269 9.99911E-05 0.0613937
0.0614704 9.99733E-05 0.00926331 9.99733E-05 0.413005 0.44443 9.99733E-05 0.0562084 0.0153233
9.99554E-05 9.99554E-05 0.614302 9.99554E-05 9.99554E-05 9.99554E-05 0.129894 0.068495 0.186809
0.317485 9.99464E-05 9.99464E-05 9.99464E-05 0.221736 9.99464E-05 9.99464E-05 0.460179 9.99464E-05
0.134838 9.99642E-05 9.99642E-05 0.408667 0.30864 9.99642E-05 0.0418921 9.99642E-05 0.105564
0.381578 9.99554E-05 0.133423 9.99554E-05 9.99554E-05 0.240609 0.24389 9.99554E-05 9.99554E-05
9.99642E-05 9.99642E-05 0.00417838 0.245554 0.338083 0.113228 0.298557 9.99642E-05 9.99642E-05
9.99464E-05 9.99464E-05 9.99464E-05 9.99464E-05 0.613684 9.99464E-05 0.244299 0.141417 9.99464E-05
9.99644E-05 9.99644E-05 0.0771639 9.99644E-05 0.43297 0.332775 9.99644E-05 0.0728292 0.0838616
9.99373E-05 9.99373E-05 9.99373E-05 9.99373E-05 9.99373E-05 0.0801105 0.91919 9.99373E-05 9.99373E-05
0.216543 0.00416076 0.0349579 9.99642E-05 9.99642E-05 0.342544 0.401394 9.99642E-05 9.99642E-05
9.99375E-05 9.99375E-05 9.99375E-05 9.99375E-05 0.178787 9.99375E-05 0.820513 9.99375E-05 9.99375E-05
0.0334213 0.0222917 0.134607 0.505614 9.99645E-05 9.99645E-05 9.99645E-05 9.99645E-05 0.303666
9.99376E-05 9.99376E-05 9.99376E-05 0.530019 9.99376E-05 9.99376E-05 9.99376E-05 9.99376E-05 0.469282
9.99554E-05 9.99554E-05 0.374867 9.99554E-05 0.139479 9.99554E-05 0.13796 9.99554E-05 0.347194
9.99554E-05 9.99554E-05 0.512627 0.0133996 9.99554E-05 0.42337 9.99554E-05 0.0501038 9.99554E-05
9.99467E-05 9.99467E-05 9.99467E-05 9.99467E-05 0.502233 9.99467E-05 0.452106 0.0450613 9.99467E-05
0.544006 9.99463E-05 9.99463E-05 9.99463E-05 0.418072 0.0373227 9.99463E-05 9.99463E-05 9.99463E-05
0.433482 9.99375E-05 9.99375E-05 9.99375E-05 9.99375E-05 9.99375E-05 9.99375E-05 0.565818 9.99375E-05
0.167257 9.99822E-05 0.00866941 0.0542231 0.114492 0.315205 0.0392258 0.300729 9.99822E-05
9.99374E-05 9.99374E-05 9.99374E-05 0.755531 9.99374E-05 9.99374E-05 9.99374E-05 0.24377 9.99374E-05
9.99375E-05 9.99375E-05 9.99375E-05 9.99375E-05 9.99375E-05 0.134031 9.99375E-05 0.865269 9.99375E-05
9.99555E-05 9.99555E-05 0.349046 9.99555E-05 0.0994188 0.437604 9.99555E-05 9.99555E-05 0.113431
0.0933277 9.99642E-05 0.12254 9.99642E-05 0.421717 0.0862142 9.99642E-05 9.99642E-05 0.275801
0.689395 9.99465E-05 9.99465E-05 0.153596 9.99465E-05 9.99465E-05 0.156409 9.99465E-05 9.99465E-05
0.0554823 9.99553E-05 9.99553E-05 0.34761 0.252188 0.34422 9.99553E-05 9.99553E-05 9.99553E-05
0.588747 9.99552E-05 0.368068 9.99552E-05 9.99552E-05 9.99552E-05 0.013003 9.99552E-05 0.0296831
0.055252 9.99644E-05 0.0626948 0.406097 0.408383 0.0671735 9.99644E-05 9.99644E-05 9.99644E-05
0.986997 9.99373E-05 9.99373E-05 0.0123037 9.99373E-05 9.99373E-05 9.99373E-05 9.99373E-05 9.99373E-05
0.770166 9.99465E-05 9.99465E-05 9.99465E-05 0.184966 9.99465E-05 9.99465E-05 0.0442683 9.99465E-05
0.78397 9.99375E-05 9.99375E-05 0.21533 9.99375E-05 9.99375E-05 9.99375E-05 9.99375E-05 9.99375E-05
0.281735 9.99553E-05 0.338101 0.256478 9.99553E-05 9.99553E-05 0.123186 9.99553E-05 9.99553E-05
9.99554E-05 9.99554E-05 0.663658 0.191218 9.99554E-05 9.99554E-05 0.129997 0.014628 9.99554E-05
0.410884 9.99733E-05 0.0414607 9.99733E-05 9.99733E-05 0.22752 0.164261 0.154269 0.00130458
0.113075 0.0243158 9.99732E-05 0.0117684 0.0247251 9.99732E-05 9.99732E-05 0.578876 0.246939
0.979566 9.99374E-05 9.99374E-05 9.99374E-05 9.99374E-05 0.019734 9.99374E-05 9.99374E-05 9.99374E-05
9.99552E-05 9.99552E-05 0.353374 0.556687 9.99552E-05 0.0837699 9.99552E-05 0.00566985 9.99552E-05
9.99375E-05 9.99375E-05 9.99375E-05 0.323456 9.99375E-05 0.675844 9.99375E-05 9.99375E-05 9.99375E-05
0.15441 9.99552E-05 9.99552E-05 0.173408 0.462584 0.209098 9.99552E-05 9.99552E-05 9.99552E-05
9.99466E-05 9.99466E-05 9.99466E-05 0.950446 9.99466E-05 9.99466E-05 9.99466E-05 0.00346336 0.0454912
9.99464E-05 9.99464E-05 0.233544 0.76245 0.00340626 9.99464E-05 9.99464E-05 9.99464E-05 9.99464E-05
0.186267 9.99553E-05 9.99553E-05 0.124904 0.502859 9.99553E-05 9.99553E-05 0.185471 9.99553E-05
0.274383 9.99466E-05 9.99466E-05 9.99466E-05 0.618312 0.106705 9.99466E-05 9.99466E-05 9.99466E-05
0.0362758 9.99643E-05 0.582707 9.99643E-05 0.0140764 0.309488 9.99643E-05 9.99643E-05 0.0570532
9.996E-05 9.996E-05 0.107698 0.174775 0.241985 0.143234 9.996E-05 0.331909 9.996E-05
0.0860943 9.99554E-05 9.99554E-05 0.381067 9.99554E-05 0.485135 9.99554E-05 9.99554E-05 0.0472041
0.0223711 9.99642E-05 0.0374825 0.0239341 9.99642E-05 0.60293 9.99642E-05 9.99642E-05 0.312883
9.99556E-05 9.99556E-05 0.0246997 9.99556E-05 9.99556E-05 9.99556E-05 0.795965 0.11005 0.0687857
0.223388 9.99642E-05 0.00640717 9.99642E-05 0.0407107 0.366986 9.99642E-05 0.362108 9.99642E-05
0.514525 0.0080277 9.99645E-05 9.99645E-05 9.99645E-05 0.279626 9.99645E-05 0.037461 0.15996
0.153736 9.99464E-05 9.99464E-05 9.99464E-05 0.658907 9.99464E-05 9.99464E-05 0.186757 9.99464E-05
0.028537 9.99643E-05 9.99643E-05 9.99643E-05 0.0326703 0.435495 0.0680154 0.434882 9.99643E-05
9.99555E-05 0.203667 9.99555E-05 9.99555E-05 9.99555E-05 0.236298 0.0941452 9.99555E-05 0.46539
9.99467E-05 9.99467E-05 9.99467E-05 0.167726 9.99467E-05 0.138776 9.99467E-05 0.692898 9.99467E-05
0.268725 9.99643E-05 0.441731 9.99643E-05 0.0171937 0.205684 9.99643E-05 0.0662667 9.99643E-05
0.0635122 9.99644E-05 0.645628 9.99644E-05 0.0751521 9.99644E-05 0.0902911 9.99644E-05 0.125017
9.99554E-05 9.99554E-05 9.99554E-05 9.99554E-05 0.0685834 0.607441 0.185409 9.99554E-05 0.138067
9.99374E-05 9.99374E-05 0.945974 9.99374E-05 9.99374E-05 9.99374E-05 9.99374E-05 0.0533269 9.99374E-05
0.304286 9.99554E-05 9.99554E-05 0.0590048 0.272386 9.99554E-05 9.99554E-05 9.99554E-05 0.363823
0.186494 9.99552E-05 0.705398 0.00154073 9.99552E-05 0.106068 9.99552E-05 9.99552E-05 9.99552E-05
9.99642E-05 9.99642E-05 0.160855 9.99642E-05 0.162549 9.99642E-05 0.0875285 0.175224 0.413444
0.0768258 9.99552E-05 9.99552E-05 0.00894307 0.869671 0.0440603 9.99552E-05 9.99552E-05 9.99552E-05
0.0567555 9.99641E-05 0.120443 9.99641E-05 0.321214 0.439969 9.99641E-05 9.99641E-05 0.0612189
9.99642E-05 9.99642E-05 0.0746959 9.99642E-05 0.254121 0.378879 0.0428721 9.99642E-05 0.249032
9.99377E-05 9.99377E-05 9.99377E-05 9.99377E-05 9.99377E-05 0.013773 0.985527 9.99377E-05 9.99377E-05
0.44217 9.99642E-05 9.99642E-05 0.134547 0.122987 0.203694 0.0962017 9.99642E-05 9.99642E-05
0.0937098 9.99643E-05 0.00375395 9.99643E-05 9.99643E-05 0.688291 9.99643E-05 0.144488 0.069357
9.99554E-05 9.99554E-05 0.0672757 0.41729 0.373759 0.141176 9.99554E-05 9.99554E-05 9.99554E-05
9.99555E-05 0.0749127 9.99555E-05 0.186423 0.632087 9.99555E-05 0.106077 9.99555E-05 9.99555E-05
0.329183 9.99643E-05 9.99643E-05 9.99643E-05 0.0425178 0.129339 9.99643E-05 0.395087 0.103473
9.99466E-05 9.99466E-05 0.0723092 9.99466E-05 9.99466E-05 9.99466E-05 0.317453 0.609638 9.99466E-05
0.291477 9.99554E-05 9.99554E-05 0.0663079 9.99554E-05 0.169368 9.99554E-05 0.472348 9.99554E-05
0.217015 9.99733E-05 0.169963 0.0984521 0.358887 9.99733E-05 0.0324234 0.12296 9.99733E-05
0.0864657 0.0403563 9.99641E-05 0.060014 9.99641E-05 9.99641E-05 0.218533 0.594231 9.99641E-05
0.408867 9.99643E-05 0.264886 0.0774891 9.99643E-05 0.242353 0.00600502 9.99643E-05 9.99643E-05
0.0196643 9.99643E-05 0.321035 0.165074 0.249978 9.99643E-05 9.99643E-05 9.99643E-05 0.24385
9.99732E-05 0.00691795 9.99732E-05 0.458839 9.99732E-05 0.0358943 0.144191 0.343652 0.0102057
0.119807 0.0364229 0.658779 0.0561505 9.99643E-05 0.128441 9.99643E-05 9.99643E-05 9.99643E-05
0.329461 9.99642E-05 0.0474714 0.499806 0.0580261 0.064836 9.99642E-05 9.99642E-05 9.99642E-05
0.0879674 9.998E-05 0.1333 0.0615687 9.998E-05 0.446201 0.128469 0.047149 0.0951449
0.268358 9.99464E-05 9.99464E-05 0.715617 9.99464E-05 9.99464E-05 9.99464E-05 9.99464E-05 0.0154249
0.595517 9.99464E-05 0.155802 9.99464E-05 9.99464E-05 0.248081 9.99464E-05 9.99464E-05 9.99464E-05
9.99462E-05 0.597327 9.99462E-05 9.99462E-05 9.99462E-05 0.379634 9.99462E-05 9.99462E-05 0.0224393
9.99466E-05 9.99466E-05 0.421416 0.0134133 9.99466E-05 0.564571 9.99466E-05 9.99466E-05 9.99466E-05
0.224916 9.99465E-05 0.122794 0.651691 9.99465E-05 9.99465E-05 9.99465E-05 9.99465E-05 9.99465E-05
9.99464E-05 9.99464E-05 0.115853 9.99464E-05 9.99464E-05 0.598208 9.99464E-05 0.285339 9.99464E-05
0.524619 9.99466E-05 9.99466E-05 9.99466E-05 9.99466E-05 9.99466E-05 0.339898 0.134884 9.99466E-05
0.0535696 9.99644E-05 9.99644E-05 9.99644E-05 0.324947 0.307642 9.99644E-05 0.311155 0.00228658
0.244668 9.99552E-05 9.99552E-05 9.99552E-05 0.245361 0.479383 9.99552E-05 9.99552E-05 0.0300889
0.0515005 0.00286687 0.250713 9.99644E-05 0.656646 9.99644E-05 9.99644E-05 0.0378732 9.99644E-05
9.99463E-05 9.99463E-05 0.361 0.341067 0.297333 9.99463E-05 9.99463E-05 9.99463E-05 9.99463E-05
9.99376E-05 9.99376E-05 9.99376E-05 9.99376E-05 0.657738 9.99376E-05 9.99376E-05 9.99376E-05 0.341563
9.99466E-05 9.99466E-05 9.99466E-05 9.99466E-05 0.66338 0.310988 9.99466E-05 0.0250329 9.99466E-05
9.99464E-05 9.99464E-05 9.99464E-05 0.707267 9.99464E-05 0.110559 0.181574 9.99464E-05 9.99464E-05
9.99554E-05 9.99554E-05 0.331359 0.0956412 0.0776261 0.494874 9.99554E-05 9.99554E-05 9.99554E-05
9.99643E-05 9.99643E-05 0.105643 0.40003 0.00412431 0.319657 9.99643E-05 0.170146 9.99643E-05
0.173041 9.99553E-05 9.99553E-05 9.99553E-05 0.417108 9.99553E-05 0.169019 0.240332 9.99553E-05
0.0585839 9.99731E-05 9.99731E-05 0.0931325 0.234343 9.99731E-05 0.300575 0.0975147 0.215551
0.336037 0.0144486 9.99645E-05 9.99645E-05 9.99645E-05 0.410113 9.99645E-05 0.222653 0.0163486
9.99555E-05 9.99555E-05 9.99555E-05 0.265272 0.25805 0.435305 9.99555E-05 9.99555E-05 0.0408723
0.352779 9.99644E-05 0.0407166 0.403448 9.99644E-05 0.104448 0.0982086 9.99644E-05 9.99644E-05
9.99732E-05 9.99732E-05 0.031078 0.184368 0.0954256 0.466513 0.143015 0.0793002 9.99732E-05
9.99553E-05 9.99553E-05 9.99553E-05 0.420697 9.99553E-05 9.99553E-05 0.151453 0.211762 0.215588
0.397751 9.99463E-05 0.164248 9.99463E-05 9.99463E-05 9.99463E-05 9.99463E-05 0.437402 9.99463E-05
0.407773 9.99553E-05 0.0341901 9.99553E-05 9.99553E-05 9.99553E-05 0.470164 9.99553E-05 0.0873731
9.99642E-05 9.99642E-05 9.99642E-05 0.0589173 9.99642E-05 0.645468 0.261399 0.00533999 0.0284766
0.129296 9.99552E-05 9.99552E-05 9.99552E-05 0.032189 0.0382757 0.799739 9.99552E-05 9.99552E-05
0.371796 9.99465E-05 9.99465E-05 0.343453 0.284151 9.99465E-05 9.99465E-05 9.99465E-05 9.99465E-05
0.150397 9.99554E-05 0.264275 9.99554E-05 9.99554E-05 0.262769 9.99554E-05 0.32206 9.99554E-05
9.99464E-05 9.99464E-05 0.034181 0.395803 0.569417 9.99464E-05 9.99464E-05 9.99464E-05 9.99464E-05
0.170874 9.99644E-05 0.0651053 0.183131 0.580025 9.99644E-05 9.99644E-05 0.000465071 9.99644E-05
0.0316102 9.99733E-05 0.203175 9.99733E-05 0.485423 0.0767734 9.99733E-05 0.192351 0.0103666
9.995E-05 9.995E-05 0.192154 0.170507 0.454798 0.182042 9.995E-05 9.995E-05 9.995E-05
0.00311663 9.99643E-05 0.195048 9.99643E-05 0.422238 9.99643E-05 0.267977 0.11122 9.99643E-05
9.99733E-05 0.0292292 9.99733E-05 0.0337943 0.145302 9.99733E-05 0.25966 0.428789 0.102926
0.245181 9.99643E-05 0.280193 0.292887 9.99643E-05 0.161562 9.99643E-05 0.0197778 9.99643E-05
9.99377E-05 0.0247071 9.99377E-05 9.99377E-05 9.99377E-05 9.99377E-05 9.99377E-05 0.974593 9.99377E-05
9.99643E-05 9.99643E-05 0.0555654 0.0218675 0.277082 0.24736 9.99643E-05 0.397726 9.99643E-05
9.99466E-05 9.99466E-05 9.99466E-05 0.277739 9.99466E-05 0.467434 0.254228 9.99466E-05 9.99466E-05
9.99642E-05 9.99642E-05 9.99642E-05 0.564389 0.124295 0.0492723 0.254307 9.99642E-05 0.00733775
9.99645E-05 9.99645E-05 0.349149 0.00738793 0.24285 0.259486 9.99645E-05 0.140726 9.99645E-05
9.99465E-05 9.99465E-05 9.99465E-05 0.480853 0.286716 0.231831 9.99465E-05 9.99465E-05 9.99465E-05
9.99553E-05 9.99553E-05 9.99553E-05 0.339965 0.13348 9.99553E-05 0.0935871 0.432468 9.99553E-05
9.99555E-05 0.0662781 9.99555E-05 0.378371 9.99555E-05 9.99555E-05 9.99555E-05 0.45355 0.101301
0.067987 9.99732E-05 0.182713 0.24885 0.389159 9.99732E-05 0.100874 0.0101175 9.99732E-05
9.99644E-05 9.99644E-05 0.201087 9.99644E-05 0.635958 9.99644E-05 0.0384315 0.0827902 0.0413333
0.0935096 9.99554E-05 0.000167717 9.99554E-05 9.99554E-05 0.262658 9.99554E-05 0.643165 9.99554E-05
9.99554E-05 9.99554E-05 9.99554E-05 0.503279 9.99554E-05 0.344471 9.99554E-05 0.122618 0.0291321
0.400617 9.99643E-05 9.99643E-05 0.114876 0.0293301 9.99643E-05 0.4427 0.0120781 9.99643E-05
9.99643E-05 9.99643E-05 0.0525448 0.543844 0.234126 9.99643E-05 0.109759 0.0593275 9.99643E-05
9.99555E-05 9.99555E-05 9.99555E-05 0.315451 0.246457 0.250186 0.187407 9.99555E-05 9.99555E-05
0.163318 9.99552E-05 0.523505 0.231479 9.99552E-05 0.0811981 9.99552E-05 9.99552E-05 9.99552E-05
0.0186742 9.99643E-05 0.706642 9.99643E-05 9.99643E-05 0.0203732 0.0182837 9.99643E-05 0.235627
9.997E-05 9.997E-05 0.192619 0.0816329 0.0990351 0.144494 9.997E-05 0.223872 0.258047
0.0570255 9.99554E-05 9.99554E-05 0.367292 0.169902 0.40528 9.99554E-05 9.99554E-05 9.99554E-05
9.99464E-05 9.99464E-05 0.195972 9.99464E-05 0.473438 0.329991 9.99464E-05 9.99464E-05 9.99464E-05
0.0449995 9.99732E-05 9.99732E-05 0.232685 0.413893 0.0629119 0.223026 0.0221859 9.99732E-05
9.99374E-05 9.99374E-05 9.99374E-05 0.362083 9.99374E-05 0.637218 9.99374E-05 9.99374E-05 9.99374E-05
0.333029 0.00602234 9.99732E-05 0.308358 9.99732E-05 0.133777 0.124072 9.99732E-05 0.0944419
0.128946 9.99644E-05 9.99644E-05 0.750617 0.0797017 9.99644E-05 0.015537 0.0247994 9.99644E-05
9.99466E-05 9.99466E-05 0.130633 0.312882 9.99466E-05 9.99466E-05 0.555886 9.99466E-05 9.99466E-05
9.99642E-05 9.99642E-05 0.274841 0.326422 0.154337 9.99642E-05 0.180968 9.99642E-05 0.0630318
0.0131726 9.99821E-05 0.110592 0.107618 9.99821E-05 0.276969 0.114843 0.178905 0.1977
0.259703 9.99552E-05 9.99552E-05 0.0919421 0.31103 0.336825 9.99552E-05 9.99552E-05 9.99552E-05
0.200198 9.99732E-05 0.111072 9.99732E-05 0.139725 0.116537 9.99732E-05 0.143275 0.288893
9.99733E-05 9.99733E-05 0.514568 0.154405 0.109763 9.99733E-05 0.0285403 0.0368607 0.155563
0.209252 9.99643E-05 0.0768131 0.585748 0.124606 0.00318136 9.99643E-05 9.99643E-05 9.99643E-05
0.0194378 9.99821E-05 0.118508 0.337593 0.393853 0.111036 0.00251949 9.99821E-05 0.0168529
0.0580995 0.00485208 0.327677 0.344689 0.264282 9.99644E-05 9.99644E-05 9.99644E-05 9.99644E-05
0.416214 9.99465E-05 9.99465E-05 9.99465E-05 0.439885 0.143301 9.99465E-05 9.99465E-05 9.99465E-05
0.00303354 9.99731E-05 9.99731E-05 0.375875 0.362795 0.0499373 0.164793 9.99731E-05 0.0432668
9.99376E-05 9.99376E-05 9.99376E-05 9.99376E-05 9.99376E-05 0.311623 9.99376E-05 9.99376E-05 0.687678
9.99375E-05 9.99375E-05 9.99375E-05 0.135208 9.99375E-05 9.99375E-05 9.99375E-05 9.99375E-05 0.864093
0.225544 9.99732E-05 0.0908156 9.99732E-05 0.294531 0.273749 0.0104167 9.99732E-05 0.104644
0.107361 9.99373E-05 9.99373E-05 9.99373E-05 9.99373E-05 9.99373E-05 9.99373E-05 9.99373E-05 0.891939
