9.994E-05 9.994E-05 9.994E-05 9.994E-05 9.994E-05 9.994E-05 0.9993 9.994E-05
0.336998 9.99553E-05 9.99553E-05 0.325701 9.99553E-05 9.99553E-05 9.99553E-05 0.336801
9.99732E-05 9.99732E-05 9.99732E-05 0.660738 0.0363116 0.0938482 0.00158463 0.207217
0.254804 0.105767 0.0385544 0.276913 0.148493 9.99911E-05 0.0159277 0.159442
0.459402 0.0682264 9.99644E-05 9.99644E-05 0.0176365 9.99644E-05 9.99644E-05 0.454335
0.171107 0.259302 0.357683 9.99642E-05 0.211507 9.99642E-05 9.99642E-05 9.99642E-05
0.195877 9.99642E-05 9.99642E-05 9.99642E-05 0.491083 0.173233 9.99642E-05 0.139408
9.99555E-05 9.99555E-05 9.99555E-05 0.18266 9.99555E-05 0.0213057 9.99555E-05 0.795535
0.286379 0.118442 9.99552E-05 9.99552E-05 9.99552E-05 0.594679 9.99552E-05 9.99552E-05
0.159517 0.365317 9.997E-05 0.235039 9.997E-05 0.0328118 9.997E-05 0.207015
0.00287148 0.315906 9.99555E-05 0.680722 9.99555E-05 9.99555E-05 9.99555E-05 9.99555E-05
9.996E-05 0.0639667 9.996E-05 9.996E-05 9.996E-05 0.759162 0.0120364 0.164436
9.997E-05 0.322369 9.997E-05 0.344937 9.997E-05 0.160932 0.0381983 0.133264
0.243903 0.445126 9.99555E-05 9.99555E-05 9.99555E-05 0.310472 9.99555E-05 9.99555E-05
9.99645E-05 9.99645E-05 0.280466 0.464303 0.179271 9.99645E-05 9.99645E-05 0.0755604
0.347117 9.99645E-05 9.99645E-05 0.10959 0.462023 0.0808695 9.99645E-05 9.99645E-05
0.524184 0.279027 9.99645E-05 0.112497 9.99645E-05 9.99645E-05 9.99645E-05 0.0838926
0.423362 0.0250354 9.99733E-05 0.319138 0.00783793 9.99733E-05 9.99733E-05 0.224327
9.99465E-05 0.316535 9.99465E-05 9.99465E-05 9.99465E-05 0.682865 9.99465E-05 9.99465E-05
9.997E-05 0.085139 0.0190455 0.344983 0.292811 9.997E-05 9.997E-05 0.257722
9.996E-05 0.0542731 0.243463 9.996E-05 0.126548 9.996E-05 9.996E-05 0.575316
9.996E-05 9.996E-05 9.996E-05 0.185227 0.115356 0.259548 9.996E-05 0.439469
0.264952 9.99643E-05 0.161026 9.99643E-05 0.559694 0.0139276 9.99643E-05 9.99643E-05
0.535411 9.99553E-05 0.261171 9.99553E-05 9.99553E-05 9.99553E-05 9.99553E-05 0.202918
9.99467E-05 9.99467E-05 9.99467E-05 0.403074 9.99467E-05 9.99467E-05 9.99467E-05 0.596327
0.0553971 9.99643E-05 0.126524 0.212449 9.99643E-05 9.99643E-05 9.99643E-05 0.60523
9.99464E-05 0.216253 9.99464E-05 9.99464E-05 0.783147 9.99464E-05 9.99464E-05 9.99464E-05
0.109525 9.99553E-05 9.99553E-05 0.839975 0.0499998 9.99553E-05 9.99553E-05 9.99553E-05
9.99553E-05 0.329414 9.99553E-05 9.99553E-05 0.256804 9.99553E-05 9.99553E-05 0.413282
9.99822E-05 0.307494 0.109846 0.290918 0.01161 0.248235 9.99822E-05 0.031697
9.99462E-05 9.99462E-05 9.99462E-05 9.99462E-05 0.763806 9.99462E-05 9.99462E-05 0.235594
0.162536 0.142364 9.99643E-05 0.0894366 0.605264 9.99643E-05 9.99643E-05 9.99643E-05
9.995E-05 0.177359 9.995E-05 0.00335848 0.818782 9.995E-05 9.995E-05 9.995E-05
9.996E-05 0.0140608 9.996E-05 9.996E-05 0.423182 0.0181212 9.996E-05 0.544236
0.371195 0.131237 9.99732E-05 9.99732E-05 0.177122 0.167534 9.99732E-05 0.152612
0.0264686 9.99644E-05 0.222619 9.99644E-05 0.378091 9.99644E-05 9.99644E-05 0.372422
9.99644E-05 0.548114 9.99644E-05 9.99644E-05 0.034583 9.99644E-05 0.0227919 0.394112
9.99552E-05 9.99552E-05 9.99552E-05 0.286068 0.551311 9.99552E-05 9.99552E-05 0.162121
0.425474 9.99732E-05 0.0232481 0.101385 0.345552 0.104041 9.99732E-05 9.99732E-05
9.99644E-05 9.99644E-05 9.99644E-05 0.486422 0.4328 0.04389 0.0364888 9.99644E-05
0.18278 0.207735 9.99642E-05 0.559231 0.0498539 9.99642E-05 9.99642E-05 9.99642E-05
0.0728661 9.99644E-05 9.99644E-05 0.0170895 0.61563 0.294015 9.99644E-05 9.99644E-05
9.996E-05 0.279067 0.0152853 9.996E-05 0.428731 0.276517 9.996E-05 9.996E-05
0.330585 0.474504 9.99641E-05 0.119044 0.0754673 9.99641E-05 9.99641E-05 9.99641E-05
9.99465E-05 0.639478 9.99465E-05 0.359922 9.99465E-05 9.99465E-05 9.99465E-05 9.99465E-05
9.99464E-05 9.99464E-05 9.99464E-05 0.110543 9.99464E-05 9.99464E-05 9.99464E-05 0.888857
0.457692 0.011489 0.0993075 0.431111 9.99642E-05 9.99642E-05 9.99642E-05 9.99642E-05
0.0225966 9.99732E-05 0.0707779 0.467887 0.413128 0.0253102 9.99732E-05 9.99732E-05
9.997E-05 9.997E-05 0.0798541 0.520138 0.182036 9.997E-05 0.0663779 0.151294
0.638777 9.99466E-05 0.360623 9.99466E-05 9.99466E-05 9.99466E-05 9.99466E-05 9.99466E-05
0.427914 9.99553E-05 9.99553E-05 0.55341 9.99553E-05 9.99553E-05 9.99553E-05 0.0181757
9.99556E-05 9.99556E-05 9.99556E-05 0.675828 0.234721 9.99556E-05 0.0889514 9.99556E-05
9.99732E-05 0.485993 9.99732E-05 0.242647 0.170819 0.0567349 9.99732E-05 0.0435067
9.997E-05 0.253147 0.158548 0.297557 0.20379 0.0866578 9.997E-05 9.997E-05
0.136945 9.99642E-05 9.99642E-05 9.99642E-05 0.0775256 9.99642E-05 0.545106 0.240024
9.99645E-05 0.300271 0.143406 0.16179 9.99645E-05 0.394132 9.99645E-05 9.99645E-05
0.143383 9.99643E-05 9.99643E-05 0.249956 0.4115 9.99643E-05 9.99643E-05 0.194761
9.99467E-05 9.99467E-05 9.99467E-05 9.99467E-05 9.99467E-05 0.00587616 9.99467E-05 0.993524
0.0394155 9.99643E-05 9.99643E-05 0.494496 9.99643E-05 0.41969 9.99643E-05 0.0459987
0.183119 9.99642E-05 0.0398281 9.99642E-05 9.99642E-05 0.168711 9.99642E-05 0.607942
9.99644E-05 0.00980151 9.99644E-05 0.328806 0.378117 9.99644E-05 9.99644E-05 0.282876
0.230364 9.99732E-05 9.99732E-05 0.0777944 0.0723958 0.0124622 9.99732E-05 0.606684
0.394719 0.191157 9.99643E-05 9.99643E-05 0.0156242 9.99643E-05 9.99643E-05 0.3981
0.0597493 0.351231 9.996E-05 0.520695 0.0679247 9.996E-05 9.996E-05 9.996E-05
9.99464E-05 9.99464E-05 9.99464E-05 0.981992 9.99464E-05 9.99464E-05 9.99464E-05 0.0174084
0.106724 9.997E-05 0.0686779 0.701007 9.997E-05 0.0486695 9.997E-05 0.0746221
9.994E-05 9.994E-05 9.994E-05 9.994E-05 9.994E-05 0.9993 9.994E-05 9.994E-05
9.99642E-05 9.99642E-05 0.214676 0.21234 0.281083 0.291502 9.99642E-05 9.99642E-05
0.22174 9.996E-05 0.21423 0.454096 9.996E-05 9.996E-05 9.996E-05 0.109535
0.318336 9.99465E-05 9.99465E-05 0.681065 9.99465E-05 9.99465E-05 9.99465E-05 9.99465E-05
9.99556E-05 0.396557 9.99556E-05 0.188214 9.99556E-05 0.41473 9.99556E-05 9.99556E-05
0.00138229 9.99556E-05 9.99556E-05 9.99556E-05 0.327769 9.99556E-05 9.99556E-05 0.670349
9.99644E-05 0.0147183 0.539309 9.99644E-05 9.99644E-05 0.355963 9.99644E-05 0.0896104
9.997E-05 9.997E-05 0.278635 0.133755 0.217251 0.209143 9.997E-05 0.160916
9.99643E-05 0.351826 9.99643E-05 0.0612775 0.521992 0.0645053 9.99643E-05 9.99643E-05
9.997E-05 0.508424 9.997E-05 9.997E-05 0.0555176 0.319543 0.0200835 0.096132
9.99553E-05 9.99553E-05 9.99553E-05 0.0941059 0.390394 9.99553E-05 9.99553E-05 0.515
9.996E-05 0.0951917 9.996E-05 0.307993 0.0342184 9.996E-05 9.996E-05 0.562197
0.0989158 9.99732E-05 0.23513 9.99732E-05 0.0112847 0.609897 0.0444722 9.99732E-05
0.122632 9.997E-05 9.997E-05 0.0165992 0.28032 9.997E-05 0.0725692 0.50758
0.00542745 9.99555E-05 9.99555E-05 0.220877 0.773196 9.99555E-05 9.99555E-05 9.99555E-05
9.99643E-05 9.99643E-05 9.99643E-05 0.450148 9.99643E-05 0.122653 0.00973576 0.417063
0.0170135 9.99554E-05 9.99554E-05 0.0509927 0.931494 9.99554E-05 9.99554E-05 9.99554E-05
9.996E-05 0.0528549 9.996E-05 0.262535 0.410848 9.996E-05 9.996E-05 0.273363
9.99551E-05 9.99551E-05 9.99551E-05 0.0757495 0.0836284 9.99551E-05 0.840122 9.99551E-05
9.99643E-05 0.312436 0.0253441 0.046751 9.99643E-05 9.99643E-05 9.99643E-05 0.615069
9.99554E-05 9.99554E-05 0.105744 9.99554E-05 0.850408 0.0433488 9.99554E-05 9.99554E-05
9.996E-05 9.996E-05 0.376876 0.261213 9.996E-05 0.17477 9.996E-05 0.186741
9.995E-05 0.356823 0.359004 9.995E-05 0.283673 9.995E-05 9.995E-05 9.995E-05
9.99556E-05 9.99556E-05 0.405253 0.461227 0.13302 9.99556E-05 9.99556E-05 9.99556E-05
9.99553E-05 9.99553E-05 9.99553E-05 0.768382 0.217409 9.99553E-05 9.99553E-05 0.0137098
9.994E-05 0.9993 9.994E-05 9.994E-05 9.994E-05 9.994E-05 9.994E-05 9.994E-05
0.406538 9.996E-05 0.116764 0.148786 0.327512 9.996E-05 9.996E-05 9.996E-05
0.519147 0.133577 9.99733E-05 0.327587 0.00340812 9.99733E-05 0.0159815 9.99733E-05
9.99554E-05 9.99554E-05 0.275863 0.549744 9.99554E-05 0.173894 9.99554E-05 9.99554E-05
0.00121543 0.027212 9.99642E-05 9.99642E-05 0.331137 0.640036 9.99642E-05 9.99642E-05
9.997E-05 0.0599248 9.997E-05 0.478651 0.0211941 0.100195 9.997E-05 0.339734
0.0352108 0.118492 0.434334 9.99821E-05 0.0843708 0.326581 9.99821E-05 0.000811487
9.99732E-05 0.429995 0.121373 9.99732E-05 0.132693 0.144874 9.99732E-05 0.170765
0.0905745 0.182238 0.128224 0.195645 0.189614 0.213504 9.998E-05 9.998E-05
9.99554E-05 9.99554E-05 0.681401 0.305942 9.99554E-05 9.99554E-05 0.0121578 9.99554E-05
9.99554E-05 0.229776 9.99554E-05 0.595361 9.99554E-05 0.174363 9.99554E-05 9.99554E-05
0.341334 0.0272671 9.997E-05 9.997E-05 0.496065 0.046445 9.997E-05 0.0885885
9.99553E-05 9.99553E-05 9.99553E-05 0.148408 9.99553E-05 0.756153 9.99553E-05 0.0949397
0.527168 0.160214 0.146053 9.99643E-05 9.99643E-05 0.166165 9.99643E-05 9.99643E-05
9.996E-05 9.996E-05 0.220717 0.037727 0.408665 9.996E-05 9.996E-05 0.332492
9.997E-05 9.997E-05 0.00327562 0.134904 0.127598 0.283514 9.997E-05 0.450408
9.99554E-05 9.99554E-05 9.99554E-05 0.209988 9.99554E-05 0.529732 9.99554E-05 0.25978
0.084024 9.996E-05 9.996E-05 9.996E-05 0.0397873 0.418785 9.996E-05 0.457004
0.235319 0.32046 9.99554E-05 9.99554E-05 0.44372 9.99554E-05 9.99554E-05 9.99554E-05
9.99464E-05 9.99464E-05 0.0962551 9.99464E-05 9.99464E-05 9.99464E-05 9.99464E-05 0.903145
9.996E-05 0.333925 9.996E-05 0.201782 0.266232 0.197662 9.996E-05 9.996E-05
0.201195 0.587483 9.99554E-05 9.99554E-05 0.210823 9.99554E-05 9.99554E-05 9.99554E-05
0.662926 9.99644E-05 9.99644E-05 0.00796925 0.180513 9.99644E-05 9.99644E-05 0.148193
0.055353 0.0404126 0.315179 0.554524 0.0342311 9.99731E-05 9.99731E-05 9.99731E-05
0.32843 0.551531 9.99642E-05 9.99642E-05 0.0944932 9.99642E-05 9.99642E-05 0.025146
0.171277 0.427763 0.250527 9.99644E-05 9.99644E-05 9.99644E-05 9.99644E-05 0.150033
9.998E-05 0.14011 0.0780579 0.295658 0.132799 0.047767 9.998E-05 0.305408
9.99465E-05 0.595236 0.404165 9.99465E-05 9.99465E-05 9.99465E-05 9.99465E-05 9.99465E-05
9.99643E-05 0.0043189 0.630489 0.345982 0.0188101 9.99643E-05 9.99643E-05 9.99643E-05
9.99554E-05 9.99554E-05 0.0191663 9.99554E-05 0.259547 0.720787 9.99554E-05 9.99554E-05
0.0673324 0.247419 9.997E-05 0.111609 0.443763 0.129576 9.997E-05 9.997E-05
9.99643E-05 9.99643E-05 0.280746 0.416364 0.0486902 0.2538 9.99643E-05 9.99643E-05
0.0201604 0.134523 9.99732E-05 0.0338261 0.519679 0.291511 9.99732E-05 9.99732E-05
0.439951 0.111565 9.99732E-05 0.165008 0.0374847 0.245692 9.99732E-05 9.99732E-05
9.99643E-05 0.00991929 0.58407 9.99643E-05 0.310075 9.99643E-05 0.0955357 9.99643E-05
0.225026 0.0836239 9.997E-05 9.997E-05 0.253525 0.34048 9.997E-05 0.0970455
0.285025 0.319876 9.99732E-05 0.165591 9.99732E-05 0.0615186 9.99732E-05 0.167689
0.0482753 0.220526 0.0728718 0.0545473 9.997E-05 9.997E-05 9.997E-05 0.60348
0.331846 9.996E-05 9.996E-05 0.123836 0.27317 9.996E-05 9.996E-05 0.270749
0.0476801 0.240363 9.996E-05 9.996E-05 0.53484 0.176717 9.996E-05 9.996E-05
0.569227 0.182898 0.0458596 9.99733E-05 0.108396 0.0933202 9.99733E-05 9.99733E-05
0.0700972 0.0718564 9.99821E-05 0.169061 0.167121 0.493762 0.0279034 9.99821E-05
0.260688 0.00934681 0.271053 9.99642E-05 0.458512 9.99642E-05 9.99642E-05 9.99642E-05
0.171241 9.99553E-05 9.99553E-05 0.231823 9.99553E-05 9.99553E-05 9.99553E-05 0.596436
0.291493 9.99553E-05 9.99553E-05 0.316436 9.99553E-05 9.99553E-05 9.99553E-05 0.391571
0.322283 9.997E-05 9.997E-05 0.343929 0.201702 0.094507 0.0372788 9.997E-05
0.424067 9.99465E-05 9.99465E-05 0.575334 9.99465E-05 9.99465E-05 9.99465E-05 9.99465E-05
0.116019 0.424073 9.99732E-05 0.0467682 0.118129 0.294711 9.99732E-05 9.99732E-05
0.118038 9.99643E-05 9.99643E-05 0.476447 0.370342 9.99643E-05 0.0347731 9.99643E-05
9.99553E-05 9.99553E-05 9.99553E-05 0.219108 0.453576 9.99553E-05 9.99553E-05 0.326816
0.2521 9.99555E-05 9.99555E-05 0.0186899 0.72871 9.99555E-05 9.99555E-05 9.99555E-05
0.490661 9.99464E-05 9.99464E-05 9.99464E-05 9.99464E-05 0.50874 9.99464E-05 9.99464E-05
0.769643 9.99554E-05 9.99554E-05 9.99554E-05 0.187955 9.99554E-05 9.99554E-05 0.041903
0.481325 9.99732E-05 0.152524 0.186729 9.99732E-05 0.0527406 9.99732E-05 0.126382
0.229044 9.99552E-05 9.99552E-05 0.583977 9.99552E-05 9.99552E-05 9.99552E-05 0.186479
0.364792 9.99554E-05 9.99554E-05 0.551037 9.99554E-05 9.99554E-05 9.99554E-05 0.0836712
0.33814 0.0945077 9.99732E-05 0.0205509 0.282147 9.99732E-05 9.99732E-05 0.264355
0.253701 0.0194541 9.996E-05 0.632575 0.09387 9.996E-05 9.996E-05 9.996E-05
0.384465 0.225182 9.99732E-05 0.197212 0.00423725 9.99732E-05 9.99732E-05 0.188603
0.0152468 0.374766 9.99555E-05 9.99555E-05 0.609487 9.99555E-05 9.99555E-05 9.99555E-05
9.99556E-05 0.0664442 9.99556E-05 0.805051 0.128005 9.99556E-05 9.99556E-05 9.99556E-05
0.508856 0.0685415 9.997E-05 0.272624 0.0598576 0.0898203 9.997E-05 9.997E-05
0.0936997 9.99644E-05 9.99644E-05 0.423687 0.244568 9.99644E-05 9.99644E-05 0.237645
0.0315145 9.998E-05 0.497794 0.0242708 0.348597 9.998E-05 0.00284403 0.0947797
0.169543 9.997E-05 9.997E-05 0.444785 0.0623226 0.0249836 9.997E-05 0.298066
9.99556E-05 9.99556E-05 0.00229701 0.421399 9.99556E-05 9.99556E-05 9.99556E-05 0.575804
