9.99201E-05 9.99201E-05 9.99201E-05 0.999101 9.99201E-05 9.99201E-05 9.99201E-05 9.99201E-05 9.99201E-05 9.99201E-05
0.563844 9.99374E-05 0.0138092 9.99374E-05 9.99374E-05 9.99374E-05 9.99374E-05 9.99374E-05 9.99374E-05 0.421648
9.99464E-05 0.694266 9.99464E-05 9.99464E-05 9.99464E-05 0.0675455 9.99464E-05 9.99464E-05 0.09553 0.142058
0.353694 9.99466E-05 0.162052 9.99466E-05 9.99466E-05 0.0827603 9.99466E-05 0.400894 9.99466E-05 9.99466E-05
0.63857 9.99554E-05 9.99554E-05 9.99554E-05 0.0734742 0.0872925 0.119814 9.99554E-05 9.99554E-05 0.0803501
9.99465E-05 9.99465E-05 9.99465E-05 9.99465E-05 9.99465E-05 0.103977 0.110903 0.720784 9.99465E-05 0.0637353
0.126371 0.00227866 9.99642E-05 9.99642E-05 0.0962106 0.0299991 9.99642E-05 0.388645 0.356096 9.99642E-05
9.99376E-05 9.99376E-05 0.0831383 9.99376E-05 9.99376E-05 9.99376E-05 9.99376E-05 0.383471 9.99376E-05 0.532691
9.99462E-05 9.99462E-05 9.99462E-05 9.99462E-05 0.469483 0.207515 0.221129 0.101274 9.99462E-05 9.99462E-05
0.338754 9.99463E-05 9.99463E-05 9.99463E-05 9.99463E-05 9.99463E-05 0.00409427 0.60304 0.0535119 9.99463E-05
9.99465E-05 9.99465E-05 0.595465 9.99465E-05 9.99465E-05 9.99465E-05 0.192654 9.99465E-05 0.134837 0.0764439
9.99284E-05 0.418894 9.99284E-05 9.99284E-05 0.580307 9.99284E-05 9.99284E-05 9.99284E-05 9.99284E-05 9.99284E-05
9.99554E-05 0.483353 0.111374 0.00146944 0.241617 9.99554E-05 9.99554E-05 0.161686 9.99554E-05 9.99554E-05
0.112855 9.99377E-05 9.99377E-05 9.99377E-05 0.564532 9.99377E-05 9.99377E-05 0.321913 9.99377E-05 9.99377E-05
9.99468E-05 0.339395 0.152111 9.99468E-05 9.99468E-05 0.471584 9.99468E-05 9.99468E-05 0.0363097 9.99468E-05
0.304266 9.99377E-05 9.99377E-05 9.99377E-05 9.99377E-05 0.0390566 9.99377E-05 9.99377E-05 0.655977 9.99377E-05
0.677161 9.99286E-05 9.99286E-05 9.99286E-05 9.99286E-05 9.99286E-05 9.99286E-05 0.32204 9.99286E-05 9.99286E-05
0.445525 0.233578 9.99465E-05 9.99465E-05 9.99465E-05 0.192367 9.99465E-05 9.99465E-05 9.99465E-05 0.12793
9.99376E-05 9.99376E-05 9.99376E-05 9.99376E-05 0.542455 9.99376E-05 0.31137 0.145475 9.99376E-05 9.99376E-05
9.99464E-05 0.200447 0.323549 9.99464E-05 9.99464E-05 9.99464E-05 9.99464E-05 0.473757 9.99464E-05 0.00164721
9.99375E-05 9.99375E-05 9.99375E-05 9.99375E-05 9.99375E-05 9.99375E-05 9.99375E-05 0.102952 0.288114 0.608234
0.0797303 0.132468 0.0357009 9.99644E-05 0.145782 9.99644E-05 9.99644E-05 0.200667 9.99644E-05 0.405251
9.99555E-05 9.99555E-05 9.99555E-05 9.99555E-05 0.113664 9.99555E-05 0.00433283 0.022217 0.695297 0.163989
0.160285 9.99376E-05 9.99376E-05 9.99376E-05 9.99376E-05 9.99376E-05 0.275625 9.99376E-05 9.99376E-05 0.563391
9.99288E-05 9.99288E-05 0.380088 9.99288E-05 9.99288E-05 9.99288E-05 9.99288E-05 9.99288E-05 9.99288E-05 0.619113
0.132269 9.99554E-05 9.99554E-05 0.00206717 9.99554E-05 9.99554E-05 9.99554E-05 0.0563886 0.0517272 0.757049
9.99375E-05 0.205008 9.99375E-05 9.99375E-05 0.00369329 9.99375E-05 9.99375E-05 0.7906 9.99375E-05 9.99375E-05
9.99374E-05 0.326986 0.31817 9.99374E-05 9.99374E-05 9.99374E-05 9.99374E-05 9.99374E-05 0.354144 9.99374E-05
9.99284E-05 0.843452 9.99284E-05 9.99284E-05 9.99284E-05 9.99284E-05 9.99284E-05 0.155749 9.99284E-05 9.99284E-05
9.99465E-05 0.0694762 9.99465E-05 9.99465E-05 9.99465E-05 9.99465E-05 9.99465E-05 0.150473 0.345888 0.433563
9.99463E-05 0.791481 0.0520144 9.99463E-05 9.99463E-05 9.99463E-05 9.99463E-05 0.112638 0.0432669 9.99463E-05
9.99554E-05 0.193018 0.283037 9.99554E-05 0.00473056 9.99554E-05 9.99554E-05 0.369151 0.149563 9.99554E-05
9.99375E-05 0.582174 9.99375E-05 9.99375E-05 9.99375E-05 9.99375E-05 9.99375E-05 0.138664 0.278463 9.99375E-05
0.00402171 0.133071 9.99553E-05 9.99553E-05 9.99553E-05 0.405236 9.99553E-05 0.367318 9.99553E-05 0.0898531
9.99464E-05 9.99464E-05 9.99464E-05 9.99464E-05 0.0924838 0.503352 0.186826 9.99464E-05 9.99464E-05 0.216739
9.99466E-05 0.00740607 0.296101 9.99466E-05 0.385902 9.99466E-05 9.99466E-05 9.99466E-05 9.99466E-05 0.309991
0.0586454 9.99463E-05 9.99463E-05 0.0198058 9.99463E-05 9.99463E-05 0.380073 0.540876 9.99463E-05 9.99463E-05
9.99463E-05 0.523795 0.377339 9.99463E-05 9.99463E-05 0.012725 9.99463E-05 0.0855415 9.99463E-05 9.99463E-05
9.99373E-05 9.99373E-05 9.99373E-05 9.99373E-05 9.99373E-05 0.87579 0.120134 9.99373E-05 0.00337637 9.99373E-05
9.99466E-05 9.99466E-05 0.600222 0.0221595 9.99466E-05 0.331602 9.99466E-05 9.99466E-05 0.0454171 9.99466E-05
0.17167 0.141391 0.215953 9.99642E-05 9.99642E-05 9.99642E-05 9.99642E-05 0.182323 0.232144 0.0561197
9.99376E-05 9.99376E-05 9.99376E-05 9.99376E-05 9.99376E-05 9.99376E-05 0.0699353 9.99376E-05 0.819346 0.110019
9.99464E-05 0.0297586 9.99464E-05 9.99464E-05 9.99464E-05 0.589946 9.99464E-05 0.288763 0.0909332 9.99464E-05
0.215218 9.99641E-05 0.0536924 9.99641E-05 0.00603473 0.0621509 9.99641E-05 0.463613 0.198892 9.99641E-05
9.99555E-05 0.0661511 0.139533 9.99555E-05 9.99555E-05 9.99555E-05 9.99555E-05 0.538804 0.0537153 0.201297
0.332833 0.178649 9.99553E-05 9.99553E-05 9.99553E-05 0.169785 9.99553E-05 0.0103368 9.99553E-05 0.307897
0.0870776 0.0240446 0.0784898 0.0408915 0.0839656 0.00778067 0.128648 9.9991E-05 0.295118 0.253884
9.99465E-05 0.138199 0.173719 9.99465E-05 9.99465E-05 9.99465E-05 0.146531 9.99465E-05 0.54095 9.99465E-05
0.203124 0.56819 0.10085 9.99553E-05 9.99553E-05 0.104534 0.0228023 9.99553E-05 9.99553E-05 9.99553E-05
0.176978 9.99468E-05 9.99468E-05 9.99468E-05 0.513419 0.223618 0.0853845 9.99468E-05 9.99468E-05 9.99468E-05
0.172311 9.99463E-05 0.184998 9.99463E-05 9.99463E-05 9.99463E-05 0.284326 9.99463E-05 9.99463E-05 0.357766
0.0103196 0.814277 0.0851973 9.99468E-05 9.99468E-05 9.99468E-05 9.99468E-05 9.99468E-05 0.0896065 9.99468E-05
9.99465E-05 9.99465E-05 9.99465E-05 9.99465E-05 9.99465E-05 9.99465E-05 0.0235828 0.435352 0.303018 0.237448
9.99286E-05 0.283808 9.99286E-05 9.99286E-05 9.99286E-05 9.99286E-05 0.715393 9.99286E-05 9.99286E-05 9.99286E-05
0.320303 0.166865 0.184987 0.327245 9.99465E-05 9.99465E-05 9.99465E-05 9.99465E-05 9.99465E-05 9.99465E-05
9.99286E-05 9.99286E-05 9.99286E-05 9.99286E-05 9.99286E-05 9.99286E-05 0.987481 9.99286E-05 0.0117199 9.99286E-05
0.3417 0.543278 0.0354494 9.99552E-05 9.99552E-05 0.0355367 9.99552E-05 9.99552E-05 9.99552E-05 0.0435357
0.302452 9.99466E-05 9.99466E-05 9.99466E-05 0.293623 0.138175 9.99466E-05 9.99466E-05 9.99466E-05 0.265151
9.99376E-05 9.99376E-05 0.747866 9.99376E-05 0.245655 9.99376E-05 0.00577965 9.99376E-05 9.99376E-05 9.99376E-05
0.0502471 9.99372E-05 9.99372E-05 9.99372E-05 9.99372E-05 0.0989527 9.99372E-05 9.99372E-05 9.99372E-05 0.850101
0.147269 0.44477 0.143325 9.99554E-05 9.99554E-05 9.99554E-05 9.99554E-05 0.211127 0.0530095 9.99554E-05
0.0303391 0.362746 9.99552E-05 9.99552E-05 9.99552E-05 0.2718 9.99552E-05 0.14755 9.99552E-05 0.187064
0.419801 9.99643E-05 9.99643E-05 9.99643E-05 0.00818746 0.0423809 9.99643E-05 0.146429 0.0974348 0.285367
9.99373E-05 9.99373E-05 0.279466 9.99373E-05 9.99373E-05 9.99373E-05 9.99373E-05 0.401804 0.31803 9.99373E-05
0.460985 0.351555 0.027419 9.99462E-05 9.99462E-05 9.99462E-05 9.99462E-05 9.99462E-05 0.159441 9.99462E-05
0.0838795 0.0546038 0.691751 9.99553E-05 0.0126591 0.156607 9.99553E-05 9.99553E-05 9.99553E-05 9.99553E-05
9.99201E-05 9.99201E-05 9.99201E-05 9.99201E-05 0.999101 9.99201E-05 9.99201E-05 9.99201E-05 9.99201E-05 9.99201E-05
9.99553E-05 0.155622 0.420265 9.99553E-05 0.134993 9.99553E-05 9.99553E-05 9.99553E-05 0.0499585 0.238663
0.0551912 9.99552E-05 0.331209 9.99552E-05 0.0318846 9.99552E-05 0.140699 9.99552E-05 9.99552E-05 0.440517
9.99553E-05 9.99553E-05 0.312899 9.99553E-05 0.0116358 0.130898 9.99553E-05 9.99553E-05 0.512802 0.0312659
9.99555E-05 0.266034 9.99555E-05 0.0360349 9.99555E-05 9.99555E-05 0.215896 0.0637746 0.417761 9.99555E-05
0.206767 9.99468E-05 0.185787 9.99468E-05 9.99468E-05 9.99468E-05 9.99468E-05 9.99468E-05 0.041954 0.564892
9.99733E-05 0.142909 9.99733E-05 0.0112832 0.383268 0.305743 0.0370786 0.0724345 9.99733E-05 0.0469842
9.99553E-05 0.263759 9.99553E-05 9.99553E-05 0.0437437 9.99553E-05 0.121158 0.0370275 9.99553E-05 0.533812
9.99465E-05 0.379355 9.99465E-05 9.99465E-05 0.0567346 9.99465E-05 9.99465E-05 9.99465E-05 0.346314 0.216996
9.99283E-05 9.99283E-05 9.99283E-05 9.99283E-05 9.99283E-05 9.99283E-05 0.642036 0.357165 9.99283E-05 9.99283E-05
9.99463E-05 0.470998 9.99463E-05 9.99463E-05 0.0536664 0.0401333 9.99463E-05 9.99463E-05 9.99463E-05 0.434602
0.30113 9.99376E-05 0.22787 9.99376E-05 9.99376E-05 0.4703 9.99376E-05 9.99376E-05 9.99376E-05 9.99376E-05
9.99463E-05 9.99463E-05 9.99463E-05 0.0599459 0.50898 9.99463E-05 9.99463E-05 9.99463E-05 0.118646 0.311828
0.0872284 9.99466E-05 9.99466E-05 0.0079707 9.99466E-05 0.727344 9.99466E-05 9.99466E-05 9.99466E-05 0.176858
9.99464E-05 0.386091 9.99464E-05 9.99464E-05 9.99464E-05 0.137703 9.99464E-05 9.99464E-05 0.377312 0.0982944
0.0215736 0.301535 0.35983 9.99553E-05 9.99553E-05 9.99553E-05 0.0967477 9.99553E-05 9.99553E-05 0.219814
0.014839 0.0961581 9.99375E-05 9.99375E-05 9.99375E-05 9.99375E-05 9.99375E-05 9.99375E-05 0.888303 9.99375E-05
9.99375E-05 0.317691 0.475933 9.99375E-05 9.99375E-05 9.99375E-05 9.99375E-05 0.205676 9.99375E-05 9.99375E-05
9.99371E-05 9.99371E-05 0.380733 0.616378 9.99371E-05 9.99371E-05 9.99371E-05 9.99371E-05 9.99371E-05 0.00218944
9.99465E-05 0.373877 9.99465E-05 9.99465E-05 9.99465E-05 0.280206 9.99465E-05 0.0311442 9.99465E-05 0.314173
9.99463E-05 0.0980954 9.99463E-05 9.99463E-05 9.99463E-05 0.554349 9.99463E-05 0.254467 0.092489 9.99463E-05
9.99376E-05 0.595721 9.99376E-05 9.99376E-05 9.99376E-05 9.99376E-05 0.291223 9.99376E-05 9.99376E-05 0.112357
9.99643E-05 0.283212 0.0527659 9.99643E-05 0.0842938 0.00613478 0.0331664 0.540027 9.99643E-05 9.99643E-05
9.99376E-05 9.99376E-05 0.435544 9.99376E-05 9.99376E-05 0.093523 0.470233 9.99376E-05 9.99376E-05 9.99376E-05
9.99283E-05 9.99283E-05 0.868979 9.99283E-05 9.99283E-05 9.99283E-05 9.99283E-05 9.99283E-05 0.130222 9.99283E-05
9.99377E-05 9.99377E-05 9.99377E-05 9.99377E-05 9.99377E-05 0.00449115 9.99377E-05 0.541879 9.99377E-05 0.45293
0.0570375 9.99552E-05 0.0556823 9.99552E-05 9.99552E-05 0.638721 9.99552E-05 0.0379556 0.210104 9.99552E-05
0.51744 9.99464E-05 9.99464E-05 0.0536737 9.99464E-05 9.99464E-05 0.0965808 9.99464E-05 0.331706 9.99464E-05
0.0755422 9.99467E-05 0.25893 9.99467E-05 9.99467E-05 9.99467E-05 9.99467E-05 0.574446 0.0904819 9.99467E-05
9.99463E-05 0.135988 9.99463E-05 9.99463E-05 0.218853 9.99463E-05 0.283296 9.99463E-05 0.361263 9.99463E-05
9.99464E-05 9.99464E-05 0.163573 9.99464E-05 9.99464E-05 0.129513 9.99464E-05 9.99464E-05 0.0876495 0.618665
9.99464E-05 9.99464E-05 9.99464E-05 9.99464E-05 9.99464E-05 0.179438 9.99464E-05 0.0919802 0.231451 0.496531
9.99643E-05 9.99643E-05 9.99643E-05 9.99643E-05 0.125841 0.00931768 0.0931199 0.518109 0.170999 0.0822129
9.99553E-05 9.99553E-05 0.35847 9.99553E-05 0.131648 9.99553E-05 0.112924 0.191448 0.205011 9.99553E-05
9.99557E-05 0.317529 0.434062 0.0182698 9.99557E-05 9.99557E-05 9.99557E-05 0.146022 9.99557E-05 0.0836175
9.99554E-05 9.99554E-05 0.371114 9.99554E-05 9.99554E-05 0.136845 0.278562 0.0148129 0.198167 9.99554E-05
0.0516074 9.99553E-05 0.155311 9.99553E-05 0.253225 0.328047 9.99553E-05 0.211309 9.99553E-05 9.99553E-05
0.00109933 0.175106 0.118602 9.99732E-05 0.372428 9.99732E-05 0.275444 0.0532017 0.00382014 9.99732E-05
9.99464E-05 9.99464E-05 9.99464E-05 9.99464E-05 0.211631 0.0807762 0.37725 9.99464E-05 0.329743 9.99464E-05
0.172539 0.390963 9.99642E-05 9.99642E-05 0.01731 0.0333761 0.145778 9.99642E-05 9.99642E-05 0.239634
0.168496 0.156287 9.99552E-05 9.99552E-05 0.433525 9.99552E-05 9.99552E-05 0.117616 9.99552E-05 0.123576
9.99553E-05 0.459815 0.0189629 9.99553E-05 0.308395 9.99553E-05 9.99553E-05 9.99553E-05 0.114174 0.0981529
0.00969906 0.047347 9.99462E-05 9.99462E-05 0.579941 9.99462E-05 9.99462E-05 0.362413 9.99462E-05 9.99462E-05
0.0136504 9.99375E-05 9.99375E-05 9.99375E-05 9.99375E-05 9.99375E-05 9.99375E-05 0.352989 0.632661 9.99375E-05
9.99375E-05 9.99375E-05 0.150074 9.99375E-05 9.99375E-05 9.99375E-05 0.0439856 9.99375E-05 9.99375E-05 0.805241
9.99374E-05 9.99374E-05 9.99374E-05 9.99374E-05 9.99374E-05 0.147367 9.99374E-05 0.3876 0.464333 9.99374E-05
9.99554E-05 9.99554E-05 0.0641692 9.99554E-05 9.99554E-05 0.207294 0.0588503 0.534627 0.134559 9.99554E-05
0.476714 9.99464E-05 0.307377 9.99464E-05 9.99464E-05 9.99464E-05 9.99464E-05 0.0737642 9.99464E-05 0.141545
0.0328532 0.0135542 0.306188 9.99552E-05 9.99552E-05 0.496945 9.99552E-05 0.14996 9.99552E-05 9.99552E-05
0.0848602 9.99553E-05 9.99553E-05 9.99553E-05 0.227944 0.17929 9.99553E-05 0.415792 0.0916133 9.99553E-05
9.99466E-05 0.295554 9.99466E-05 9.99466E-05 0.0314163 9.99466E-05 0.311094 0.361336 9.99466E-05 9.99466E-05
9.99643E-05 0.226491 9.99643E-05 9.99643E-05 0.0247641 0.309521 9.99643E-05 0.232265 0.136735 0.0698241
9.99377E-05 9.99377E-05 9.99377E-05 0.0663702 9.99377E-05 9.99377E-05 0.476438 0.456492 9.99377E-05 9.99377E-05
9.99732E-05 0.0217817 0.0410842 9.99732E-05 9.99732E-05 0.0526912 0.221702 0.180682 0.117457 0.364301
9.99374E-05 9.99374E-05 9.99374E-05 9.99374E-05 0.539432 9.99374E-05 0.126267 9.99374E-05 9.99374E-05 0.333602
9.99553E-05 0.0149944 9.99553E-05 9.99553E-05 0.0389373 9.99553E-05 0.0809805 0.0107925 0.853796 9.99553E-05
0.124028 9.99643E-05 0.0587223 9.99643E-05 9.99643E-05 0.0888635 0.20437 9.99643E-05 0.17776 0.345856
9.99553E-05 9.99553E-05 0.0743333 9.99553E-05 0.186997 0.336052 9.99553E-05 0.396325 0.00579272 9.99553E-05
0.0133886 9.99553E-05 0.0085542 9.99553E-05 0.39044 9.99553E-05 9.99553E-05 9.99553E-05 0.484086 0.103032
9.993E-05 0.78695 9.993E-05 9.993E-05 9.993E-05 9.993E-05 0.134616 9.993E-05 0.0777342 9.993E-05
0.0323968 9.99552E-05 9.99552E-05 9.99552E-05 0.245922 0.0640158 9.99552E-05 0.539392 9.99552E-05 0.117774
0.235725 9.99821E-05 0.162499 0.0126214 0.048567 0.0661832 9.99821E-05 0.277288 0.0587285 0.138188
0.493951 9.99466E-05 9.99466E-05 9.99466E-05 9.99466E-05 9.99466E-05 0.182516 0.314021 9.99466E-05 0.00891291
9.99465E-05 9.99465E-05 0.23125 9.99465E-05 0.272883 0.4002 0.0950668 9.99465E-05 9.99465E-05 9.99465E-05
9.99552E-05 0.0741092 0.175972 9.99552E-05 0.430457 9.99552E-05 9.99552E-05 0.160002 0.15896 9.99552E-05
0.0334218 9.99466E-05 9.99466E-05 9.99466E-05 9.99466E-05 0.172813 0.010288 9.99466E-05 0.782878 9.99466E-05
9.99465E-05 0.0863729 9.99465E-05 9.99465E-05 0.399405 9.99465E-05 9.99465E-05 0.125667 0.387955 9.99465E-05
9.99464E-05 0.0391446 0.0772392 9.99464E-05 9.99464E-05 0.852177 9.99464E-05 9.99464E-05 9.99464E-05 0.0308394
0.137875 0.251011 9.99373E-05 9.99373E-05 9.99373E-05 9.99373E-05 9.99373E-05 9.99373E-05 9.99373E-05 0.610414
0.48039 0.0966412 0.0666329 9.99462E-05 9.99462E-05 9.99462E-05 0.355737 9.99462E-05 9.99462E-05 9.99462E-05
9.99465E-05 9.99465E-05 0.39638 9.99465E-05 0.103804 0.294965 9.99465E-05 9.99465E-05 0.204251 9.99465E-05
0.0822808 9.99553E-05 0.461033 9.99553E-05 0.042827 9.99553E-05 9.99553E-05 9.99553E-05 0.0534094 0.359951
9.99374E-05 9.99374E-05 9.99374E-05 9.99374E-05 9.99374E-05 9.99374E-05 9.99374E-05 0.465681 0.395946 0.137673
0.225927 0.10756 0.217442 9.99643E-05 9.99643E-05 0.111525 0.0215925 9.99643E-05 0.315554 9.99643E-05
0.0443791 0.717251 9.99464E-05 9.99464E-05 9.99464E-05 0.0276758 9.99464E-05 9.99464E-05 0.210095 9.99464E-05
0.0545143 0.0522384 9.99466E-05 9.99466E-05 9.99466E-05 0.174019 9.99466E-05 9.99466E-05 0.718628 9.99466E-05
0.118741 9.99289E-05 9.99289E-05 9.99289E-05 0.880459 9.99289E-05 9.99289E-05 9.99289E-05 9.99289E-05 9.99289E-05
0.354065 9.99375E-05 9.99375E-05 9.99375E-05 0.176825 0.46841 9.99375E-05 9.99375E-05 9.99375E-05 9.99375E-05
9.99554E-05 9.99554E-05 0.301573 9.99554E-05 0.0190764 0.178772 0.217821 9.99554E-05 9.99554E-05 0.282259
0.0319396 0.00347079 0.609508 9.99641E-05 9.99641E-05 0.159949 9.99641E-05 0.13146 0.0632723 9.99641E-05
0.792912 0.194885 0.0115036 9.99374E-05 9.99374E-05 9.99374E-05 9.99374E-05 9.99374E-05 9.99374E-05 9.99374E-05
0.158902 9.99464E-05 9.99464E-05 9.99464E-05 9.99464E-05 0.641333 9.99464E-05 0.107578 9.99464E-05 0.0915878
0.0391365 0.18907 0.010886 9.99465E-05 9.99465E-05 9.99465E-05 9.99465E-05 9.99465E-05 0.760308 9.99465E-05
0.321641 9.99462E-05 9.99462E-05 9.99462E-05 0.119018 9.99462E-05 9.99462E-05 0.336942 0.2218 9.99462E-05
9.99289E-05 9.99289E-05 9.99289E-05 9.99289E-05 9.99289E-05 0.425577 9.99289E-05 0.573624 9.99289E-05 9.99289E-05
9.99377E-05 9.99377E-05 0.771247 0.00371993 9.99377E-05 9.99377E-05 9.99377E-05 0.224334 9.99377E-05 9.99377E-05
0.229891 9.99553E-05 0.0821612 9.99553E-05 0.124362 9.99553E-05 9.99553E-05 0.0846389 0.478447 9.99553E-05
0.214315 9.99556E-05 0.531452 9.99556E-05 0.0274527 0.0747708 0.15151 9.99556E-05 9.99556E-05 9.99556E-05
0.260091 0.125306 0.0709916 9.99556E-05 9.99556E-05 0.460779 0.0823328 9.99556E-05 9.99556E-05 9.99556E-05
0.00957064 9.99642E-05 0.652151 9.99642E-05 0.0395529 0.0993534 9.99642E-05 0.161197 9.99642E-05 0.0377752
0.436904 0.114695 0.298805 9.99464E-05 9.99464E-05 9.99464E-05 0.148996 9.99464E-05 9.99464E-05 9.99464E-05
