9.99201E-05 9.99201E-05 9.99201E-05 0.999101 9.99201E-05 9.99201E-05 9.99201E-05 9.99201E-05 9.99201E-05 9.99201E-05
0.138095 9.99462E-05 9.99462E-05 9.99462E-05 9.99462E-05 0.219132 0.404561 9.99462E-05 0.237612 9.99462E-05
9.99464E-05 9.99464E-05 0.266249 9.99464E-05 0.126617 0.0258856 9.99464E-05 0.580649 9.99464E-05 9.99464E-05
0.334496 0.17964 9.99733E-05 0.0112425 0.0387759 9.99733E-05 0.247176 0.100038 9.99733E-05 0.0883321
0.0542332 9.99465E-05 9.99465E-05 9.99465E-05 0.0697442 0.23439 0.641032 9.99465E-05 9.99465E-05 9.99465E-05
0.0745191 0.484552 9.99464E-05 9.99464E-05 9.99464E-05 9.99464E-05 9.99464E-05 9.99464E-05 0.381054 0.0592761
0.284137 0.10709 0.086823 9.99553E-05 0.28775 0.2337 9.99553E-05 9.99553E-05 9.99553E-05 9.99553E-05
9.99465E-05 9.99465E-05 0.168807 9.99465E-05 9.99465E-05 9.99465E-05 0.392436 0.355277 0.08288 9.99465E-05
0.356615 9.99281E-05 0.642585 9.99281E-05 9.99281E-05 9.99281E-05 9.99281E-05 9.99281E-05 9.99281E-05 9.99281E-05
0.242413 0.337519 0.0853547 9.99642E-05 9.99642E-05 0.21348 0.106173 0.014662 9.99642E-05 9.99642E-05
0.369656 9.99643E-05 0.00599509 9.99643E-05 9.99643E-05 0.142788 9.99643E-05 0.325457 0.0896901 0.0660132
0.0745283 9.99463E-05 0.747715 0.0615794 9.99463E-05 9.99463E-05 0.115578 9.99463E-05 9.99463E-05 9.99463E-05
9.996E-05 0.217742 0.266148 0.0213094 9.996E-05 9.996E-05 0.132236 0.264073 0.0980921 9.996E-05
9.99376E-05 0.163106 0.514857 9.99376E-05 9.99376E-05 9.99376E-05 0.321338 9.99376E-05 9.99376E-05 9.99376E-05
9.99555E-05 9.99555E-05 9.99555E-05 9.99555E-05 0.218778 0.0143472 0.106757 0.0930916 9.99555E-05 0.566526
0.45632 9.99375E-05 9.99375E-05 9.99375E-05 0.119388 0.423592 9.99375E-05 9.99375E-05 9.99375E-05 9.99375E-05
0.171036 0.135244 9.99555E-05 9.99555E-05 0.0190262 0.205251 0.468943 9.99555E-05 9.99555E-05 9.99555E-05
0.209044 9.99376E-05 9.99376E-05 9.99376E-05 0.190718 9.99376E-05 0.599539 9.99376E-05 9.99376E-05 9.99376E-05
9.99376E-05 0.0959039 0.882723 9.99376E-05 9.99376E-05 0.0206739 9.99376E-05 9.99376E-05 9.99376E-05 9.99376E-05
9.99553E-05 0.241594 9.99553E-05 9.99553E-05 0.000215278 0.0884647 0.00648334 0.662743 9.99553E-05 9.99553E-05
0.132264 0.327922 9.99465E-05 9.99465E-05 9.99465E-05 9.99465E-05 9.99465E-05 9.99465E-05 0.500385 0.0388287
9.99465E-05 9.99465E-05 0.0386381 9.99465E-05 9.99465E-05 0.0593098 9.99465E-05 0.180135 0.721318 9.99465E-05
0.267684 9.99375E-05 9.99375E-05 9.99375E-05 0.4549 9.99375E-05 9.99375E-05 9.99375E-05 0.276717 9.99375E-05
0.524623 0.00392105 9.99554E-05 9.99554E-05 9.99554E-05 9.99554E-05 0.238472 9.99554E-05 0.226296 0.00618844
9.995E-05 9.995E-05 0.0820973 9.995E-05 9.995E-05 0.13045 0.176615 0.322183 9.995E-05 0.288154
9.99463E-05 9.99463E-05 9.99463E-05 9.99463E-05 9.99463E-05 0.253598 0.337626 0.288244 9.99463E-05 0.119931
9.99463E-05 0.358421 0.0769172 9.99463E-05 0.495373 9.99463E-05 9.99463E-05 0.0686885 9.99463E-05 9.99463E-05
0.201284 9.99463E-05 9.99463E-05 9.99463E-05 0.0301564 9.99463E-05 9.99463E-05 0.546975 9.99463E-05 0.220985
9.99553E-05 0.216338 0.152051 9.99553E-05 0.000420121 9.99553E-05 0.224323 0.406368 9.99553E-05 9.99553E-05
0.34191 0.0720814 0.172426 9.99554E-05 9.99554E-05 9.99554E-05 9.99554E-05 0.182969 9.99554E-05 0.230114
9.99462E-05 0.0145132 9.99462E-05 9.99462E-05 0.709916 9.99462E-05 0.0646709 0.2103 9.99462E-05 9.99462E-05
0.0603385 0.0480618 9.99553E-05 9.99553E-05 0.403919 9.99553E-05 9.99553E-05 0.396498 0.0906835 9.99553E-05
9.99286E-05 9.99286E-05 9.99286E-05 9.99286E-05 0.749141 9.99286E-05 9.99286E-05 0.25006 9.99286E-05 9.99286E-05
9.99642E-05 0.275009 0.124135 9.99642E-05 0.201573 0.0841026 0.185886 0.128894 9.99642E-05 9.99642E-05
9.99464E-05 0.0357406 0.125804 9.99464E-05 0.298037 9.99464E-05 0.539819 9.99464E-05 9.99464E-05 9.99464E-05
0.00318986 0.0145477 9.99556E-05 9.99556E-05 0.228482 9.99556E-05 0.110703 9.99556E-05 0.642578 9.99556E-05
9.99284E-05 0.515856 9.99284E-05 9.99284E-05 9.99284E-05 0.483345 9.99284E-05 9.99284E-05 9.99284E-05 9.99284E-05
9.99373E-05 0.0217363 9.99373E-05 9.99373E-05 0.218319 9.99373E-05 9.99373E-05 0.759245 9.99373E-05 9.99373E-05
0.0792918 9.99642E-05 0.119785 9.99642E-05 0.429284 0.0694972 0.185003 9.99642E-05 9.99642E-05 0.116738
9.99554E-05 9.99554E-05 9.99554E-05 0.115656 0.324798 0.004345 9.99554E-05 0.483334 9.99554E-05 0.0713672
0.465545 9.99283E-05 9.99283E-05 9.99283E-05 9.99283E-05 9.99283E-05 9.99283E-05 0.533656 9.99283E-05 9.99283E-05
0.11839 0.0445992 0.024318 9.99643E-05 0.461977 0.0620166 9.99643E-05 9.99643E-05 0.2883 9.99643E-05
9.99553E-05 0.108194 0.361237 0.0305203 0.371013 9.99553E-05 9.99553E-05 9.99553E-05 9.99553E-05 0.128536
0.642868 0.275588 9.99373E-05 9.99373E-05 9.99373E-05 9.99373E-05 9.99373E-05 0.0808452 9.99373E-05 9.99373E-05
9.99377E-05 0.586347 9.99377E-05 9.99377E-05 9.99377E-05 9.99377E-05 9.99377E-05 0.384708 0.0282454 9.99377E-05
9.99554E-05 0.173544 0.0931509 9.99554E-05 9.99554E-05 0.0450505 0.593106 0.0946484 9.99554E-05 9.99554E-05
0.40885 9.99463E-05 9.99463E-05 9.99463E-05 0.217931 9.99463E-05 0.291698 0.0809209 9.99463E-05 9.99463E-05
9.99375E-05 9.99375E-05 9.99375E-05 9.99375E-05 0.351143 9.99375E-05 9.99375E-05 9.99375E-05 0.320478 0.32768
0.0996406 9.99641E-05 9.99641E-05 0.133037 9.99641E-05 0.0164111 0.223545 0.373454 9.99641E-05 0.153512
0.583525 9.99556E-05 9.99556E-05 0.0202418 0.0301559 9.99556E-05 0.331588 9.99556E-05 9.99556E-05 0.0339896
0.0142453 9.99464E-05 9.99464E-05 9.99464E-05 9.99464E-05 9.99464E-05 0.210474 0.221891 0.55279 9.99464E-05
9.99556E-05 9.99556E-05 9.99556E-05 0.0562178 0.0658947 0.000530038 9.99556E-05 0.487422 0.389436 9.99556E-05
9.99464E-05 0.373113 9.99464E-05 9.99464E-05 0.0377049 9.99464E-05 9.99464E-05 0.0675052 0.521077 9.99464E-05
9.99554E-05 0.52873 0.0352699 9.99554E-05 9.99554E-05 9.99554E-05 9.99554E-05 0.115134 0.0248805 0.295486
0.249324 9.99463E-05 9.99463E-05 0.685926 9.99463E-05 9.99463E-05 0.0603093 9.99463E-05 9.99463E-05 0.00384047
9.99554E-05 0.0657619 0.403755 9.99554E-05 9.99554E-05 0.144374 9.99554E-05 9.99554E-05 0.235784 0.149826
9.99464E-05 9.99464E-05 9.99464E-05 9.99464E-05 0.262304 9.99464E-05 0.240251 0.0429614 9.99464E-05 0.453885
9.99466E-05 9.99466E-05 0.167419 9.99466E-05 9.99466E-05 0.315763 0.512876 0.00334175 9.99466E-05 9.99466E-05
9.99554E-05 9.99554E-05 0.0344792 0.0176475 9.99554E-05 9.99554E-05 0.222082 0.335757 0.389534 9.99554E-05
9.99283E-05 9.99283E-05 9.99283E-05 9.99283E-05 9.99283E-05 9.99283E-05 0.759899 9.99283E-05 9.99283E-05 0.239301
9.99464E-05 0.0333142 9.99464E-05 9.99464E-05 0.0687717 0.306852 9.99464E-05 0.590462 9.99464E-05 9.99464E-05
0.00780782 0.0884788 0.055655 0.0521516 0.100412 9.99731E-05 0.610143 0.0850522 9.99731E-05 9.99731E-05
0.119672 9.99463E-05 0.219185 9.99463E-05 9.99463E-05 0.539314 0.121229 9.99463E-05 9.99463E-05 9.99463E-05
0.245758 0.165791 9.99374E-05 9.99374E-05 9.99374E-05 9.99374E-05 9.99374E-05 0.587751 9.99374E-05 9.99374E-05
9.99553E-05 9.99553E-05 9.99553E-05 9.99553E-05 0.171832 0.0384636 0.040504 0.377174 0.371526 9.99553E-05
9.99375E-05 9.99375E-05 9.99375E-05 9.99375E-05 9.99375E-05 9.99375E-05 0.365433 0.479283 0.154584 9.99375E-05
0.246451 9.99288E-05 0.75275 9.99288E-05 9.99288E-05 9.99288E-05 9.99288E-05 9.99288E-05 9.99288E-05 9.99288E-05
9.99463E-05 9.99463E-05 0.0743122 9.99463E-05 0.154929 9.99463E-05 9.99463E-05 9.99463E-05 0.600896 0.169263
0.0856849 9.99642E-05 9.99642E-05 0.0275595 9.99642E-05 9.99642E-05 0.217453 0.101659 0.567135 0.00010872
0.547456 9.99643E-05 9.99643E-05 9.99643E-05 0.0399976 9.99643E-05 0.0001896 0.0464418 0.174674 0.190841
9.99379E-05 0.0513013 0.611381 9.99379E-05 9.99379E-05 9.99379E-05 9.99379E-05 0.336618 9.99379E-05 9.99379E-05
9.99555E-05 9.99555E-05 9.99555E-05 9.99555E-05 0.0451585 0.227907 0.0512157 0.057678 0.617541 9.99555E-05
9.99376E-05 9.99376E-05 0.498963 0.025699 9.99376E-05 9.99376E-05 9.99376E-05 9.99376E-05 9.99376E-05 0.474638
9.99374E-05 0.0374202 9.99374E-05 9.99374E-05 9.99374E-05 9.99374E-05 9.99374E-05 9.99374E-05 0.873154 0.0887268
9.99553E-05 9.99553E-05 0.169415 9.99553E-05 0.59697 9.99553E-05 0.0382807 0.170873 0.0239616 9.99553E-05
9.99373E-05 0.442881 0.312253 9.99373E-05 9.99373E-05 9.99373E-05 9.99373E-05 9.99373E-05 0.244167 9.99373E-05
9.99464E-05 9.99464E-05 9.99464E-05 9.99464E-05 0.232435 9.99464E-05 0.338817 0.333926 0.0942231 9.99464E-05
9.99375E-05 9.99375E-05 0.257647 9.99375E-05 9.99375E-05 0.457726 9.99375E-05 0.283928 9.99375E-05 9.99375E-05
0.271568 9.99552E-05 0.405954 0.109991 9.99552E-05 0.0145634 9.99552E-05 9.99552E-05 0.197423 9.99552E-05
0.0189304 9.99644E-05 9.99644E-05 0.000538418 0.203031 9.99644E-05 0.410268 0.187405 9.99644E-05 0.179427
0.0290585 0.0509941 9.99555E-05 9.99555E-05 0.566919 9.99555E-05 9.99555E-05 0.162844 0.189685 9.99555E-05
9.99464E-05 9.99464E-05 0.03864 9.99464E-05 9.99464E-05 9.99464E-05 0.346465 0.377374 9.99464E-05 0.236921
0.0322128 9.99463E-05 9.99463E-05 9.99463E-05 0.805141 0.0611556 9.99463E-05 9.99463E-05 0.100891 9.99463E-05
9.99553E-05 0.00317869 9.99553E-05 9.99553E-05 0.10793 9.99553E-05 0.117354 0.474109 0.296928 9.99553E-05
0.0549375 9.99461E-05 9.99461E-05 0.905789 9.99461E-05 9.99461E-05 0.00784724 9.99461E-05 0.0308269 9.99461E-05
0.199138 0.323063 9.99554E-05 9.99554E-05 9.99554E-05 9.99554E-05 0.308757 0.106048 9.99554E-05 0.0624931
9.99553E-05 9.99553E-05 0.0630345 0.00334802 0.696164 9.99553E-05 9.99553E-05 9.99553E-05 0.0853372 0.151616
9.99465E-05 9.99465E-05 9.99465E-05 9.99465E-05 9.99465E-05 9.99465E-05 0.101234 0.0241359 0.491396 0.382634
9.99463E-05 0.848991 9.99463E-05 9.99463E-05 0.0194584 9.99463E-05 9.99463E-05 9.99463E-05 0.096854 0.0340965
9.99286E-05 9.99286E-05 9.99286E-05 9.99286E-05 9.99286E-05 9.99286E-05 9.99286E-05 0.105427 9.99286E-05 0.893774
0.174208 9.99374E-05 9.99374E-05 9.99374E-05 9.99374E-05 9.99374E-05 9.99374E-05 0.820698 0.00439442 9.99374E-05
0.100518 0.586175 0.116446 9.99466E-05 9.99466E-05 9.99466E-05 0.196261 9.99466E-05 9.99466E-05 9.99466E-05
0.330685 9.99553E-05 9.99553E-05 9.99553E-05 0.493438 9.99553E-05 0.122557 9.99553E-05 0.0445254 0.00829517
0.203461 9.99553E-05 0.0935925 9.99553E-05 0.00524384 0.658172 9.99553E-05 0.0390309 9.99553E-05 9.99553E-05
0.162976 0.11869 9.99556E-05 9.99556E-05 9.99556E-05 9.99556E-05 9.99556E-05 0.283778 0.142084 0.291972
0.00419337 9.99462E-05 0.675795 9.99462E-05 0.228799 9.99462E-05 9.99462E-05 0.0906136 9.99462E-05 9.99462E-05
0.0636508 9.99643E-05 0.258252 9.99643E-05 0.259699 9.99643E-05 0.105606 0.311779 0.000613932 9.99643E-05
0.351125 0.345875 9.99553E-05 9.99553E-05 0.0270066 9.99553E-05 9.99553E-05 9.99553E-05 0.18283 0.0926636
9.99642E-05 0.574911 0.0865519 9.99642E-05 0.178734 0.00303077 9.99642E-05 0.0930635 9.99642E-05 0.0633088
0.237876 0.115654 0.0723048 9.99552E-05 9.99552E-05 9.99552E-05 9.99552E-05 0.084846 0.488819 9.99552E-05
0.000446291 9.99555E-05 9.99555E-05 9.99555E-05 9.99555E-05 9.99555E-05 0.0166017 0.0984278 0.211644 0.67238
9.99554E-05 0.0736453 0.188277 9.99554E-05 9.99554E-05 0.129563 9.99554E-05 0.496517 9.99554E-05 0.111498
0.167464 0.137884 0.0398799 0.0011637 0.256621 9.99911E-05 0.156206 0.22183 0.00784318 0.0110072
9.99375E-05 9.99375E-05 0.558345 9.99375E-05 9.99375E-05 9.99375E-05 9.99375E-05 0.0091794 0.431776 9.99375E-05
0.386714 0.0864888 0.206192 9.99643E-05 0.024028 0.222432 9.99643E-05 9.99643E-05 0.0737451 9.99643E-05
9.99553E-05 9.99553E-05 9.99553E-05 9.99553E-05 0.203519 0.0293727 9.99553E-05 0.183609 0.243251 0.339749
9.99376E-05 0.115218 9.99376E-05 9.99376E-05 9.99376E-05 9.99376E-05 0.177007 9.99376E-05 0.707075 9.99376E-05
9.99553E-05 9.99553E-05 0.181266 9.99553E-05 9.99553E-05 9.99553E-05 0.0437354 0.00452892 0.677744 0.0922267
9.99462E-05 0.221587 0.382295 9.99462E-05 9.99462E-05 9.99462E-05 0.220295 0.175223 9.99462E-05 9.99462E-05
0.0227718 0.259511 9.99554E-05 9.99554E-05 0.591284 9.99554E-05 0.0239136 0.10202 9.99554E-05 9.99554E-05
9.99644E-05 0.124553 9.99644E-05 9.99644E-05 9.99644E-05 0.0289656 0.276172 0.127999 0.267353 0.174558
9.99551E-05 0.0876326 0.319867 9.99551E-05 0.291897 9.99551E-05 9.99551E-05 0.182228 9.99551E-05 0.117876
0.397824 0.323685 9.99375E-05 9.99375E-05 9.99375E-05 9.99375E-05 9.99375E-05 0.277792 9.99375E-05 9.99375E-05
0.379542 9.99466E-05 9.99466E-05 9.99466E-05 9.99466E-05 9.99466E-05 0.269417 0.0887246 0.261717 9.99466E-05
0.351731 9.99372E-05 9.99372E-05 9.99372E-05 9.99372E-05 9.99372E-05 9.99372E-05 0.307143 9.99372E-05 0.340426
0.35304 0.302877 0.187028 9.99642E-05 0.02435 0.125887 0.0064188 9.99642E-05 9.99642E-05 9.99642E-05
0.291928 0.482726 9.99554E-05 0.0427897 9.99554E-05 9.99554E-05 0.149618 9.99554E-05 9.99554E-05 0.0324378
0.195257 0.308139 9.99555E-05 9.99555E-05 0.0891639 9.99555E-05 0.268268 0.138672 9.99555E-05 9.99555E-05
9.99201E-05 0.999101 9.99201E-05 9.99201E-05 9.99201E-05 9.99201E-05 9.99201E-05 9.99201E-05 9.99201E-05 9.99201E-05
9.99465E-05 0.222692 9.99465E-05 9.99465E-05 9.99465E-05 9.99465E-05 0.0275877 9.99465E-05 0.288178 0.460943
0.30283 9.99554E-05 0.252691 9.99554E-05 0.169676 9.99554E-05 9.99554E-05 9.99554E-05 0.160463 0.11384
0.299394 0.0564743 0.116446 9.99553E-05 0.51719 9.99553E-05 9.99553E-05 9.99553E-05 0.00999691 9.99553E-05
9.99284E-05 9.99284E-05 9.99284E-05 9.99284E-05 9.99284E-05 9.99284E-05 9.99284E-05 9.99284E-05 0.0684723 0.930728
0.0762504 0.123525 0.217789 9.99732E-05 0.386712 9.99732E-05 9.99732E-05 0.037385 0.147507 0.0105308
0.718181 9.99376E-05 0.0201643 9.99376E-05 9.99376E-05 9.99376E-05 9.99376E-05 9.99376E-05 0.260955 9.99376E-05
9.99643E-05 0.226224 9.99643E-05 0.15147 0.2791 0.00129489 9.99643E-05 9.99643E-05 0.111293 0.230218
0.000131779 0.146364 0.135657 9.99642E-05 0.316955 9.99642E-05 0.147811 9.99642E-05 0.252682 9.99642E-05
0.310964 0.166259 0.170375 9.99643E-05 9.99643E-05 9.99643E-05 0.171174 0.118755 9.99643E-05 0.0620724
0.177554 0.335315 9.99555E-05 9.99555E-05 9.99555E-05 0.0771813 9.99555E-05 0.127501 0.281948 9.99555E-05
0.329687 9.99644E-05 0.00172615 9.99644E-05 0.273869 0.216673 0.123167 0.0544769 9.99644E-05 9.99644E-05
9.99554E-05 0.267555 0.0441521 9.99554E-05 0.36459 9.99554E-05 0.183425 0.139777 9.99554E-05 9.99554E-05
0.677168 9.99644E-05 0.164781 9.99644E-05 0.00148013 0.0604061 0.0224529 9.99644E-05 9.99644E-05 0.0733118
0.0802391 9.99554E-05 0.432899 9.99554E-05 0.411503 0.0138975 9.99554E-05 9.99554E-05 0.0609617 9.99554E-05
9.995E-05 0.102226 9.995E-05 9.995E-05 0.353258 9.995E-05 0.31825 9.995E-05 0.113583 0.112183
9.99374E-05 9.99374E-05 9.99374E-05 9.99374E-05 9.99374E-05 9.99374E-05 0.701098 0.038164 0.260039 9.99374E-05
9.99552E-05 9.99552E-05 0.11255 9.99552E-05 9.99552E-05 0.352621 0.186926 0.14223 9.99552E-05 0.205174
0.456872 9.99643E-05 9.99643E-05 0.0432556 0.163758 9.99643E-05 9.99643E-05 0.106465 0.116221 0.113029
0.190771 9.99554E-05 9.99554E-05 9.99554E-05 9.99554E-05 9.99554E-05 0.165386 0.424825 0.177168 0.0413493
0.496351 0.211433 0.15332 9.99552E-05 0.0932148 9.99552E-05 9.99552E-05 9.99552E-05 0.0451814 9.99552E-05
0.562419 9.99554E-05 9.99554E-05 9.99554E-05 0.0825216 0.1243 9.99554E-05 0.228489 0.0017703 9.99554E-05
9.99553E-05 9.99553E-05 0.0452694 9.99553E-05 0.406759 0.146124 9.99553E-05 0.331613 9.99553E-05 0.0697358
9.9929E-05 9.9929E-05 9.9929E-05 9.9929E-05 0.960949 9.9929E-05 0.0382517 9.9929E-05 9.9929E-05 9.9929E-05
9.99377E-05 9.99377E-05 0.506261 9.99377E-05 0.0929841 9.99377E-05 0.400055 9.99377E-05 9.99377E-05 9.99377E-05
0.509992 9.99375E-05 0.224613 9.99375E-05 0.264696 9.99375E-05 9.99375E-05 9.99375E-05 9.99375E-05 9.99375E-05
9.99464E-05 9.99464E-05 9.99464E-05 9.99464E-05 0.0642146 9.99464E-05 0.627971 0.101724 9.99464E-05 0.20549
0.151912 9.99373E-05 9.99373E-05 9.99373E-05 9.99373E-05 0.156969 9.99373E-05 0.69042 9.99373E-05 9.99373E-05
9.99555E-05 9.99555E-05 9.99555E-05 9.99555E-05 0.171418 0.0833835 0.278118 0.208284 0.258297 9.99555E-05
0.188207 9.99643E-05 0.165003 9.99643E-05 0.208166 0.122293 0.190014 9.99643E-05 0.125918 9.99643E-05
0.208396 9.99465E-05 9.99465E-05 9.99465E-05 0.317531 9.99465E-05 0.0992041 0.374269 9.99465E-05 9.99465E-05
0.47584 0.201389 0.0522941 9.99642E-05 0.0469985 0.130941 0.0921374 9.99642E-05 9.99642E-05 9.99642E-05
9.99466E-05 0.309775 9.99466E-05 9.99466E-05 0.619702 9.99466E-05 0.0509606 9.99466E-05 9.99466E-05 0.0189626
9.99201E-05 9.99201E-05 9.99201E-05 9.99201E-05 9.99201E-05 9.99201E-05 9.99201E-05 0.999101 9.99201E-05 9.99201E-05
0.750597 0.0769438 9.99553E-05 9.99553E-05 0.0676641 9.99553E-05 0.0630224 9.99553E-05 0.0412725 9.99553E-05
9.99465E-05 9.99465E-05 9.99465E-05 9.99465E-05 9.99465E-05 0.335147 0.173389 0.335088 0.155776 9.99465E-05
9.99376E-05 9.99376E-05 9.99376E-05 9.99376E-05 0.151178 0.804006 9.99376E-05 9.99376E-05 9.99376E-05 0.044116
9.99374E-05 9.99374E-05 9.99374E-05 9.99374E-05 9.99374E-05 9.99374E-05 0.167889 0.489725 0.341687 9.99374E-05
9.99284E-05 9.99284E-05 9.99284E-05 9.99284E-05 9.99284E-05 0.793983 9.99284E-05 0.205218 9.99284E-05 9.99284E-05
