9.99201E-05 9.99201E-05 9.99201E-05 9.99201E-05 9.99201E-05 9.99201E-05 9.99201E-05 9.99201E-05 0.999101 9.99201E-05
9.994E-05 9.994E-05 0.281342 9.994E-05 9.994E-05 9.994E-05 0.221435 0.379076 9.994E-05 0.117547
9.99464E-05 9.99464E-05 0.0871056 0.883064 0.00504021 9.99464E-05 0.02419 9.99464E-05 9.99464E-05 9.99464E-05
9.99466E-05 9.99466E-05 0.471027 9.99466E-05 0.187705 9.99466E-05 9.99466E-05 0.310676 0.0299912 9.99466E-05
9.99287E-05 9.99287E-05 9.99287E-05 9.99287E-05 9.99287E-05 9.99287E-05 9.99287E-05 0.788044 9.99287E-05 0.211157
0.474882 9.99464E-05 0.133109 9.99464E-05 0.03319 9.99464E-05 9.99464E-05 9.99464E-05 9.99464E-05 0.358219
0.483915 0.157343 0.0792168 0.00293706 0.102156 9.99642E-05 9.99642E-05 9.99642E-05 9.99642E-05 0.174033
9.99375E-05 9.99375E-05 9.99375E-05 9.99375E-05 0.240447 9.99375E-05 9.99375E-05 0.0835393 9.99375E-05 0.675314
0.56444 9.99641E-05 0.129777 0.165991 0.0613731 0.055901 9.99641E-05 0.022118 9.99641E-05 9.99641E-05
0.115556 9.99552E-05 0.429465 9.99552E-05 0.0240664 9.99552E-05 9.99552E-05 0.346015 9.99552E-05 0.0843985
0.184229 9.99377E-05 0.722922 0.0921495 9.99377E-05 9.99377E-05 9.99377E-05 9.99377E-05 9.99377E-05 9.99377E-05
0.134454 9.99464E-05 9.99464E-05 0.512546 0.31979 0.0326102 9.99464E-05 9.99464E-05 9.99464E-05 9.99464E-05
9.99554E-05 9.99554E-05 9.99554E-05 0.554178 0.250062 9.99554E-05 0.10519 0.0880779 0.00199172 9.99554E-05
9.99377E-05 9.99377E-05 9.99377E-05 9.99377E-05 0.651401 0.08157 9.99377E-05 0.26633 9.99377E-05 9.99377E-05
9.99556E-05 0.358937 0.175249 0.239612 0.00527001 9.99556E-05 0.220431 9.99556E-05 9.99556E-05 9.99556E-05
0.512326 0.290139 0.00976911 9.99466E-05 9.99466E-05 9.99466E-05 0.187166 9.99466E-05 9.99466E-05 9.99466E-05
9.99466E-05 9.99466E-05 0.171869 9.99466E-05 0.194742 9.99466E-05 9.99466E-05 0.553607 9.99466E-05 0.0791828
9.99465E-05 9.99465E-05 9.99465E-05 0.491223 9.99465E-05 9.99465E-05 0.214955 0.261702 9.99465E-05 0.03152
9.993E-05 9.993E-05 9.993E-05 9.993E-05 0.160399 0.750642 9.993E-05 0.0882594 9.993E-05 9.993E-05
9.99464E-05 9.99464E-05 0.371428 0.0874387 0.0831125 9.99464E-05 9.99464E-05 9.99464E-05 9.99464E-05 0.457422
0.110274 9.99553E-05 0.183798 0.0912071 0.123827 9.99553E-05 9.99553E-05 9.99553E-05 9.99553E-05 0.490394
0.0900151 9.99376E-05 9.99376E-05 0.358188 9.99376E-05 9.99376E-05 9.99376E-05 9.99376E-05 9.99376E-05 0.551097
0.525877 0.3544 9.99376E-05 9.99376E-05 9.99376E-05 9.99376E-05 9.99376E-05 9.99376E-05 9.99376E-05 0.119023
0.635647 9.99465E-05 0.000998878 9.99465E-05 9.99465E-05 9.99465E-05 9.99465E-05 0.0354461 9.99465E-05 0.327308
9.99379E-05 9.99379E-05 0.650388 0.22471 9.99379E-05 9.99379E-05 9.99379E-05 0.124203 9.99379E-05 9.99379E-05
0.0506242 9.99642E-05 0.0475182 0.50111 9.99642E-05 9.99642E-05 0.202154 0.172432 9.99642E-05 0.0257613
9.99377E-05 0.0666285 9.99377E-05 9.99377E-05 0.930826 9.99377E-05 9.99377E-05 9.99377E-05 9.99377E-05 0.00184547
9.99553E-05 0.212878 0.383661 0.208002 0.163756 9.99553E-05 9.99553E-05 0.0312035 9.99553E-05 9.99553E-05
9.99553E-05 9.99553E-05 9.99553E-05 0.635463 0.25925 0.0243304 0.0106047 0.0698524 9.99553E-05 9.99553E-05
9.99555E-05 0.0159718 0.0895409 0.625869 0.151908 0.11621 9.99555E-05 9.99555E-05 9.99555E-05 9.99555E-05
9.99373E-05 9.99373E-05 9.99373E-05 0.0556725 0.709148 9.99373E-05 9.99373E-05 9.99373E-05 9.99373E-05 0.23448
0.0319656 9.99463E-05 0.0522006 9.99463E-05 0.508841 9.99463E-05 9.99463E-05 9.99463E-05 9.99463E-05 0.406393
9.99374E-05 0.209012 9.99374E-05 9.99374E-05 0.582085 9.99374E-05 9.99374E-05 9.99374E-05 9.99374E-05 0.208204
9.99553E-05 0.331894 9.99553E-05 0.194793 0.0756157 9.99553E-05 9.99553E-05 0.143305 9.99553E-05 0.253892
0.0252509 0.246608 9.99463E-05 9.99463E-05 9.99463E-05 0.0445135 9.99463E-05 0.683028 9.99463E-05 9.99463E-05
0.11838 0.0460422 9.99555E-05 9.99555E-05 0.0644771 9.99555E-05 0.331145 9.99555E-05 9.99555E-05 0.439455
0.0063702 0.0242165 9.99731E-05 9.99731E-05 9.99731E-05 0.198308 0.104224 0.352061 0.120048 0.194472
9.99462E-05 9.99462E-05 0.244911 0.047373 0.520708 9.99462E-05 9.99462E-05 9.99462E-05 9.99462E-05 0.186408
9.99552E-05 0.660295 9.99552E-05 0.011193 9.99552E-05 0.0115694 0.155101 0.161342 9.99552E-05 9.99552E-05
9.99286E-05 0.607574 9.99286E-05 9.99286E-05 9.99286E-05 9.99286E-05 0.391626 9.99286E-05 9.99286E-05 9.99286E-05
0.0148754 9.99642E-05 0.665251 0.0303301 0.241011 9.99642E-05 9.99642E-05 0.0287616 9.99642E-05 0.019371
0.295096 0.467726 0.0334971 0.0727241 0.00117008 0.129387 9.99644E-05 9.99644E-05 9.99644E-05 9.99644E-05
9.99373E-05 0.74438 9.99373E-05 0.180233 9.99373E-05 0.0746866 9.99373E-05 9.99373E-05 9.99373E-05 9.99373E-05
0.364334 9.99374E-05 0.229092 9.99374E-05 0.405874 9.99374E-05 9.99374E-05 9.99374E-05 9.99374E-05 9.99374E-05
9.99376E-05 9.99376E-05 0.561282 9.99376E-05 0.26574 9.99376E-05 9.99376E-05 9.99376E-05 9.99376E-05 0.172279
9.99465E-05 9.99465E-05 9.99465E-05 0.420585 9.99465E-05 9.99465E-05 0.0546062 0.455588 9.99465E-05 0.0686207
0.260006 0.023782 0.0682795 0.0991093 0.0471645 9.99732E-05 0.134793 0.366566 9.99732E-05 9.99732E-05
9.99553E-05 0.534992 0.0393732 9.99553E-05 0.0625758 0.101544 0.261015 9.99553E-05 9.99553E-05 9.99553E-05
9.99464E-05 9.99464E-05 0.422483 9.99464E-05 9.99464E-05 0.0645387 0.368418 9.99464E-05 9.99464E-05 0.143961
0.639929 9.99376E-05 9.99376E-05 9.99376E-05 0.0155392 9.99376E-05 0.343833 9.99376E-05 9.99376E-05 9.99376E-05
0.183591 9.99463E-05 0.316943 9.99463E-05 9.99463E-05 0.0189263 9.99463E-05 9.99463E-05 9.99463E-05 0.479941
9.99557E-05 0.0522292 0.328458 0.0789444 9.99557E-05 9.99557E-05 9.99557E-05 9.99557E-05 0.053316 0.486553
9.99643E-05 9.99643E-05 0.0924992 9.99643E-05 0.273088 0.0504535 9.99643E-05 0.0507401 0.00813959 0.524679
0.179118 9.99644E-05 0.00119627 0.15378 0.130386 0.375771 9.99644E-05 9.99644E-05 9.99644E-05 0.15935
9.99376E-05 9.99376E-05 9.99376E-05 0.0969762 9.99376E-05 9.99376E-05 0.717212 9.99376E-05 0.185113 9.99376E-05
9.99286E-05 9.99286E-05 9.99286E-05 9.99286E-05 9.99286E-05 0.885584 9.99286E-05 0.113616 9.99286E-05 9.99286E-05
9.99463E-05 0.0780838 0.396121 9.99463E-05 9.99463E-05 9.99463E-05 9.99463E-05 0.457792 9.99463E-05 0.0674036
9.99376E-05 9.99376E-05 0.0849557 9.99376E-05 9.99376E-05 9.99376E-05 9.99376E-05 0.654357 9.99376E-05 0.259988
9.99374E-05 9.99374E-05 0.258593 9.99374E-05 9.99374E-05 0.140155 0.600552 9.99374E-05 9.99374E-05 9.99374E-05
9.99284E-05 9.99284E-05 9.99284E-05 0.276244 9.99284E-05 9.99284E-05 9.99284E-05 0.722956 9.99284E-05 9.99284E-05
9.99465E-05 9.99465E-05 0.2404 0.422269 9.99465E-05 9.99465E-05 0.305295 0.031437 9.99465E-05 9.99465E-05
9.99283E-05 9.99283E-05 9.99283E-05 0.54112 9.99283E-05 9.99283E-05 9.99283E-05 0.45808 9.99283E-05 9.99283E-05
0.419507 9.99642E-05 9.99642E-05 0.0439073 0.186126 9.99642E-05 0.0689761 0.267753 0.0133306 9.99642E-05
9.99374E-05 0.0497759 0.664561 9.99374E-05 0.284964 9.99374E-05 9.99374E-05 9.99374E-05 9.99374E-05 9.99374E-05
9.99462E-05 0.0706968 0.290071 0.455543 9.99462E-05 9.99462E-05 9.99462E-05 9.99462E-05 9.99462E-05 0.183089
9.99463E-05 9.99463E-05 0.278545 9.99463E-05 0.00869029 0.0646935 0.647471 9.99463E-05 9.99463E-05 9.99463E-05
9.99291E-05 9.99291E-05 9.99291E-05 9.99291E-05 0.575917 0.423284 9.99291E-05 9.99291E-05 9.99291E-05 9.99291E-05
9.99732E-05 0.0648082 0.14994 0.223072 0.393933 0.0224915 0.0917419 9.99732E-05 9.99732E-05 0.0537133
9.99463E-05 9.99463E-05 0.161627 0.105945 9.99463E-05 9.99463E-05 0.461187 9.99463E-05 9.99463E-05 0.270641
9.99465E-05 0.287853 0.62696 9.99465E-05 9.99465E-05 0.0192328 9.99465E-05 0.0653538 9.99465E-05 9.99465E-05
9.99555E-05 0.186066 0.217798 9.99555E-05 0.238582 0.349156 9.99555E-05 9.99555E-05 0.0078984 9.99555E-05
9.99288E-05 9.99288E-05 9.99288E-05 0.108352 9.99288E-05 9.99288E-05 9.99288E-05 9.99288E-05 9.99288E-05 0.890848
0.309702 0.111697 9.99554E-05 0.119488 9.99554E-05 0.40095 9.99554E-05 9.99554E-05 0.0576635 9.99554E-05
9.99463E-05 0.0882282 9.99463E-05 0.108089 9.99463E-05 0.258447 9.99463E-05 9.99463E-05 9.99463E-05 0.544635
9.99644E-05 0.203591 9.99644E-05 0.483511 0.0488271 0.0070855 9.99644E-05 0.111403 9.99644E-05 0.145183
0.169396 9.99461E-05 9.99461E-05 9.99461E-05 9.99461E-05 0.561872 9.99461E-05 9.99461E-05 0.0347934 0.23334
9.99554E-05 0.181462 9.99554E-05 0.343741 0.00313507 9.99554E-05 9.99554E-05 0.0158384 9.99554E-05 0.455324
0.144335 0.227131 0.337654 0.064696 9.99733E-05 0.0721299 0.0287445 0.125009 9.99733E-05 9.99733E-05
0.149349 0.109888 9.99553E-05 9.99553E-05 9.99553E-05 0.269233 0.417766 9.99553E-05 0.0532644 9.99553E-05
0.00797397 0.166035 9.99643E-05 0.127632 0.249206 9.99643E-05 0.107855 0.340899 9.99643E-05 9.99643E-05
0.113962 0.457984 0.245619 0.181835 9.99464E-05 9.99464E-05 9.99464E-05 9.99464E-05 9.99464E-05 9.99464E-05
9.99464E-05 9.99464E-05 9.99464E-05 0.37592 9.99464E-05 9.99464E-05 0.130151 0.40031 9.99464E-05 0.0930202
0.174181 0.788371 9.99374E-05 9.99374E-05 9.99374E-05 9.99374E-05 9.99374E-05 9.99374E-05 9.99374E-05 0.036748
9.99553E-05 0.0979539 0.063514 0.308784 0.128987 9.99553E-05 9.99553E-05 9.99553E-05 9.99553E-05 0.400262
9.99462E-05 0.115841 9.99462E-05 0.022396 9.99462E-05 9.99462E-05 0.332863 9.99462E-05 0.5283 9.99462E-05
0.0866356 9.99464E-05 9.99464E-05 0.836059 9.99464E-05 9.99464E-05 9.99464E-05 0.020686 9.99464E-05 0.0560202
9.99284E-05 0.803768 9.99284E-05 9.99284E-05 9.99284E-05 9.99284E-05 9.99284E-05 9.99284E-05 9.99284E-05 0.195432
9.99376E-05 9.99376E-05 9.99376E-05 0.686981 9.99376E-05 0.292202 9.99376E-05 9.99376E-05 9.99376E-05 0.0201174
0.0715815 9.99377E-05 9.99377E-05 0.103494 0.824225 9.99377E-05 9.99377E-05 9.99377E-05 9.99377E-05 9.99377E-05
9.99376E-05 9.99376E-05 0.561416 9.99376E-05 9.99376E-05 0.242848 0.195036 9.99376E-05 9.99376E-05 9.99376E-05
0.0444604 0.00105315 0.453952 9.99551E-05 0.382756 9.99551E-05 0.11728 9.99551E-05 9.99551E-05 9.99551E-05
0.081462 0.0038532 9.99644E-05 0.038623 0.394404 9.99644E-05 9.99644E-05 0.472395 0.00886336 9.99644E-05
0.0726385 0.749023 0.0586579 9.99463E-05 9.99463E-05 9.99463E-05 9.99463E-05 0.119081 9.99463E-05 9.99463E-05
0.288923 0.191868 0.202469 9.99465E-05 9.99465E-05 9.99465E-05 9.99465E-05 0.31614 9.99465E-05 9.99465E-05
9.99554E-05 0.0144617 0.682369 9.99554E-05 0.0542775 0.180582 9.99554E-05 9.99554E-05 0.0678095 9.99554E-05
0.173329 9.99462E-05 9.99462E-05 0.29348 0.27026 0.262331 9.99462E-05 9.99462E-05 9.99462E-05 9.99462E-05
0.103116 0.0706218 0.091896 0.732115 9.99554E-05 0.00175173 9.99554E-05 9.99554E-05 9.99554E-05 9.99554E-05
0.0413831 0.427256 9.99554E-05 0.458995 0.0322504 9.99554E-05 9.99554E-05 9.99554E-05 9.99554E-05 0.0396164
0.175717 0.0365022 0.0369283 0.0796682 0.526708 0.0189915 9.99731E-05 9.99731E-05 9.99731E-05 0.125185
0.146255 0.0175554 9.99552E-05 9.99552E-05 0.616965 9.99552E-05 0.111122 9.99552E-05 9.99552E-05 0.107603
9.99557E-05 9.99557E-05 0.075724 0.360757 0.347852 9.99557E-05 0.192684 9.99557E-05 0.0224832 9.99557E-05
9.99554E-05 0.0616672 0.273945 0.112377 9.99554E-05 0.318424 0.233087 9.99554E-05 9.99554E-05 9.99554E-05
0.199785 0.0681618 9.99553E-05 9.99553E-05 0.420816 9.99553E-05 0.247369 0.0633688 9.99553E-05 9.99553E-05
9.99462E-05 0.103562 9.99462E-05 0.161905 9.99462E-05 0.516186 9.99462E-05 9.99462E-05 9.99462E-05 0.217748
0.648196 9.99464E-05 9.99464E-05 9.99464E-05 0.174943 0.000949956 0.175311 9.99464E-05 9.99464E-05 9.99464E-05
0.0814243 0.147294 9.99463E-05 9.99463E-05 9.99463E-05 0.0909326 9.99463E-05 9.99463E-05 9.99463E-05 0.679749
9.99465E-05 9.99465E-05 9.99465E-05 0.0222059 0.462761 9.99465E-05 0.00420863 9.99465E-05 9.99465E-05 0.510225
9.99553E-05 9.99553E-05 9.99553E-05 0.405768 0.060699 0.0934959 0.270311 9.99553E-05 9.99553E-05 0.169227
9.99463E-05 9.99463E-05 9.99463E-05 0.0327841 0.690839 9.99463E-05 0.150656 0.125121 9.99463E-05 9.99463E-05
0.180698 0.0714982 9.99643E-05 0.154477 0.490642 9.99643E-05 9.99643E-05 0.0384008 9.99643E-05 0.0638848
0.0670383 9.99554E-05 9.99554E-05 0.261627 9.99554E-05 9.99554E-05 0.0721702 0.133438 9.99554E-05 0.465227
9.99553E-05 0.410941 0.257609 9.99553E-05 0.189675 0.0134916 9.99553E-05 0.127783 9.99553E-05 9.99553E-05
0.593895 0.0924574 0.312948 9.99376E-05 9.99376E-05 9.99376E-05 9.99376E-05 9.99376E-05 9.99376E-05 9.99376E-05
0.142616 9.99554E-05 0.435283 9.99554E-05 9.99554E-05 9.99554E-05 0.210849 0.159565 9.99554E-05 0.0511878
0.0120792 0.244007 0.646256 0.0970588 9.99464E-05 9.99464E-05 9.99464E-05 9.99464E-05 9.99464E-05 9.99464E-05
0.516534 0.0189743 0.0209969 9.99732E-05 0.158564 9.99732E-05 9.99732E-05 0.168151 0.0418605 0.0746186
0.195284 9.99643E-05 9.99643E-05 0.0507069 0.364802 9.99643E-05 0.0112273 0.306526 0.0710545 9.99643E-05
0.161664 0.0479359 0.102859 0.52338 0.0693695 9.99643E-05 9.99643E-05 0.0943917 9.99643E-05 9.99643E-05
0.0427276 9.99556E-05 9.99556E-05 9.99556E-05 0.422254 0.0720424 9.99556E-05 0.350824 0.111653 9.99556E-05
9.99465E-05 0.223581 0.286568 9.99465E-05 9.99465E-05 9.99465E-05 9.99465E-05 0.0845253 9.99465E-05 0.404726
0.0975873 0.326324 9.99465E-05 9.99465E-05 0.23591 0.33958 9.99465E-05 9.99465E-05 9.99465E-05 9.99465E-05
0.226534 0.310885 9.99464E-05 0.0870618 0.37492 9.99464E-05 9.99464E-05 9.99464E-05 9.99464E-05 9.99464E-05
9.99376E-05 0.0691947 0.448751 9.99376E-05 9.99376E-05 0.481354 9.99376E-05 9.99376E-05 9.99376E-05 9.99376E-05
9.99372E-05 0.520968 9.99372E-05 9.99372E-05 0.0524535 0.425879 9.99372E-05 9.99372E-05 9.99372E-05 9.99372E-05
0.367322 0.109718 0.142761 9.99554E-05 0.375294 9.99554E-05 9.99554E-05 9.99554E-05 0.00440431 9.99554E-05
0.045322 0.336299 9.99555E-05 0.312794 9.99555E-05 0.0853673 9.99555E-05 9.99555E-05 0.219717 9.99555E-05
0.0788059 0.221678 9.99732E-05 0.194186 0.15922 0.00900805 9.99732E-05 0.222257 9.99732E-05 0.114545
0.00953285 9.99554E-05 0.497956 0.0163044 0.168356 9.99554E-05 9.99554E-05 0.307351 9.99554E-05 9.99554E-05
0.426006 9.99466E-05 9.99466E-05 0.150298 9.99466E-05 9.99466E-05 9.99466E-05 9.99466E-05 0.0143988 0.408698
0.0769938 0.295424 9.99555E-05 0.0738654 9.99555E-05 9.99555E-05 0.415849 0.137368 9.99555E-05 9.99555E-05
9.99553E-05 0.0389972 9.99553E-05 9.99553E-05 0.724202 0.0511907 9.99553E-05 0.0548696 9.99553E-05 0.130241
0.661117 0.208975 0.129209 9.99376E-05 9.99376E-05 9.99376E-05 9.99376E-05 9.99376E-05 9.99376E-05 9.99376E-05
0.176138 9.99465E-05 9.99465E-05 0.272877 0.441028 0.109357 9.99465E-05 9.99465E-05 9.99465E-05 9.99465E-05
9.99463E-05 0.514167 9.99463E-05 0.0649683 0.159441 9.99463E-05 9.99463E-05 0.260823 9.99463E-05 9.99463E-05
9.99285E-05 9.99285E-05 9.99285E-05 0.557418 9.99285E-05 9.99285E-05 9.99285E-05 0.441782 9.99285E-05 9.99285E-05
0.145501 9.99642E-05 0.139923 0.167193 9.99642E-05 0.197887 0.0150147 0.334081 9.99642E-05 9.99642E-05
0.223416 0.269858 0.231378 0.0509164 0.108388 9.99644E-05 0.115644 9.99644E-05 9.99644E-05 9.99644E-05
0.00975067 9.99554E-05 0.75999 9.99554E-05 9.99554E-05 9.99554E-05 0.138355 0.0539899 9.99554E-05 0.0374141
0.174744 0.278816 9.99553E-05 0.0971356 0.0297614 9.99553E-05 9.99553E-05 9.99553E-05 9.99553E-05 0.419043
0.345731 0.147683 0.400278 9.99553E-05 0.0722686 9.99553E-05 0.0335393 9.99553E-05 9.99553E-05 9.99553E-05
0.149104 9.99463E-05 9.99463E-05 0.577841 0.256504 9.99463E-05 0.0159508 9.99463E-05 9.99463E-05 9.99463E-05
9.99288E-05 0.719425 9.99288E-05 9.99288E-05 9.99288E-05 9.99288E-05 9.99288E-05 0.279775 9.99288E-05 9.99288E-05
9.99377E-05 9.99377E-05 9.99377E-05 9.99377E-05 0.391859 9.99377E-05 0.0781459 0.529295 9.99377E-05 9.99377E-05
0.533011 0.150454 9.99553E-05 0.0156837 0.0857156 9.99553E-05 9.99553E-05 0.214635 9.99553E-05 9.99553E-05
9.99553E-05 9.99553E-05 0.0865114 0.0848199 0.0523204 9.99553E-05 0.5933 0.182548 9.99553E-05 9.99553E-05
9.99462E-05 9.99462E-05 0.453557 0.125895 0.0223334 9.99462E-05 0.397615 9.99462E-05 9.99462E-05 9.99462E-05
9.993E-05 9.993E-05 0.485129 9.993E-05 9.993E-05 9.993E-05 9.993E-05 0.328126 9.993E-05 0.186046
0.252089 0.285308 9.99464E-05 0.429924 9.99464E-05 9.99464E-05 9.99464E-05 0.0320798 9.99464E-05 9.99464E-05
9.99553E-05 0.117596 0.598568 9.99553E-05 0.195022 9.99553E-05 9.99553E-05 0.0193381 0.0689763 9.99553E-05
0.266462 0.0146804 0.183338 9.99553E-05 0.237751 9.99553E-05 9.99553E-05 0.297268 9.99553E-05 9.99553E-05
9.99288E-05 0.530959 9.99288E-05 9.99288E-05 9.99288E-05 9.99288E-05 9.99288E-05 0.468242 9.99288E-05 9.99288E-05
9.99554E-05 9.99554E-05 0.411296 9.99554E-05 0.23125 9.99554E-05 0.145668 9.99554E-05 0.0100011 0.201286
0.174874 9.99462E-05 0.319454 9.99462E-05 0.402029 9.99462E-05 9.99462E-05 0.103044 9.99462E-05 9.99462E-05
9.99285E-05 9.99285E-05 9.99285E-05 9.99285E-05 9.99285E-05 9.99285E-05 0.70892 9.99285E-05 9.99285E-05 0.290281
0.0961929 0.280997 9.99467E-05 0.00805936 9.99467E-05 9.99467E-05 0.614151 9.99467E-05 9.99467E-05 9.99467E-05
9.99461E-05 9.99461E-05 0.117692 9.99461E-05 0.130915 9.99461E-05 0.487863 9.99461E-05 9.99461E-05 0.262932
9.99286E-05 9.99286E-05 9.99286E-05 9.99286E-05 9.99286E-05 9.99286E-05 0.748971 9.99286E-05 9.99286E-05 0.25023
