9.994E-05 9.994E-05 9.994E-05 9.994E-05 9.994E-05 0.9993 9.994E-05 9.994E-05
0.310428 9.99642E-05 0.2854 9.99642E-05 0.38753 9.99642E-05 9.99642E-05 0.0162423
9.99464E-05 9.99464E-05 9.99464E-05 9.99464E-05 0.654116 9.99464E-05 9.99464E-05 0.345284
9.99555E-05 0.394167 0.253156 9.99555E-05 9.99555E-05 9.99555E-05 9.99555E-05 0.352177
9.996E-05 9.996E-05 0.357602 9.996E-05 0.235024 9.996E-05 0.295282 0.111692
0.0935499 0.267108 0.159053 9.99732E-05 9.99732E-05 9.99732E-05 0.25551 0.22448
9.99465E-05 0.859915 0.139486 9.99465E-05 9.99465E-05 9.99465E-05 9.99465E-05 9.99465E-05
0.601086 0.0889256 9.99643E-05 0.13579 0.173799 9.99643E-05 9.99643E-05 9.99643E-05
9.997E-05 0.210263 0.126895 0.208748 0.239771 9.997E-05 0.214023 9.997E-05
0.27182 0.0832355 0.29439 9.99732E-05 9.99732E-05 9.99732E-05 0.00755863 0.342697
0.316742 9.99644E-05 9.99644E-05 0.217234 9.99644E-05 9.99644E-05 0.0999675 0.365658
9.99464E-05 9.99464E-05 9.99464E-05 9.99464E-05 0.615771 9.99464E-05 0.383629 9.99464E-05
0.050358 9.99643E-05 9.99643E-05 9.99643E-05 0.544859 9.99643E-05 0.349933 0.0544506
9.99643E-05 0.142915 0.0744797 0.100445 9.99643E-05 9.99643E-05 0.681761 9.99643E-05
0.0581529 9.99645E-05 9.99645E-05 0.66209 0.0241081 9.99645E-05 9.99645E-05 0.255249
9.99644E-05 0.118991 0.343088 0.482464 9.99644E-05 9.99644E-05 9.99644E-05 0.0550566
0.0425003 0.281506 0.566354 9.99644E-05 0.10924 9.99644E-05 9.99644E-05 9.99644E-05
9.99555E-05 9.99555E-05 0.0240657 9.99555E-05 0.757248 9.99555E-05 9.99555E-05 0.218187
0.0842183 0.0758022 0.0867919 0.00614427 0.17377 9.99822E-05 0.573074 9.99822E-05
0.472134 0.36329 9.99553E-05 9.99553E-05 9.99553E-05 9.99553E-05 9.99553E-05 0.164077
0.280235 0.0996245 9.99732E-05 9.99732E-05 0.146168 9.99732E-05 0.189508 0.284164
0.608744 9.99466E-05 9.99466E-05 9.99466E-05 0.390657 9.99466E-05 9.99466E-05 9.99466E-05
9.99555E-05 9.99555E-05 0.217002 0.631828 9.99555E-05 9.99555E-05 9.99555E-05 0.15067
0.18798 9.99554E-05 0.421141 9.99554E-05 9.99554E-05 9.99554E-05 9.99554E-05 0.390379
0.559877 9.99467E-05 9.99467E-05 9.99467E-05 0.439523 9.99467E-05 9.99467E-05 9.99467E-05
0.307196 9.99553E-05 0.2881 9.99553E-05 0.404204 9.99553E-05 9.99553E-05 9.99553E-05
9.99464E-05 0.60051 9.99464E-05 9.99464E-05 9.99464E-05 9.99464E-05 0.398891 9.99464E-05
9.99642E-05 0.353471 9.99642E-05 0.113221 0.0481283 9.99642E-05 9.99642E-05 0.48478
0.217648 9.99553E-05 9.99553E-05 9.99553E-05 0.660849 9.99553E-05 0.121004 9.99553E-05
9.99468E-05 0.607814 9.99468E-05 9.99468E-05 0.391586 9.99468E-05 9.99468E-05 9.99468E-05
0.021085 0.601979 9.99643E-05 9.99643E-05 0.372426 9.99643E-05 9.99643E-05 0.00410983
9.994E-05 0.9993 9.994E-05 9.994E-05 9.994E-05 9.994E-05 9.994E-05 9.994E-05
9.99465E-05 0.91412 9.99465E-05 9.99465E-05 0.0852806 9.99465E-05 9.99465E-05 9.99465E-05
9.99643E-05 0.0230085 9.99643E-05 0.488071 0.469232 9.99643E-05 0.0192892 9.99643E-05
9.99642E-05 9.99642E-05 0.386214 0.307664 0.123259 9.99642E-05 0.182463 9.99642E-05
0.596536 9.99733E-05 0.0111336 0.0241163 0.313681 9.99733E-05 0.0542335 9.99733E-05
0.493478 9.99642E-05 9.99642E-05 0.0703827 9.99642E-05 0.0419784 0.393761 9.99642E-05
0.137421 0.748289 9.99641E-05 9.99641E-05 0.0953338 9.99641E-05 9.99641E-05 0.0185567
9.99552E-05 9.99552E-05 0.151623 0.807458 0.0404183 9.99552E-05 9.99552E-05 9.99552E-05
0.270954 9.99732E-05 9.99732E-05 0.386146 0.0635224 0.0563682 9.99732E-05 0.222709
0.000642476 0.579061 9.99642E-05 9.99642E-05 0.0950662 9.99642E-05 9.99642E-05 0.324831
9.99555E-05 0.0603102 9.99555E-05 0.658036 9.99555E-05 9.99555E-05 9.99555E-05 0.281154
9.99553E-05 0.214858 9.99553E-05 0.399106 0.385537 9.99553E-05 9.99553E-05 9.99553E-05
9.99553E-05 0.728446 0.139712 9.99553E-05 9.99553E-05 9.99553E-05 0.131342 9.99553E-05
0.222897 0.176691 9.99642E-05 9.99642E-05 9.99642E-05 9.99642E-05 0.427671 0.172341
0.166214 9.99644E-05 9.99644E-05 9.99644E-05 0.695462 9.99644E-05 0.0451187 0.0928046
9.99642E-05 0.0952036 0.474789 0.0250249 9.99642E-05 9.99642E-05 9.99642E-05 0.404582
9.99464E-05 9.99464E-05 9.99464E-05 0.479272 9.99464E-05 9.99464E-05 9.99464E-05 0.520128
0.138612 9.99642E-05 9.99642E-05 9.99642E-05 0.173931 0.0326667 9.99642E-05 0.65439
9.994E-05 9.994E-05 0.9993 9.994E-05 9.994E-05 9.994E-05 9.994E-05 9.994E-05
0.120894 9.99553E-05 0.250912 9.99553E-05 9.99553E-05 9.99553E-05 9.99553E-05 0.627694
0.0175307 9.99555E-05 9.99555E-05 9.99555E-05 9.99555E-05 9.99555E-05 0.0115714 0.970398
0.176741 0.520317 9.99643E-05 9.99643E-05 9.99643E-05 9.99643E-05 0.202974 0.099568
0.160011 9.99643E-05 9.99643E-05 0.326403 9.99643E-05 9.99643E-05 0.0971162 0.41607
0.329178 0.00237951 0.00798476 9.99822E-05 0.227369 0.414124 9.99822E-05 0.0187653
9.99556E-05 9.99556E-05 9.99556E-05 0.430308 9.99556E-05 9.99556E-05 0.192688 0.376504
0.103682 9.99732E-05 0.297931 0.142839 0.111613 9.99732E-05 9.99732E-05 0.343634
0.206264 9.99644E-05 0.0443933 0.190813 0.55813 9.99644E-05 9.99644E-05 9.99644E-05
0.815032 9.99555E-05 0.0959888 9.99555E-05 9.99555E-05 9.99555E-05 9.99555E-05 0.0884793
9.99464E-05 9.99464E-05 0.185915 9.99464E-05 0.813485 9.99464E-05 9.99464E-05 9.99464E-05
0.207614 0.0206782 0.109069 9.99733E-05 0.430614 9.99733E-05 9.99733E-05 0.231725
9.99642E-05 0.00103909 0.140404 9.99642E-05 0.857366 0.000791086 9.99642E-05 9.99642E-05
0.262288 9.99553E-05 0.630976 9.99553E-05 0.106237 9.99553E-05 9.99553E-05 9.99553E-05
9.99553E-05 0.757111 0.0116838 9.99553E-05 9.99553E-05 9.99553E-05 9.99553E-05 0.230705
0.00623617 9.99553E-05 9.99553E-05 9.99553E-05 0.420262 9.99553E-05 9.99553E-05 0.573002
0.486947 9.99643E-05 0.247572 9.99643E-05 0.0290575 9.99643E-05 9.99643E-05 0.236023
9.99557E-05 0.0344657 9.99557E-05 0.825367 9.99557E-05 9.99557E-05 0.139668 9.99557E-05
0.0335238 0.189469 9.997E-05 0.102478 0.56849 9.997E-05 9.997E-05 0.105739
0.235141 9.99643E-05 0.118363 9.99643E-05 0.278493 9.99643E-05 9.99643E-05 0.367603
9.99643E-05 0.272223 0.0891126 0.368578 9.99643E-05 9.99643E-05 9.99643E-05 0.269687
9.99733E-05 0.140136 9.99733E-05 0.0286472 9.99733E-05 0.0460572 0.451861 0.332998
0.760517 0.194116 9.99556E-05 9.99556E-05 0.0448679 9.99556E-05 9.99556E-05 9.99556E-05
9.99645E-05 9.99645E-05 0.0489341 0.678595 0.112179 9.99645E-05 0.159892 9.99645E-05
0.134155 9.99732E-05 9.99732E-05 0.33749 0.122569 9.99732E-05 0.100427 0.305059
9.99556E-05 0.291098 9.99556E-05 9.99556E-05 0.677981 9.99556E-05 9.99556E-05 0.030421
0.252477 0.117007 9.99732E-05 0.275652 0.0201928 9.99732E-05 0.334372 9.99732E-05
0.0369819 9.99554E-05 9.99554E-05 9.99554E-05 0.886006 9.99554E-05 9.99554E-05 0.0765122
0.34935 0.0690757 0.351143 9.99644E-05 0.230032 9.99644E-05 9.99644E-05 9.99644E-05
0.0265957 0.00502668 9.99732E-05 0.846284 9.99732E-05 0.0828479 9.99732E-05 0.0389454
9.99556E-05 0.162644 0.139703 9.99556E-05 0.697153 9.99556E-05 9.99556E-05 9.99556E-05
9.99643E-05 0.185662 9.99643E-05 0.0749156 0.320936 9.99643E-05 9.99643E-05 0.418086
0.235041 9.99643E-05 9.99643E-05 0.195127 0.383215 9.99643E-05 9.99643E-05 0.186217
9.99643E-05 0.522787 0.195701 0.254464 9.99643E-05 9.99643E-05 9.99643E-05 0.0266484
0.179001 0.510931 9.995E-05 9.995E-05 0.309569 9.995E-05 9.995E-05 9.995E-05
9.99731E-05 9.99731E-05 0.201663 0.0423482 0.00774939 0.730732 9.99731E-05 0.0172082
9.99555E-05 9.99555E-05 9.99555E-05 9.99555E-05 0.822182 9.99555E-05 0.0397401 0.137578
9.99553E-05 0.198138 9.99553E-05 0.753921 9.99553E-05 9.99553E-05 9.99553E-05 0.0474411
0.103748 9.995E-05 9.995E-05 9.995E-05 0.44582 9.995E-05 9.995E-05 0.449933
0.189172 0.263256 9.99552E-05 9.99552E-05 9.99552E-05 9.99552E-05 0.547072 9.99552E-05
0.393815 9.99556E-05 9.99556E-05 0.26008 9.99556E-05 9.99556E-05 9.99556E-05 0.345606
0.41477 0.583576 9.99552E-05 9.99552E-05 9.99552E-05 0.00115457 9.99552E-05 9.99552E-05
9.99555E-05 0.464778 9.99555E-05 9.99555E-05 0.138436 9.99555E-05 0.396286 9.99555E-05
9.99642E-05 0.206483 0.436283 0.284367 9.99642E-05 9.99642E-05 9.99642E-05 0.0724673
0.222492 9.99554E-05 0.509866 9.99554E-05 9.99554E-05 9.99554E-05 9.99554E-05 0.267142
9.99467E-05 0.288045 9.99467E-05 9.99467E-05 9.99467E-05 9.99467E-05 9.99467E-05 0.711356
9.99553E-05 0.20937 9.99553E-05 0.548294 0.241836 9.99553E-05 9.99553E-05 9.99553E-05
9.99553E-05 9.99553E-05 9.99553E-05 0.298521 0.580891 9.99553E-05 9.99553E-05 0.120088
9.99732E-05 0.0610985 9.99732E-05 0.15885 0.321565 9.99732E-05 0.122668 0.335518
0.330663 0.252773 9.99642E-05 0.161961 9.99642E-05 9.99642E-05 0.254204 9.99642E-05
0.435674 0.463794 0.100032 9.99553E-05 9.99553E-05 9.99553E-05 9.99553E-05 9.99553E-05
0.0239534 0.0917186 9.99646E-05 9.99646E-05 0.226324 9.99646E-05 9.99646E-05 0.657605
0.245612 9.99732E-05 9.99732E-05 0.456384 0.0188664 9.99732E-05 0.0128782 0.265959
0.0299299 0.264249 0.055455 0.434059 0.216007 9.99732E-05 9.99732E-05 9.99732E-05
0.312154 9.996E-05 9.996E-05 0.523855 0.158745 9.996E-05 0.00484525 9.996E-05
0.16734 9.996E-05 0.448337 0.347294 9.996E-05 9.996E-05 0.0366297 9.996E-05
0.50292 9.99643E-05 9.99643E-05 0.244607 0.126092 9.99643E-05 9.99643E-05 0.125982
0.401483 9.99554E-05 9.99554E-05 9.99554E-05 0.535909 9.99554E-05 0.0621076 9.99554E-05
0.169824 9.99643E-05 9.99643E-05 0.0511235 0.4557 9.99643E-05 9.99643E-05 0.322953
0.128103 0.180744 0.201159 9.99731E-05 0.317439 9.99731E-05 0.172255 9.99731E-05
9.99644E-05 0.869815 0.0146129 9.99644E-05 0.0910242 9.99644E-05 0.0241477 9.99644E-05
0.690175 9.99553E-05 9.99553E-05 9.99553E-05 0.138528 9.99553E-05 0.170798 9.99553E-05
9.99554E-05 0.519097 9.99554E-05 0.465446 9.99554E-05 9.99554E-05 0.014958 9.99554E-05
9.99554E-05 0.70148 0.219828 9.99554E-05 9.99554E-05 9.99554E-05 0.0781925 9.99554E-05
0.220887 0.172294 0.5529 9.99643E-05 9.99643E-05 9.99643E-05 9.99643E-05 0.0535184
9.99732E-05 0.190484 0.000502083 0.085857 0.167806 9.99732E-05 9.99732E-05 0.555051
9.99732E-05 0.2498 0.436563 9.99732E-05 0.0324735 0.00193458 0.278929 9.99732E-05
9.99554E-05 9.99554E-05 9.99554E-05 0.134757 9.99554E-05 9.99554E-05 0.644396 0.220348
9.99554E-05 0.141418 9.99554E-05 9.99554E-05 0.598216 9.99554E-05 9.99554E-05 0.259866
9.99554E-05 9.99554E-05 0.0280226 9.99554E-05 9.99554E-05 9.99554E-05 0.959981 0.0114968
9.99554E-05 9.99554E-05 9.99554E-05 0.0363679 9.99554E-05 9.99554E-05 0.170495 0.792638
0.0269243 9.99555E-05 9.99555E-05 0.949686 0.0228898 9.99555E-05 9.99555E-05 9.99555E-05
9.99821E-05 0.215257 0.0853904 0.30027 0.116889 9.99821E-05 0.215999 0.0659952
0.107604 9.99645E-05 0.212964 0.237716 9.99645E-05 9.99645E-05 9.99645E-05 0.441316
9.99464E-05 0.37347 9.99464E-05 0.625931 9.99464E-05 9.99464E-05 9.99464E-05 9.99464E-05
9.99911E-05 0.456726 0.139134 0.166444 0.100563 0.00874262 0.0193482 0.108941
9.99557E-05 9.99557E-05 9.99557E-05 0.0546729 9.99557E-05 9.99557E-05 0.285066 0.659761
9.99642E-05 0.336174 0.297105 9.99642E-05 0.260141 9.99642E-05 0.106181 9.99642E-05
0.0642832 0.520207 0.0255196 9.99822E-05 0.244853 9.99822E-05 0.0620181 0.0829189
0.653623 9.99643E-05 0.0600934 9.99643E-05 0.175201 9.99643E-05 0.110683 9.99643E-05
0.0155001 9.99554E-05 0.0977564 0.886244 9.99554E-05 9.99554E-05 9.99554E-05 9.99554E-05
0.0156981 0.451577 0.113301 0.207854 9.99732E-05 9.99732E-05 0.21127 9.99732E-05
9.99554E-05 0.332829 0.147233 0.519438 9.99554E-05 9.99554E-05 9.99554E-05 9.99554E-05
0.053485 0.434641 9.99644E-05 0.291007 0.220468 9.99644E-05 9.99644E-05 9.99644E-05
9.99821E-05 0.0737618 0.233598 0.13294 0.354542 9.99821E-05 0.0449482 0.16001
9.99465E-05 9.99465E-05 0.110594 9.99465E-05 0.888806 9.99465E-05 9.99465E-05 9.99465E-05
0.094747 9.997E-05 0.324993 0.0290477 0.228126 9.997E-05 9.997E-05 0.322786
9.99643E-05 0.593704 0.287973 9.99643E-05 0.0845052 0.0334182 9.99643E-05 9.99643E-05
0.345682 0.105479 0.280352 9.99732E-05 0.171185 9.99732E-05 9.99732E-05 0.0970016
0.0117952 0.427754 9.99642E-05 0.405252 9.99642E-05 9.99642E-05 0.154799 9.99642E-05
9.99643E-05 0.1552 9.99643E-05 0.1916 0.0678467 9.99643E-05 9.99643E-05 0.584953
0.105486 0.100791 9.99733E-05 9.99733E-05 0.608795 0.0132226 9.99733E-05 0.171405
9.99733E-05 0.0565895 0.332265 0.250057 0.0237131 9.99733E-05 9.99733E-05 0.337075
9.99644E-05 0.179872 0.49242 0.283811 0.0434975 9.99644E-05 9.99644E-05 9.99644E-05
9.99553E-05 0.213472 0.755204 9.99553E-05 0.0308236 9.99553E-05 9.99553E-05 9.99553E-05
0.031142 9.99643E-05 0.389454 0.221633 9.99643E-05 9.99643E-05 9.99643E-05 0.357371
0.459274 0.246275 9.99642E-05 9.99642E-05 0.082141 9.99642E-05 9.99642E-05 0.211911
0.162058 9.99643E-05 0.15109 9.99643E-05 0.152143 9.99643E-05 9.99643E-05 0.534309
9.99643E-05 9.99643E-05 0.213062 0.180082 0.503101 9.99643E-05 0.103355 9.99643E-05
9.99643E-05 0.313394 9.99643E-05 0.0593725 0.0609603 9.99643E-05 9.99643E-05 0.565873
9.99642E-05 0.571346 0.136297 9.99642E-05 0.0620698 9.99642E-05 9.99642E-05 0.229888
9.99644E-05 0.352079 0.381083 0.170334 9.99644E-05 9.99644E-05 0.0961048 9.99644E-05
0.399507 0.599894 9.99466E-05 9.99466E-05 9.99466E-05 9.99466E-05 9.99466E-05 9.99466E-05
0.063898 0.650012 0.222972 0.0590654 9.99732E-05 9.99732E-05 9.99732E-05 0.00375223
0.763952 9.99555E-05 0.135385 0.100163 9.99555E-05 9.99555E-05 9.99555E-05 9.99555E-05
0.345402 9.99645E-05 0.24046 0.273243 9.99645E-05 9.99645E-05 9.99645E-05 0.140496
0.655491 0.128988 0.159816 9.99642E-05 0.0553054 9.99642E-05 9.99642E-05 9.99642E-05
0.9993 9.994E-05 9.994E-05 9.994E-05 9.994E-05 9.994E-05 9.994E-05 9.994E-05
