9.995E-05 0.9994 9.995E-05 9.995E-05 9.995E-05 9.995E-05 9.995E-05
9.99642E-05 9.99642E-05 0.581894 0.363105 9.99642E-05 9.99642E-05 0.054601
0.224444 9.99553E-05 9.99553E-05 9.99553E-05 9.99553E-05 9.99553E-05 0.775056
9.99822E-05 0.0167344 9.99822E-05 0.283316 0.200488 0.271587 0.227675
9.99733E-05 9.99733E-05 9.99733E-05 0.63752 0.16143 0.00187479 0.198875
9.99733E-05 9.99733E-05 0.355769 0.209049 0.209036 0.225846 9.99733E-05
0.0791883 9.99733E-05 9.99733E-05 0.018634 0.45915 0.442727 9.99733E-05
0.107874 9.99732E-05 0.230729 0.588147 9.99732E-05 0.0729506 9.99732E-05
0.548416 9.99551E-05 9.99551E-05 9.99551E-05 0.451084 9.99551E-05 9.99551E-05
0.00514318 9.99732E-05 0.132011 0.378747 9.99732E-05 0.483799 9.99732E-05
9.99822E-05 9.99822E-05 0.195638 0.297517 0.00613563 0.0386475 0.461862
0.852441 9.99643E-05 9.99643E-05 9.99643E-05 0.0421025 0.105057 9.99643E-05
0.178862 0.00644333 0.297419 0.0325114 9.99821E-05 0.484564 9.99821E-05
0.532972 9.99644E-05 0.0211701 9.99644E-05 9.99644E-05 0.445458 9.99644E-05
9.99646E-05 9.99646E-05 9.99646E-05 9.99646E-05 0.0111865 0.0639955 0.924418
9.99645E-05 9.99645E-05 9.99645E-05 9.99645E-05 0.569169 0.114856 0.315574
9.99734E-05 9.99734E-05 0.259904 0.172575 0.0918272 0.475393 9.99734E-05
9.99733E-05 9.99733E-05 0.144281 0.249508 0.261417 9.99733E-05 0.344493
0.605804 9.99644E-05 9.99644E-05 0.128586 9.99644E-05 0.265211 9.99644E-05
9.99732E-05 9.99732E-05 0.132721 0.194086 9.99732E-05 0.452342 0.220551
9.99732E-05 9.99732E-05 0.298615 0.405818 9.99732E-05 0.117843 0.177423
0.217728 9.99733E-05 0.473184 0.177588 9.99733E-05 9.99733E-05 0.1312
9.99555E-05 9.99555E-05 0.245709 9.99555E-05 0.753791 9.99555E-05 9.99555E-05
9.99554E-05 9.99554E-05 9.99554E-05 0.575224 0.424276 9.99554E-05 9.99554E-05
9.99645E-05 9.99645E-05 0.22386 0.648548 9.99645E-05 9.99645E-05 0.127193
9.99643E-05 9.99643E-05 0.177485 0.561111 9.99643E-05 9.99643E-05 0.261004
0.00845162 9.99643E-05 9.99643E-05 9.99643E-05 0.134372 0.856776 9.99643E-05
9.99643E-05 9.99643E-05 0.159378 9.99643E-05 9.99643E-05 0.225269 0.614953
0.15244 9.99732E-05 0.14678 0.125054 9.99732E-05 0.575427 9.99732E-05
0.17274 9.99734E-05 0.261091 9.99734E-05 0.00280622 0.563063 9.99734E-05
0.0176077 9.99731E-05 0.0820179 9.99731E-05 9.99731E-05 0.574237 0.325837
9.99643E-05 9.99643E-05 0.300691 9.99643E-05 9.99643E-05 0.639915 0.0589943
9.99643E-05 9.99643E-05 9.99643E-05 9.99643E-05 0.0214572 0.71336 0.264783
9.99732E-05 9.99732E-05 9.99732E-05 0.23913 0.120892 0.531882 0.107796
0.253342 9.99643E-05 9.99643E-05 0.298751 0.447506 9.99643E-05 9.99643E-05
9.99645E-05 9.99645E-05 0.574019 0.247284 0.178297 9.99645E-05 9.99645E-05
9.99642E-05 0.103942 9.99642E-05 0.445263 9.99642E-05 0.450395 9.99642E-05
9.99642E-05 9.99642E-05 9.99642E-05 0.0702862 9.99642E-05 0.397307 0.532007
0.0426292 9.99732E-05 9.99732E-05 0.0901467 0.523128 9.99732E-05 0.343796
0.064163 0.0644743 0.22284 9.99732E-05 9.99732E-05 9.99732E-05 0.648222
9.99642E-05 9.99642E-05 0.226187 9.99642E-05 9.99642E-05 0.40563 0.367783
0.265712 9.99733E-05 0.0668707 9.99733E-05 0.343369 9.99733E-05 0.323749
0.223902 9.99643E-05 9.99643E-05 9.99643E-05 0.34619 0.429508 9.99643E-05
9.996E-05 9.996E-05 0.0396061 9.996E-05 0.199914 0.76008 9.996E-05
9.99644E-05 9.99644E-05 0.233099 0.081758 9.99644E-05 0.684743 9.99644E-05
0.044762 9.99822E-05 0.258301 0.478017 0.00537957 0.213341 9.99822E-05
9.99642E-05 9.99642E-05 9.99642E-05 0.109782 0.451594 9.99642E-05 0.438224
9.99643E-05 9.99643E-05 0.569755 9.99643E-05 0.038055 9.99643E-05 0.391791
9.99642E-05 0.00979882 9.99642E-05 0.13815 9.99642E-05 9.99642E-05 0.851651
9.99645E-05 9.99645E-05 0.00437222 0.231138 0.76409 9.99645E-05 9.99645E-05
9.99643E-05 9.99643E-05 0.562754 0.37498 9.99643E-05 9.99643E-05 0.0618661
9.99644E-05 0.0835339 0.362395 9.99644E-05 9.99644E-05 9.99644E-05 0.553671
9.99554E-05 9.99554E-05 0.499456 9.99554E-05 9.99554E-05 0.500045 9.99554E-05
0.264783 9.99733E-05 0.14555 9.99733E-05 9.99733E-05 0.153678 0.435689
9.99732E-05 0.408176 0.106541 0.346286 0.138697 9.99732E-05 9.99732E-05
0.534609 9.99645E-05 9.99645E-05 0.272722 9.99645E-05 9.99645E-05 0.19227
9.99732E-05 9.99732E-05 9.99732E-05 0.346678 0.242409 0.02394 0.386673
0.159147 9.99644E-05 9.99644E-05 0.714224 9.99644E-05 9.99644E-05 0.126229
0.0809338 0.0615142 0.857152 9.99643E-05 9.99643E-05 9.99643E-05 9.99643E-05
9.99553E-05 9.99553E-05 9.99553E-05 0.69278 0.30672 9.99553E-05 9.99553E-05
9.99732E-05 9.99732E-05 0.211763 0.121524 9.99732E-05 0.214331 0.452082
0.0883298 9.9991E-05 0.321461 0.282513 0.157397 0.148338 0.00186037
9.99643E-05 9.99643E-05 9.99643E-05 0.434205 0.355252 0.210144 9.99643E-05
9.99642E-05 9.99642E-05 0.138623 9.99642E-05 9.99642E-05 0.704688 0.156289
9.99552E-05 9.99552E-05 0.367745 9.99552E-05 9.99552E-05 9.99552E-05 0.631755
9.99555E-05 9.99555E-05 0.749188 9.99555E-05 9.99555E-05 9.99555E-05 0.250313
0.977928 9.99555E-05 0.0215722 9.99555E-05 9.99555E-05 9.99555E-05 9.99555E-05
0.065752 9.99643E-05 0.666809 9.99643E-05 9.99643E-05 0.267039 9.99643E-05
9.99642E-05 9.99642E-05 0.765458 0.0919084 0.142234 9.99642E-05 9.99642E-05
9.99644E-05 9.99644E-05 0.453171 9.99644E-05 0.314594 9.99644E-05 0.231835
0.508684 9.99644E-05 9.99644E-05 9.99644E-05 9.99644E-05 0.249268 0.241649
9.99645E-05 9.99645E-05 0.336823 0.571772 9.99645E-05 0.0910053 9.99645E-05
0.443111 0.029876 9.99822E-05 0.237516 0.221293 9.99822E-05 0.0680039
0.184425 0.0146003 0.570632 0.119394 9.99822E-05 9.99822E-05 0.110749
0.0119326 9.99732E-05 9.99732E-05 9.99732E-05 0.186833 0.297992 0.502942
0.405163 0.0042444 9.99731E-05 0.238306 9.99731E-05 0.351986 9.99731E-05
0.0430727 9.99821E-05 0.278343 0.380645 9.99821E-05 0.114129 0.18361
0.155711 9.99822E-05 0.0602717 0.308248 0.0571771 9.99822E-05 0.418393
0.286516 0.0821119 0.360306 0.0303729 0.240493 9.99821E-05 9.99821E-05
0.0292735 9.99822E-05 9.99822E-05 0.170435 0.0595785 0.102268 0.638245
9.99732E-05 9.99732E-05 0.412807 9.99732E-05 0.371344 0.0194569 0.196092
0.284265 9.99642E-05 9.99642E-05 0.233706 9.99642E-05 9.99642E-05 0.481629
9.99732E-05 9.99732E-05 0.11543 9.99732E-05 0.355016 0.164971 0.364284
0.12188 9.99732E-05 0.529149 9.99732E-05 9.99732E-05 0.29588 0.0527912
9.9964E-05 0.74052 9.9964E-05 9.9964E-05 0.2578 9.9964E-05 0.00128057
9.99732E-05 9.99732E-05 9.99732E-05 0.515722 0.0358203 0.219994 0.228164
0.154666 9.99821E-05 0.0281044 9.99821E-05 0.38615 0.131412 0.299468
0.0592646 9.99732E-05 0.347189 0.263366 9.99732E-05 9.99732E-05 0.329881
9.99554E-05 9.99554E-05 0.195661 9.99554E-05 9.99554E-05 0.803839 9.99554E-05
9.99645E-05 9.99645E-05 9.99645E-05 0.225837 9.99645E-05 0.131737 0.642026
9.99731E-05 0.00631543 0.523209 9.99731E-05 9.99731E-05 0.222114 0.248062
9.99555E-05 9.99555E-05 9.99555E-05 0.104261 9.99555E-05 0.895239 9.99555E-05
9.99643E-05 9.99643E-05 0.179171 9.99643E-05 0.761307 0.0591223 9.99643E-05
9.99911E-05 0.0416303 0.0075984 0.0981725 0.352094 0.326194 0.174211
9.99822E-05 0.064369 0.462806 9.99822E-05 0.0232864 0.24508 0.204259
0.579854 9.99731E-05 9.99731E-05 9.99731E-05 0.110519 0.163138 0.146188
0.131894 9.99821E-05 9.99821E-05 0.321912 0.280099 0.0489621 0.216933
9.99733E-05 9.99733E-05 0.348401 0.0182524 0.180626 0.45242 9.99733E-05
0.0368217 9.99821E-05 9.99821E-05 0.175656 0.0491559 0.680714 0.057452
0.0553067 9.99643E-05 0.7423 9.99643E-05 9.99643E-05 0.201993 9.99643E-05
9.99734E-05 9.99734E-05 0.390138 0.039865 9.99734E-05 0.0991188 0.470578
0.114974 9.99733E-05 0.123592 9.99733E-05 9.99733E-05 0.461717 0.299418
0.00617808 9.99822E-05 0.106161 9.99822E-05 0.44105 0.371463 0.0749473
0.492793 0.0219883 0.484818 9.99643E-05 9.99643E-05 9.99643E-05 9.99643E-05
0.0533921 9.99733E-05 9.99733E-05 0.191477 0.623263 0.131569 9.99733E-05
9.99642E-05 9.99642E-05 0.059699 0.378829 9.99642E-05 9.99642E-05 0.561072
0.228511 9.99732E-05 0.530056 0.0915446 9.99732E-05 0.149588 9.99732E-05
0.426887 9.99732E-05 0.452119 0.000893902 9.99732E-05 9.99732E-05 0.1198
0.444382 9.99731E-05 0.0354022 0.114085 9.99731E-05 0.405831 9.99731E-05
9.99644E-05 0.0107151 9.99644E-05 9.99644E-05 0.226005 0.76288 9.99644E-05
9.995E-05 9.995E-05 9.995E-05 0.9994 9.995E-05 9.995E-05 9.995E-05
0.143328 9.99731E-05 9.99731E-05 9.99731E-05 0.0589389 0.535251 0.262183
9.99555E-05 9.99555E-05 9.99555E-05 9.99555E-05 0.354425 0.645075 9.99555E-05
9.99644E-05 9.99644E-05 0.497811 0.0543496 0.44744 9.99644E-05 9.99644E-05
9.99642E-05 9.99642E-05 9.99642E-05 9.99642E-05 0.266121 0.0580327 0.675446
9.99642E-05 9.99642E-05 9.99642E-05 0.216842 0.357599 0.42516 9.99642E-05
0.165991 0.0770491 9.99911E-05 0.268276 0.0763622 0.285485 0.126736
9.99822E-05 9.99822E-05 0.0388798 0.196773 0.233333 0.233645 0.297169
9.99645E-05 0.039526 9.99645E-05 0.314355 9.99645E-05 0.645719 9.99645E-05
9.99733E-05 9.99733E-05 0.504292 0.0764771 9.99733E-05 0.156703 0.262228
0.518016 9.99732E-05 0.230497 9.99732E-05 0.140401 0.110786 9.99732E-05
0.133313 9.99732E-05 9.99732E-05 9.99732E-05 0.458988 0.338624 0.0687754
0.1428 9.998E-05 0.095754 0.0852887 0.231109 9.998E-05 0.444849
0.0473193 9.99732E-05 0.251795 9.99732E-05 0.428408 0.272178 9.99732E-05
0.192776 9.99733E-05 0.171809 9.99733E-05 0.577256 0.0578593 9.99733E-05
9.997E-05 0.139377 9.997E-05 9.997E-05 0.192571 0.0919198 0.575833
0.0934645 9.99731E-05 0.349476 9.99731E-05 0.187514 0.369246 9.99731E-05
0.0109975 9.99733E-05 9.99733E-05 0.288744 0.168042 0.531916 9.99733E-05
0.0273732 0.00123353 0.127951 0.807155 9.99822E-05 0.0360874 9.99822E-05
0.0172639 9.99911E-05 0.145581 0.0420137 0.679226 0.0676503 0.0481649
0.329962 9.99643E-05 0.0521801 9.99643E-05 9.99643E-05 0.617458 9.99643E-05
0.0642206 9.99644E-05 9.99644E-05 9.99644E-05 0.919289 0.0160903 9.99644E-05
0.186903 0.0906925 0.00821963 9.99911E-05 0.353815 0.208633 0.151638
9.99643E-05 9.99643E-05 0.429924 9.99643E-05 0.427537 0.142139 9.99643E-05
0.123725 9.99642E-05 0.490472 0.385404 9.99642E-05 9.99642E-05 9.99642E-05
9.99642E-05 9.99642E-05 9.99642E-05 0.589848 0.0836045 9.99642E-05 0.326148
9.99732E-05 9.99732E-05 0.289392 9.99732E-05 0.556588 0.148784 0.00493539
9.99644E-05 9.99644E-05 0.750199 0.152112 0.0972896 9.99644E-05 9.99644E-05
0.0312983 9.99732E-05 0.237676 9.99732E-05 0.323611 0.407114 9.99732E-05
9.99553E-05 9.99553E-05 9.99553E-05 9.99553E-05 0.42245 9.99553E-05 0.577051
0.0160274 9.99732E-05 9.99732E-05 0.117341 9.99732E-05 0.137453 0.728879
9.99644E-05 9.99644E-05 9.99644E-05 9.99644E-05 0.394762 0.101996 0.502841
0.570273 9.99644E-05 0.197465 9.99644E-05 0.231862 9.99644E-05 9.99644E-05
0.0488041 9.99643E-05 9.99643E-05 0.0579201 0.892876 9.99643E-05 9.99643E-05
9.99822E-05 0.0157812 0.148051 0.377486 0.334157 9.99822E-05 0.124325
9.99731E-05 9.99731E-05 0.355968 0.0797197 9.99731E-05 0.19732 0.366693
9.996E-05 9.996E-05 0.00428738 0.432529 9.996E-05 9.996E-05 0.562784
9.99733E-05 9.99733E-05 0.0689121 0.185581 0.730269 0.0149381 9.99733E-05
9.99732E-05 0.0447931 0.152486 9.99732E-05 9.99732E-05 0.369074 0.433347
9.99642E-05 9.99642E-05 9.99642E-05 0.215331 0.232905 0.551364 9.99642E-05
9.99645E-05 9.99645E-05 9.99645E-05 9.99645E-05 0.132669 0.656457 0.210475
9.99644E-05 9.99644E-05 0.431855 9.99644E-05 9.99644E-05 0.32893 0.238815
9.99643E-05 9.99643E-05 0.25611 9.99643E-05 0.405573 0.337917 9.99643E-05
9.99644E-05 9.99644E-05 0.436509 0.104492 9.99644E-05 9.99644E-05 0.458599
9.99557E-05 9.99557E-05 9.99557E-05 9.99557E-05 0.221219 9.99557E-05 0.778281
9.99643E-05 9.99643E-05 0.9306 9.99643E-05 0.0206844 0.0483158 9.99643E-05
9.99555E-05 9.99555E-05 9.99555E-05 0.402624 9.99555E-05 9.99555E-05 0.596876
