9.99201E-05 9.99201E-05 9.99201E-05 9.99201E-05 9.99201E-05 9.99201E-05 9.99201E-05 9.99201E-05 9.99201E-05 0.999101
0.385023 9.99375E-05 9.99375E-05 0.472358 9.99375E-05 9.99375E-05 9.99375E-05 9.99375E-05 0.141919 9.99375E-05
0.185127 9.99553E-05 9.99553E-05 0.184112 0.271914 9.99553E-05 9.99553E-05 0.343349 9.99553E-05 0.0149986
0.0135583 0.172791 9.99555E-05 0.290374 9.99555E-05 0.419104 0.103673 9.99555E-05 9.99555E-05 9.99555E-05
9.99376E-05 9.99376E-05 9.99376E-05 0.591569 9.99376E-05 0.278745 9.99376E-05 9.99376E-05 0.128986 9.99376E-05
9.99375E-05 0.442972 9.99375E-05 9.99375E-05 9.99375E-05 0.414462 0.141866 9.99375E-05 9.99375E-05 9.99375E-05
9.99374E-05 0.271969 9.99374E-05 9.99374E-05 9.99374E-05 0.60481 9.99374E-05 0.122521 9.99374E-05 9.99374E-05
9.99465E-05 0.254535 0.0925477 0.29138 9.99465E-05 9.99465E-05 9.99465E-05 0.360938 9.99465E-05 9.99465E-05
9.99373E-05 0.249666 0.191164 9.99373E-05 0.558471 9.99373E-05 9.99373E-05 9.99373E-05 9.99373E-05 9.99373E-05
0.459283 0.340011 0.0496942 9.99552E-05 0.100932 0.0495795 9.99552E-05 9.99552E-05 9.99552E-05 9.99552E-05
0.337978 0.116463 9.99375E-05 9.99375E-05 0.544859 9.99375E-05 9.99375E-05 9.99375E-05 9.99375E-05 9.99375E-05
9.99284E-05 9.99284E-05 0.888931 9.99284E-05 0.110269 9.99284E-05 9.99284E-05 9.99284E-05 9.99284E-05 9.99284E-05
0.0678135 9.99642E-05 0.559792 0.105681 9.99642E-05 9.99642E-05 0.118951 0.0351249 0.112238 9.99642E-05
0.165782 9.99376E-05 0.809687 0.0238313 9.99376E-05 9.99376E-05 9.99376E-05 9.99376E-05 9.99376E-05 9.99376E-05
9.995E-05 9.995E-05 9.995E-05 0.147087 0.44955 9.995E-05 0.0804691 0.123237 0.199156 9.995E-05
9.99375E-05 9.99375E-05 9.99375E-05 9.99375E-05 0.143233 0.32149 9.99375E-05 9.99375E-05 0.534578 9.99375E-05
0.0714196 9.99377E-05 9.99377E-05 0.369737 9.99377E-05 0.558144 9.99377E-05 9.99377E-05 9.99377E-05 9.99377E-05
0.0400747 9.99465E-05 9.99465E-05 0.801984 0.15428 9.99465E-05 0.00306102 9.99465E-05 9.99465E-05 9.99465E-05
9.99466E-05 0.0118946 0.470436 9.99466E-05 0.512675 9.99466E-05 0.00439479 9.99466E-05 9.99466E-05 9.99466E-05
0.631876 9.99642E-05 9.99642E-05 0.0176368 0.0157638 0.0439396 9.99642E-05 0.274327 9.99642E-05 0.0160572
0.239136 0.528713 9.99554E-05 0.050799 0.147586 9.99554E-05 0.0332664 9.99554E-05 9.99554E-05 9.99554E-05
0.562869 0.307506 9.99377E-05 9.99377E-05 0.128925 9.99377E-05 9.99377E-05 9.99377E-05 9.99377E-05 9.99377E-05
9.99376E-05 0.38024 9.99376E-05 9.99376E-05 9.99376E-05 0.475376 0.143684 9.99376E-05 9.99376E-05 9.99376E-05
9.99375E-05 0.940208 9.99375E-05 0.0329199 9.99375E-05 9.99375E-05 0.0261724 9.99375E-05 9.99375E-05 9.99375E-05
0.185383 9.99377E-05 9.99377E-05 0.454162 0.359755 9.99377E-05 9.99377E-05 9.99377E-05 9.99377E-05 9.99377E-05
0.321701 9.99464E-05 9.99464E-05 0.52649 0.0281085 9.99464E-05 9.99464E-05 9.99464E-05 0.123101 9.99464E-05
9.99375E-05 9.99375E-05 0.232527 9.99375E-05 9.99375E-05 0.367279 9.99375E-05 0.399494 9.99375E-05 9.99375E-05
0.173911 9.99463E-05 9.99463E-05 9.99463E-05 0.383364 9.99463E-05 0.0839099 0.358215 9.99463E-05 9.99463E-05
0.0258409 9.99463E-05 0.173672 0.326587 9.99463E-05 9.99463E-05 9.99463E-05 0.473301 9.99463E-05 9.99463E-05
9.99555E-05 9.99555E-05 0.0590055 0.156604 0.26331 9.99555E-05 0.236971 0.28361 9.99555E-05 9.99555E-05
9.99284E-05 9.99284E-05 9.99284E-05 9.99284E-05 9.99284E-05 9.99284E-05 0.0780418 0.921159 9.99284E-05 9.99284E-05
0.033548 0.03506 9.99464E-05 9.99464E-05 9.99464E-05 0.0665031 9.99464E-05 0.864289 9.99464E-05 9.99464E-05
9.99201E-05 9.99201E-05 9.99201E-05 9.99201E-05 9.99201E-05 9.99201E-05 9.99201E-05 0.999101 9.99201E-05 9.99201E-05
9.99553E-05 0.116238 9.99553E-05 0.250435 0.377025 0.15473 9.99553E-05 0.101071 9.99553E-05 9.99553E-05
9.99463E-05 0.145232 9.99463E-05 0.238546 0.395759 0.219863 9.99463E-05 9.99463E-05 9.99463E-05 9.99463E-05
9.99555E-05 0.32591 0.0255306 9.99555E-05 9.99555E-05 9.99555E-05 0.411076 0.0955308 0.141453 9.99555E-05
9.99732E-05 0.329649 0.00251762 9.99732E-05 0.0419131 0.165007 9.99732E-05 0.126533 0.298813 0.0352668
9.99201E-05 9.99201E-05 9.99201E-05 9.99201E-05 9.99201E-05 9.99201E-05 9.99201E-05 0.999101 9.99201E-05 9.99201E-05
9.99544E-05 9.99544E-05 9.99544E-05 0.142053 0.673193 9.99544E-05 0.12946 9.99544E-05 0.0546942 9.99544E-05
9.99377E-05 9.99377E-05 9.99377E-05 9.99377E-05 9.99377E-05 9.99377E-05 0.482379 0.334608 0.182313 9.99377E-05
0.3804 9.99464E-05 9.99464E-05 0.0374848 0.0901699 9.99464E-05 9.99464E-05 0.491346 9.99464E-05 9.99464E-05
9.99554E-05 0.0234429 9.99554E-05 9.99554E-05 0.669794 0.164807 0.124192 9.99554E-05 0.0172653 9.99554E-05
9.99374E-05 9.99374E-05 9.99374E-05 9.99374E-05 0.601095 0.167036 0.23117 9.99374E-05 9.99374E-05 9.99374E-05
9.99372E-05 0.45699 9.99372E-05 9.99372E-05 9.99372E-05 0.240882 9.99372E-05 0.301428 9.99372E-05 9.99372E-05
0.534686 0.0196856 9.99466E-05 9.99466E-05 0.224376 9.99466E-05 9.99466E-05 0.220653 9.99466E-05 9.99466E-05
0.116472 9.99375E-05 9.99375E-05 0.835757 9.99375E-05 0.0470712 9.99375E-05 9.99375E-05 9.99375E-05 9.99375E-05
0.043747 0.270897 0.105281 0.287216 0.0742235 0.0988961 9.99821E-05 0.0474708 0.0720686 9.99821E-05
0.0967101 9.99553E-05 0.00976353 9.99553E-05 0.0253598 9.99553E-05 0.800731 9.99553E-05 0.0669359 9.99553E-05
9.99462E-05 9.99462E-05 9.99462E-05 0.233656 9.99462E-05 9.99462E-05 0.339709 0.204656 0.221379 9.99462E-05
9.99465E-05 0.157452 0.52211 9.99465E-05 9.99465E-05 0.0459957 9.99465E-05 9.99465E-05 0.273842 9.99465E-05
0.571143 0.315906 9.99374E-05 9.99374E-05 9.99374E-05 9.99374E-05 0.112251 9.99374E-05 9.99374E-05 9.99374E-05
0.750745 9.9938E-05 9.9938E-05 9.9938E-05 9.9938E-05 9.9938E-05 0.134079 0.114477 9.9938E-05 9.9938E-05
0.248738 0.254148 9.99642E-05 9.99642E-05 9.99642E-05 0.163556 0.165294 0.106398 9.99642E-05 0.061466
0.0355121 0.588766 9.99554E-05 9.99554E-05 0.051547 9.99554E-05 0.196236 0.127439 9.99554E-05 9.99554E-05
9.99466E-05 9.99466E-05 0.121487 0.284878 9.99466E-05 9.99466E-05 9.99466E-05 9.99466E-05 0.406626 0.186409
9.99379E-05 0.381453 9.99379E-05 9.99379E-05 0.390149 9.99379E-05 0.227698 9.99379E-05 9.99379E-05 9.99379E-05
9.99465E-05 0.0953786 9.99465E-05 0.355396 9.99465E-05 9.99465E-05 0.0943523 0.454273 9.99465E-05 9.99465E-05
9.99377E-05 0.286867 0.0554146 0.657019 9.99377E-05 9.99377E-05 9.99377E-05 9.99377E-05 9.99377E-05 9.99377E-05
0.693987 9.99375E-05 0.251222 9.99375E-05 9.99375E-05 9.99375E-05 9.99375E-05 9.99375E-05 0.0540914 9.99375E-05
9.99285E-05 9.99285E-05 0.0830202 0.91618 9.99285E-05 9.99285E-05 9.99285E-05 9.99285E-05 9.99285E-05 9.99285E-05
0.53437 9.99555E-05 9.99555E-05 0.0824542 0.0250323 9.99555E-05 9.99555E-05 0.318358 0.0392861 9.99555E-05
0.0237658 9.99374E-05 9.99374E-05 0.761007 9.99374E-05 9.99374E-05 9.99374E-05 0.214528 9.99374E-05 9.99374E-05
9.99465E-05 0.157429 0.0888808 0.327497 9.99465E-05 0.425594 9.99465E-05 9.99465E-05 9.99465E-05 9.99465E-05
9.99463E-05 9.99463E-05 9.99463E-05 9.99463E-05 0.0905928 0.470271 0.259096 0.179441 9.99463E-05 9.99463E-05
0.382636 9.99552E-05 9.99552E-05 0.216424 9.99552E-05 0.138763 0.226692 0.0349848 9.99552E-05 9.99552E-05
0.511407 9.99553E-05 0.0485731 0.0352134 9.99553E-05 9.99553E-05 0.290116 9.99553E-05 0.11419 9.99553E-05
9.99201E-05 9.99201E-05 0.999101 9.99201E-05 9.99201E-05 9.99201E-05 9.99201E-05 9.99201E-05 9.99201E-05 9.99201E-05
9.99374E-05 9.99374E-05 9.99374E-05 0.110522 9.99374E-05 9.99374E-05 0.588825 0.299953 9.99374E-05 9.99374E-05
0.145752 0.13804 9.99552E-05 0.091921 9.99552E-05 9.99552E-05 0.465356 9.99552E-05 0.158431 9.99552E-05
0.379412 9.99554E-05 0.0146837 9.99554E-05 0.470517 0.10666 0.028228 9.99554E-05 9.99554E-05 9.99554E-05
0.0251008 9.99378E-05 0.0341524 9.99378E-05 0.940047 9.99378E-05 9.99378E-05 9.99378E-05 9.99378E-05 9.99378E-05
0.623237 0.0802369 9.99555E-05 0.00861163 9.99555E-05 0.161758 9.99555E-05 0.125657 9.99555E-05 9.99555E-05
9.99644E-05 0.285295 0.497779 9.99644E-05 0.163643 9.99644E-05 0.00050617 0.00406198 9.99644E-05 0.0483154
0.149836 0.236073 9.99465E-05 9.99465E-05 9.99465E-05 9.99465E-05 0.540045 0.0734457 9.99465E-05 9.99465E-05
9.996E-05 9.996E-05 0.0555601 0.215476 0.259427 0.02132 0.0392814 0.408536 9.996E-05 9.996E-05
9.99374E-05 0.630088 9.99374E-05 9.99374E-05 0.212864 9.99374E-05 9.99374E-05 0.156349 9.99374E-05 9.99374E-05
9.99465E-05 9.99465E-05 0.0172056 0.142851 9.99465E-05 9.99465E-05 0.514986 0.324358 9.99465E-05 9.99465E-05
0.0844632 9.99643E-05 9.99643E-05 0.0549397 0.422819 0.162575 0.0953326 9.99643E-05 0.17947 9.99643E-05
9.99643E-05 0.503813 9.99643E-05 9.99643E-05 0.0764494 0.0184623 0.271599 9.99643E-05 0.107885 0.0213911
9.99643E-05 9.99643E-05 0.0337582 0.490579 0.15236 0.0957904 0.176008 0.0511052 9.99643E-05 9.99643E-05
0.0531194 9.99553E-05 9.99553E-05 9.99553E-05 0.0524501 0.278784 0.459015 0.156132 9.99553E-05 9.99553E-05
0.0120345 0.0509026 0.00203101 0.409356 0.0992784 9.99732E-05 9.99732E-05 0.311897 0.1142 9.99732E-05
9.99465E-05 9.99465E-05 9.99465E-05 9.99465E-05 0.0167182 0.793325 0.153877 0.0354804 9.99465E-05 9.99465E-05
0.163083 9.99554E-05 9.99554E-05 0.0191047 0.00801153 9.99554E-05 0.0338512 0.77545 9.99554E-05 9.99554E-05
9.99552E-05 0.0332194 9.99552E-05 0.0181711 9.99552E-05 9.99552E-05 0.120405 9.99552E-05 0.26322 0.564485
9.99465E-05 0.106218 9.99465E-05 0.58794 0.190569 9.99465E-05 9.99465E-05 0.114673 9.99465E-05 9.99465E-05
9.99464E-05 9.99464E-05 9.99464E-05 9.99464E-05 0.147976 0.566421 0.261177 0.0238257 9.99464E-05 9.99464E-05
9.99556E-05 0.325009 9.99556E-05 0.262693 0.0339033 9.99556E-05 0.366715 9.99556E-05 9.99556E-05 0.0111798
9.99465E-05 0.407045 0.077151 9.99465E-05 9.99465E-05 9.99465E-05 0.0919425 0.423262 9.99465E-05 9.99465E-05
0.0427365 9.99643E-05 9.99643E-05 9.99643E-05 0.381037 9.99643E-05 0.0749306 0.0578044 0.393133 0.049959
0.348617 9.99373E-05 9.99373E-05 9.99373E-05 0.210168 9.99373E-05 9.99373E-05 0.440515 9.99373E-05 9.99373E-05
9.99467E-05 0.137324 9.99467E-05 0.448758 0.198792 9.99467E-05 9.99467E-05 0.214527 9.99467E-05 9.99467E-05
9.99374E-05 9.99374E-05 9.99374E-05 9.99374E-05 0.00637749 0.532436 0.460487 9.99374E-05 9.99374E-05 9.99374E-05
0.27338 0.00837255 9.99554E-05 9.99554E-05 0.0129211 0.443735 9.99554E-05 9.99554E-05 0.261092 9.99554E-05
0.282582 9.99465E-05 0.0263132 9.99465E-05 9.99465E-05 9.99465E-05 0.665798 9.99465E-05 9.99465E-05 0.0247071
9.99465E-05 9.99465E-05 0.207886 9.99465E-05 0.493526 0.0839204 9.99465E-05 0.214068 9.99465E-05 9.99465E-05
9.994E-05 9.994E-05 9.994E-05 0.304214 0.443385 9.994E-05 0.0107612 0.241041 9.994E-05 9.994E-05
9.99374E-05 0.111771 9.99374E-05 9.99374E-05 0.155173 9.99374E-05 0.732357 9.99374E-05 9.99374E-05 9.99374E-05
9.994E-05 0.270367 9.994E-05 9.994E-05 0.551604 0.0017069 9.994E-05 0.175722 9.994E-05 9.994E-05
0.206152 0.361301 0.192842 9.99642E-05 9.99642E-05 0.098452 0.0206786 0.120175 9.99642E-05 9.99642E-05
9.99466E-05 9.99466E-05 9.99466E-05 0.136855 9.99466E-05 9.99466E-05 0.481059 0.0377549 0.343732 9.99466E-05
0.206337 9.99466E-05 9.99466E-05 9.99466E-05 0.647286 9.99466E-05 0.116508 9.99466E-05 0.0292692 9.99466E-05
9.99554E-05 9.99554E-05 0.186642 9.99554E-05 0.230728 0.297908 9.99554E-05 0.234065 0.0501577 9.99554E-05
0.071887 9.99732E-05 0.143629 9.99732E-05 0.299797 0.124386 0.285199 0.0716162 9.99732E-05 0.00318529
9.99464E-05 0.484473 0.206712 9.99464E-05 9.99464E-05 0.164963 9.99464E-05 9.99464E-05 0.143251 9.99464E-05
9.99553E-05 0.306596 9.99553E-05 0.115318 9.99553E-05 9.99553E-05 0.265762 0.167212 0.144613 9.99553E-05
0.533036 9.99286E-05 0.466165 9.99286E-05 9.99286E-05 9.99286E-05 9.99286E-05 9.99286E-05 9.99286E-05 9.99286E-05
0.181377 9.99463E-05 0.350306 9.99463E-05 9.99463E-05 9.99463E-05 0.370699 9.99463E-05 0.0970187 9.99463E-05
9.99462E-05 9.99462E-05 0.676521 0.151235 9.99462E-05 0.120264 9.99462E-05 0.0513804 9.99462E-05 9.99462E-05
9.99375E-05 9.99375E-05 9.99375E-05 9.99375E-05 0.202294 0.413288 9.99375E-05 0.383719 9.99375E-05 9.99375E-05
9.99464E-05 0.520088 9.99464E-05 0.378693 9.99464E-05 9.99464E-05 9.99464E-05 0.095124 0.00549514 9.99464E-05
9.99373E-05 9.99373E-05 9.99373E-05 9.99373E-05 0.585755 0.337562 9.99373E-05 0.075983 9.99373E-05 9.99373E-05
9.99465E-05 0.185512 9.99465E-05 9.99465E-05 0.491121 0.211351 9.99465E-05 0.111416 9.99465E-05 9.99465E-05
0.27261 0.0166174 9.99465E-05 0.284747 9.99465E-05 0.425427 9.99465E-05 9.99465E-05 9.99465E-05 9.99465E-05
0.0520934 9.99642E-05 9.99642E-05 0.131165 0.435998 9.99642E-05 0.304561 0.0096168 0.0661653 9.99642E-05
0.0191651 0.296925 0.1714 0.0559541 0.0802336 0.375923 9.996E-05 9.996E-05 9.996E-05 9.996E-05
9.99644E-05 0.59144 0.0195876 0.220231 0.130493 9.99644E-05 9.99644E-05 0.0287468 9.99644E-05 0.00910153
0.258201 0.144054 0.0700717 0.114001 0.202672 9.99643E-05 0.2106 9.99643E-05 9.99643E-05 9.99643E-05
9.99378E-05 0.827047 9.99378E-05 9.99378E-05 9.99378E-05 9.99378E-05 9.99378E-05 0.070486 9.99378E-05 0.101767
9.99377E-05 0.0460178 9.99377E-05 0.0392232 9.99377E-05 9.99377E-05 0.914059 9.99377E-05 9.99377E-05 9.99377E-05
9.99465E-05 9.99465E-05 0.416814 9.99465E-05 0.156091 9.99465E-05 0.408693 0.0178028 9.99465E-05 9.99465E-05
9.99464E-05 9.99464E-05 0.243148 9.99464E-05 0.460725 0.294844 9.99464E-05 9.99464E-05 0.000682319 9.99464E-05
9.99377E-05 9.99377E-05 0.113635 9.99377E-05 0.262992 9.99377E-05 0.622673 9.99377E-05 9.99377E-05 9.99377E-05
9.99374E-05 9.99374E-05 9.99374E-05 9.99374E-05 0.153628 0.289489 0.556184 9.99374E-05 9.99374E-05 9.99374E-05
0.021066 0.16204 0.337239 9.99821E-05 0.0977773 0.271302 0.0264531 0.0369876 9.99821E-05 0.0469357
9.99556E-05 0.122726 9.99556E-05 9.99556E-05 0.0200761 9.99556E-05 0.547515 9.99556E-05 0.298928 0.010255
0.00333419 0.115443 0.0999693 9.99553E-05 9.99553E-05 0.743362 0.037391 9.99553E-05 9.99553E-05 9.99553E-05
0.317815 0.0170277 0.10596 0.242615 0.25199 0.0641928 9.99643E-05 9.99643E-05 9.99643E-05 9.99643E-05
0.182143 0.774714 9.99464E-05 9.99464E-05 9.99464E-05 9.99464E-05 9.99464E-05 0.0132964 0.029247 9.99464E-05
9.99465E-05 0.230351 0.230601 9.99465E-05 0.264007 9.99465E-05 9.99465E-05 9.99465E-05 0.274442 9.99465E-05
9.99285E-05 9.99285E-05 0.427306 9.99285E-05 9.99285E-05 9.99285E-05 9.99285E-05 0.571895 9.99285E-05 9.99285E-05
9.99553E-05 0.161934 0.0131858 9.99553E-05 0.514067 0.180971 9.99553E-05 9.99553E-05 0.129342 9.99553E-05
9.99554E-05 9.99554E-05 0.415519 9.99554E-05 0.00380229 0.395683 0.128761 0.055736 9.99554E-05 9.99554E-05
9.99463E-05 9.99463E-05 0.0927514 0.225858 9.99463E-05 0.181482 0.49931 9.99463E-05 9.99463E-05 9.99463E-05
0.185632 9.99463E-05 0.00714967 0.774825 9.99463E-05 9.99463E-05 0.0317939 9.99463E-05 9.99463E-05 9.99463E-05
0.242266 0.259948 9.99643E-05 0.125494 0.141704 9.99643E-05 0.12056 9.99643E-05 0.109628 9.99643E-05
9.99553E-05 9.99553E-05 9.99553E-05 9.99553E-05 0.100897 0.49858 0.182249 0.0205026 0.197272 9.99553E-05
0.90197 0.0507757 9.99376E-05 9.99376E-05 0.0465547 9.99376E-05 9.99376E-05 9.99376E-05 9.99376E-05 9.99376E-05
0.0847517 0.20065 0.143926 9.99642E-05 0.2822 0.267001 0.0210709 9.99642E-05 9.99642E-05 9.99642E-05
0.147979 9.99642E-05 9.99642E-05 9.99642E-05 0.271909 0.0466058 0.112003 0.132881 0.288221 9.99642E-05
9.99463E-05 9.99463E-05 9.99463E-05 0.0221152 0.414806 9.99463E-05 9.99463E-05 0.380979 0.1815 9.99463E-05
0.159697 9.9929E-05 9.9929E-05 9.9929E-05 9.9929E-05 0.839503 9.9929E-05 9.9929E-05 9.9929E-05 9.9929E-05
9.99288E-05 9.99288E-05 0.546584 9.99288E-05 9.99288E-05 0.452616 9.99288E-05 9.99288E-05 9.99288E-05 9.99288E-05
9.99464E-05 0.213405 0.131544 0.0483542 9.99464E-05 0.606097 9.99464E-05 9.99464E-05 9.99464E-05 9.99464E-05
0.250591 0.00146424 0.119701 0.311506 0.135375 0.0229445 9.99732E-05 9.99732E-05 0.158118 9.99732E-05
0.490532 9.994E-05 9.994E-05 9.994E-05 0.162928 9.994E-05 9.994E-05 0.244069 0.101871 9.994E-05
0.882528 9.99285E-05 9.99285E-05 0.116672 9.99285E-05 9.99285E-05 9.99285E-05 9.99285E-05 9.99285E-05 9.99285E-05
9.99643E-05 0.0834965 0.00258105 0.302479 0.154973 0.316404 9.99643E-05 9.99643E-05 0.139667 9.99643E-05
0.456102 9.99554E-05 9.99554E-05 9.99554E-05 0.169332 0.174211 9.99554E-05 0.170345 9.99554E-05 0.0295112
9.99553E-05 0.177579 9.99553E-05 0.118492 0.0339119 0.46012 9.99553E-05 0.209397 9.99553E-05 9.99553E-05
9.9929E-05 9.9929E-05 9.9929E-05 0.10916 9.9929E-05 0.890041 9.9929E-05 9.9929E-05 9.9929E-05 9.9929E-05
0.19895 9.99378E-05 9.99378E-05 9.99378E-05 0.0146972 9.99378E-05 9.99378E-05 0.785653 9.99378E-05 9.99378E-05
9.99463E-05 9.99463E-05 0.177134 0.176517 9.99463E-05 0.596199 9.99463E-05 0.0495507 9.99463E-05 9.99463E-05
9.99286E-05 9.99286E-05 9.99286E-05 9.99286E-05 9.99286E-05 9.99286E-05 9.99286E-05 0.18779 0.811411 9.99286E-05
9.99285E-05 9.99285E-05 9.99285E-05 9.99285E-05 9.99285E-05 9.99285E-05 0.0218096 9.99285E-05 0.977391 9.99285E-05
0.606268 9.99552E-05 0.0817375 9.99552E-05 9.99552E-05 0.0480917 9.99552E-05 0.223589 0.0398143 9.99552E-05
9.99375E-05 9.99375E-05 9.99375E-05 0.0741058 9.99375E-05 9.99375E-05 9.99375E-05 0.270193 0.655002 9.99375E-05
