9.997E-05 0.9996 9.997E-05 9.997E-05 9.997E-05
0.0238764 9.99821E-05 9.99821E-05 0.442879 0.533045
0.0418953 9.99911E-05 0.0611427 0.735899 0.160963
9.99822E-05 0.0480464 9.99822E-05 0.629335 0.322419
9.997E-05 9.997E-05 9.997E-05 9.997E-05 0.9996
0.30152 0.0354433 0.223558 0.0907664 0.348712
0.15003 9.99911E-05 0.554218 0.258044 0.0376078
0.755027 9.99822E-05 9.99822E-05 0.13362 0.111153
9.99821E-05 9.99821E-05 0.497036 0.209541 0.293223
0.200831 9.99822E-05 9.99822E-05 0.415335 0.383634
9.99733E-05 9.99733E-05 9.99733E-05 0.981344 0.018356
0.355424 9.99822E-05 0.406021 9.99822E-05 0.238355
0.788119 0.00811973 9.99911E-05 0.150545 0.0531164
0.435403 9.99822E-05 0.223953 9.99822E-05 0.340444
9.99734E-05 9.99734E-05 0.232995 0.766706 9.99734E-05
9.99823E-05 9.99823E-05 0.656703 0.281571 0.0615254
0.00880839 9.99822E-05 9.99822E-05 0.253305 0.737687
0.0762154 9.99911E-05 0.0621526 0.406706 0.454826
0.185999 9.99823E-05 0.449252 9.99823E-05 0.364549
0.572389 9.99732E-05 9.99732E-05 0.427311 9.99732E-05
0.364113 9.99911E-05 0.240306 0.301875 0.0936067
0.502683 9.99822E-05 0.158287 0.33883 9.99822E-05
9.99733E-05 9.99733E-05 0.991603 9.99733E-05 0.00809678
9.99822E-05 9.99822E-05 0.0113447 0.0880389 0.900416
9.99733E-05 9.99733E-05 9.99733E-05 0.469177 0.530523
0.105682 9.99911E-05 0.151376 0.338399 0.404443
0.647855 9.99732E-05 0.351846 9.99732E-05 9.99732E-05
9.99732E-05 9.99732E-05 0.508991 0.490709 9.99732E-05
0.915682 9.99732E-05 9.99732E-05 9.99732E-05 0.0840179
0.00677417 9.99823E-05 0.93897 0.0540562 9.99823E-05
0.712859 9.99821E-05 0.18936 0.097581 9.99821E-05
0.408582 9.99821E-05 0.372024 0.219194 9.99821E-05
0.257107 9.99732E-05 0.742593 9.99732E-05 9.99732E-05
0.533714 9.99821E-05 0.264253 9.99821E-05 0.201833
9.99732E-05 9.99732E-05 0.279654 9.99732E-05 0.720046
0.795063 9.99734E-05 9.99734E-05 0.204637 9.99734E-05
0.280134 0.269074 0.119229 9.9991E-05 0.331463
0.427295 9.99731E-05 9.99731E-05 0.572405 9.99731E-05
9.99821E-05 9.99821E-05 0.513662 0.187479 0.298658
0.0590609 9.99822E-05 0.368065 0.572674 9.99822E-05
9.99731E-05 9.99731E-05 0.0394911 0.960209 9.99731E-05
9.99822E-05 0.0213725 0.88141 0.0970177 9.99822E-05
9.99732E-05 0.00817546 0.991525 9.99732E-05 9.99732E-05
0.0029671 9.99911E-05 0.360294 0.579316 0.0573238
0.631474 9.99822E-05 0.014568 0.353758 9.99822E-05
0.179009 9.99822E-05 9.99822E-05 0.290115 0.530676
9.99821E-05 9.99821E-05 0.38753 0.0990802 0.51319
0.379871 9.99822E-05 0.57497 0.0449593 9.99822E-05
0.0558431 0.000955047 9.99821E-05 0.943002 9.99821E-05
0.0957652 9.99823E-05 0.0719747 9.99823E-05 0.83206
0.0301775 9.99822E-05 9.99822E-05 0.559183 0.41044
0.489118 9.99734E-05 9.99734E-05 0.510582 9.99734E-05
0.315676 0.0546414 0.561306 9.99911E-05 0.068276
0.348355 9.99822E-05 0.481658 0.169786 9.99822E-05
0.510554 0.489146 9.99732E-05 9.99732E-05 9.99732E-05
9.99911E-05 0.0166991 0.58155 0.162264 0.239387
0.114716 9.99821E-05 9.99821E-05 0.456002 0.429082
0.412227 9.99822E-05 9.99822E-05 0.173853 0.41372
0.519246 9.99733E-05 9.99733E-05 0.480455 9.99733E-05
9.99732E-05 9.99732E-05 0.17027 9.99732E-05 0.82943
0.505334 9.99822E-05 9.99822E-05 0.411367 0.083099
0.228834 0.019396 0.19317 0.0979309 0.460669
9.99822E-05 9.99822E-05 0.135437 0.0692782 0.795085
0.0217034 9.99821E-05 0.499219 0.478878 9.99821E-05
9.99821E-05 9.99821E-05 0.13023 0.724103 0.145467
0.199693 9.99822E-05 9.99822E-05 0.616736 0.183371
0.549759 9.99735E-05 0.449942 9.99735E-05 9.99735E-05
0.322298 9.99821E-05 0.238356 0.439146 9.99821E-05
0.236214 0.00505335 9.99911E-05 0.646649 0.111984
9.99822E-05 9.99822E-05 0.387881 0.599092 0.0128272
0.0112435 0.000786182 0.834457 0.153414 9.99912E-05
0.59177 9.99822E-05 0.0691095 9.99822E-05 0.338921
9.99911E-05 0.115769 0.350012 0.0198609 0.514258
0.289194 9.99822E-05 0.488576 0.22203 9.99822E-05
9.99733E-05 9.99733E-05 0.857591 9.99733E-05 0.142109
0.315876 0.117875 0.353139 9.9991E-05 0.21301
0.56458 9.99911E-05 0.18463 0.104188 0.146502
0.073829 9.99911E-05 0.0187673 0.599833 0.307471
0.0170645 0.152165 0.753509 9.99911E-05 0.0771612
0.0798362 0.000398597 0.341432 0.173965 0.404368
0.17778 9.99821E-05 0.772575 0.0494453 9.99821E-05
0.0911095 9.99911E-05 0.170912 0.514295 0.223583
9.99732E-05 9.99732E-05 0.993084 0.00661596 9.99732E-05
0.368424 9.99821E-05 0.171292 0.460084 9.99821E-05
0.118397 0.793961 9.9982E-05 0.0874427 9.9982E-05
0.22721 9.99822E-05 9.99822E-05 0.394111 0.378478
0.163846 9.99733E-05 0.835855 9.99733E-05 9.99733E-05
0.276403 9.99822E-05 9.99822E-05 0.583595 0.139802
0.786622 9.99733E-05 0.213079 9.99733E-05 9.99733E-05
0.142721 0.0954774 9.99822E-05 0.761602 9.99822E-05
0.170514 9.99821E-05 0.250919 0.578367 9.99821E-05
9.99822E-05 0.0290757 0.540792 9.99822E-05 0.429932
9.99821E-05 9.99821E-05 0.611217 0.10275 0.285832
9.99822E-05 9.99822E-05 0.256142 0.154814 0.588844
9.99822E-05 0.073895 0.17534 0.750565 9.99822E-05
9.99822E-05 9.99822E-05 0.982149 0.00312954 0.0145211
9.99821E-05 9.99821E-05 0.400345 0.425292 0.174163
9.99822E-05 9.99822E-05 0.861046 0.107859 0.0308953
0.393526 9.99732E-05 0.606174 9.99732E-05 9.99732E-05
0.376482 0.00589331 0.617425 9.99821E-05 9.99821E-05
0.27589 0.175192 0.190226 0.358593 9.99911E-05
0.13969 9.99822E-05 0.233977 0.626133 9.99822E-05
0.231257 9.99911E-05 0.489562 0.200497 0.0785842
0.249399 9.99911E-05 0.642415 0.00229498 0.10579
9.99733E-05 9.99733E-05 0.553174 9.99733E-05 0.446526
0.517091 9.99822E-05 9.99822E-05 0.23333 0.249379
0.9996 9.997E-05 9.997E-05 9.997E-05 9.997E-05
0.480095 9.99822E-05 0.248501 0.271205 9.99822E-05
0.61469 9.99821E-05 0.201564 9.99821E-05 0.183546
0.219721 9.99822E-05 0.776657 9.99822E-05 0.00342242
0.558732 9.99733E-05 9.99733E-05 9.99733E-05 0.440968
9.99822E-05 9.99822E-05 0.957619 0.00052715 0.0416539
9.99822E-05 9.99822E-05 0.400113 0.527531 0.0721562
0.129881 9.99822E-05 9.99822E-05 0.548018 0.321902
9.997E-05 9.997E-05 9.997E-05 0.9996 9.997E-05
0.203773 9.99821E-05 0.214762 9.99821E-05 0.581266
0.11156 0.1876 0.389018 9.99911E-05 0.311722
0.189285 9.99911E-05 0.335175 0.206396 0.269044
0.0403032 0.300635 0.25743 9.99911E-05 0.401532
0.0574657 9.99911E-05 0.408719 0.328407 0.205308
0.0465572 9.99822E-05 0.829254 9.99822E-05 0.123988
9.99732E-05 9.99732E-05 0.944936 9.99732E-05 0.0547641
9.99822E-05 9.99822E-05 0.189315 0.36695 0.443534
9.997E-05 9.997E-05 0.9996 9.997E-05 9.997E-05
9.99822E-05 9.99822E-05 0.767305 0.0898906 0.142605
9.99822E-05 0.330221 0.346116 0.323464 9.99822E-05
0.0652263 9.99821E-05 0.465246 9.99821E-05 0.469327
0.0375139 9.99911E-05 0.170427 0.33799 0.453969
0.412096 0.0396849 9.99911E-05 0.101111 0.447008
9.99734E-05 9.99734E-05 0.745456 9.99734E-05 0.254244
0.568512 9.99732E-05 0.431188 9.99732E-05 9.99732E-05
9.99822E-05 9.99822E-05 0.65956 0.14653 0.19371
9.99733E-05 9.99733E-05 0.858183 9.99733E-05 0.141517
0.257633 9.99821E-05 0.422654 9.99821E-05 0.319513
0.151097 9.99911E-05 0.0490868 0.277901 0.521815
9.99911E-05 0.0155987 0.00268233 0.264474 0.717145
9.99822E-05 9.99822E-05 0.748616 0.171307 0.0798773
0.0328564 9.99822E-05 9.99822E-05 0.703023 0.263921
0.293932 9.99732E-05 0.705768 9.99732E-05 9.99732E-05
9.99732E-05 9.99732E-05 0.300054 0.699646 9.99732E-05
0.436387 9.99821E-05 0.27492 0.288492 9.99821E-05
9.99733E-05 9.99733E-05 0.749413 9.99733E-05 0.250287
9.99733E-05 9.99733E-05 0.368574 9.99733E-05 0.631126
9.99821E-05 9.99821E-05 0.218208 0.0155031 0.766089
0.0127078 0.00788489 9.99911E-05 0.470809 0.508498
0.271141 9.99732E-05 9.99732E-05 0.728559 9.99732E-05
0.11229 9.99821E-05 9.99821E-05 0.415796 0.471713
0.174689 9.99911E-05 0.23584 0.0157416 0.57363
0.0699601 0.0146477 0.54989 0.365402 9.99911E-05
9.99821E-05 9.99821E-05 0.395622 0.339074 0.265104
9.99822E-05 0.0566099 0.441243 9.99822E-05 0.501947
0.442781 9.99733E-05 9.99733E-05 0.55692 9.99733E-05
0.105275 9.99911E-05 0.545142 0.190251 0.159232
0.458209 9.99733E-05 9.99733E-05 0.541491 9.99733E-05
9.99912E-05 0.0500203 0.0757695 0.758747 0.115363
0.6545 9.99821E-05 9.99821E-05 0.262474 0.0828264
0.361312 9.99822E-05 9.99822E-05 0.547916 0.0905718
