9.998E-05 9.998E-05 9.998E-05 0.9997
9.998E-05 0.9997 9.998E-05 9.998E-05
0.209217 0.725723 9.99911E-05 0.0649595
0.11477 0.88503 9.99822E-05 9.99822E-05
9.99822E-05 0.846441 0.15336 9.99822E-05
0.644615 0.0532899 0.301995 9.99911E-05
0.846979 9.99822E-05 0.152821 9.99822E-05
9.99822E-05 0.573852 0.425948 9.99822E-05
0.529859 9.99821E-05 0.469941 9.99821E-05
0.391667 0.19365 0.414583 9.99911E-05
0.229801 0.711712 9.99911E-05 0.0583866
0.207001 0.0480049 0.744894 9.99911E-05
9.99822E-05 0.60927 0.39053 9.99822E-05
0.260924 9.99822E-05 0.738876 9.99822E-05
0.621853 0.377947 9.99823E-05 9.99823E-05
0.9997 9.998E-05 9.998E-05 9.998E-05
0.438595 0.47672 0.0845848 9.99911E-05
9.998E-05 0.9997 9.998E-05 9.998E-05
0.32115 9.99911E-05 0.575016 0.103734
0.169803 0.770421 9.9991E-05 0.059676
9.99822E-05 0.660655 0.339145 9.99822E-05
9.99822E-05 0.806535 0.193265 9.99822E-05
0.613102 9.99822E-05 0.386698 9.99822E-05
9.99822E-05 0.266545 0.733255 9.99822E-05
9.998E-05 0.9997 9.998E-05 9.998E-05
9.99822E-05 0.827443 0.172357 9.99822E-05
0.7686 0.0363432 0.177225 0.0178313
0.760055 0.239745 9.99821E-05 9.99821E-05
0.12975 0.517564 0.352586 9.99911E-05
0.784367 9.99823E-05 0.215433 9.99823E-05
0.471451 0.528349 9.99821E-05 9.99821E-05
0.447968 0.524164 0.0277682 9.99911E-05
0.938469 9.99822E-05 0.0613312 9.99822E-05
0.682781 9.99822E-05 0.317019 9.99822E-05
0.489066 0.0385571 0.472277 9.99911E-05
9.99823E-05 0.67171 0.32809 9.99823E-05
0.484897 0.013829 0.464988 0.0362865
0.272151 0.727649 9.99821E-05 9.99821E-05
0.617096 0.0686509 0.261614 0.0526388
0.378143 0.558421 9.99911E-05 0.0633368
0.344908 0.654892 9.99821E-05 9.99821E-05
0.888205 9.99911E-05 0.0819161 0.0297792
0.9997 9.998E-05 9.998E-05 9.998E-05
0.590769 0.072502 0.336629 9.99911E-05
0.265208 0.734592 9.99822E-05 9.99822E-05
9.99822E-05 0.94222 0.0575801 9.99822E-05
0.442065 0.361805 0.19603 9.99911E-05
0.612412 0.348344 0.0391443 9.99911E-05
9.998E-05 0.9997 9.998E-05 9.998E-05
9.99823E-05 0.0536409 0.946159 9.99823E-05
9.99822E-05 0.986981 0.0128193 9.99822E-05
0.137285 0.862515 9.99823E-05 9.99823E-05
0.530184 0.205893 0.263823 9.99911E-05
0.316558 0.158719 0.524623 9.99911E-05
9.99911E-05 0.54475 0.157881 0.29727
0.171064 0.147174 0.534879 0.146884
0.0283362 0.957671 0.0138933 9.99911E-05
9.99822E-05 0.673169 0.326631 9.99822E-05
9.99823E-05 0.837261 0.162539 9.99823E-05
9.99822E-05 0.480494 0.519306 9.99822E-05
0.0600652 0.878014 9.99911E-05 0.0618212
0.318148 0.315364 0.366388 9.99911E-05
0.049413 0.339914 0.610573 9.99911E-05
0.947358 0.0524416 9.99821E-05 9.99821E-05
0.204168 0.771293 9.9991E-05 0.0244388
9.998E-05 0.9997 9.998E-05 9.998E-05
9.998E-05 9.998E-05 0.9997 9.998E-05
0.253242 0.746558 9.99822E-05 9.99822E-05
9.99822E-05 0.879106 0.120694 9.99822E-05
0.699185 0.11091 0.189804 9.99911E-05
0.802778 9.99911E-05 0.0445146 0.152608
0.101302 0.60197 0.296629 9.99911E-05
9.99822E-05 9.99822E-05 0.918525 0.0812748
0.087324 0.635468 0.263299 0.0139097
0.752599 0.0313824 0.215918 9.99911E-05
0.254273 0.0383743 0.705609 0.00174378
0.111521 0.888279 9.99822E-05 9.99822E-05
0.442019 0.557781 9.99822E-05 9.99822E-05
0.341977 9.9991E-05 0.462139 0.195784
0.0483337 0.884971 0.0665955 9.99911E-05
0.962375 0.0374249 9.99822E-05 9.99822E-05
9.99911E-05 0.853449 0.142207 0.00424399
0.9997 9.998E-05 9.998E-05 9.998E-05
0.381321 0.574482 0.0440972 9.99911E-05
9.9982E-05 0.0964592 9.9982E-05 0.903341
0.168299 0.721445 0.110157 9.99911E-05
0.916723 9.99822E-05 0.0830768 9.99822E-05
9.99911E-05 0.655508 0.286183 0.0582083
0.366529 9.99822E-05 0.633271 9.99822E-05
9.99911E-05 0.762924 0.00181451 0.235162
0.454828 0.537166 9.99911E-05 0.00790604
0.502768 9.99823E-05 0.497032 9.99823E-05
0.967029 0.0327712 9.99822E-05 9.99822E-05
0.543686 0.436977 0.0100212 0.00931624
0.462883 0.391073 9.99911E-05 0.145944
0.758844 9.99822E-05 0.240956 9.99822E-05
0.319771 0.68003 9.99822E-05 9.99822E-05
0.801432 0.00349752 0.194971 9.99911E-05
0.574357 9.99821E-05 0.425443 9.99821E-05
0.338118 9.99821E-05 0.661682 9.99821E-05
0.070519 0.805869 9.99911E-05 0.123512
0.576811 0.251299 9.99911E-05 0.17179
0.638609 0.312833 0.0484579 9.99911E-05
0.488082 0.327555 0.184263 9.99911E-05
0.172179 9.99822E-05 0.827621 9.99822E-05
9.99821E-05 0.932114 0.0676863 9.99821E-05
9.99822E-05 0.56384 0.43596 9.99822E-05
9.99821E-05 0.78274 0.21706 9.99821E-05
0.0560379 0.397316 0.546546 9.9991E-05
0.9997 9.998E-05 9.998E-05 9.998E-05
9.99822E-05 0.619385 0.380415 9.99822E-05
0.9997 9.998E-05 9.998E-05 9.998E-05
0.793234 0.103195 0.103471 9.99911E-05
0.0347445 0.965056 9.99822E-05 9.99822E-05
0.423877 0.575923 9.99821E-05 9.99821E-05
0.451803 0.00828806 0.539809 9.99911E-05
0.116564 0.206912 0.676424 9.99911E-05
0.364851 0.517384 0.117665 9.99911E-05
9.99822E-05 9.99822E-05 0.755416 0.244384
0.401767 0.554134 0.0164394 0.0276601
0.450115 0.106663 0.443122 9.99911E-05
0.743591 9.99822E-05 0.256209 9.99822E-05
0.328162 0.247666 0.320071 0.104101
0.790348 0.194945 9.99911E-05 0.0146064
0.499491 9.99911E-05 0.43954 0.0608696
0.522923 0.161539 0.0563202 0.259218
0.632897 9.99821E-05 0.366903 9.99821E-05
0.353731 0.363332 0.282837 9.99911E-05
9.99822E-05 0.494928 0.504872 9.99822E-05
0.411506 0.0840362 0.504358 9.99911E-05
0.39223 9.99821E-05 0.60757 9.99821E-05
0.878188 9.99822E-05 0.121612 9.99822E-05
0.702223 0.063659 0.234018 9.99911E-05
0.393178 0.389496 0.217227 9.99911E-05
9.99822E-05 0.719816 0.279984 9.99822E-05
9.99822E-05 0.871138 0.128662 9.99822E-05
0.938 0.0618001 9.99822E-05 9.99822E-05
0.112375 0.887425 9.99822E-05 9.99822E-05
0.87572 9.99821E-05 0.12408 9.99821E-05
0.323604 0.676196 9.99822E-05 9.99822E-05
0.299195 0.700605 9.99822E-05 9.99822E-05
0.9997 9.998E-05 9.998E-05 9.998E-05
0.364739 9.99823E-05 0.635061 9.99823E-05
0.485923 0.0662809 0.447696 9.99911E-05
0.0504354 0.666029 0.231272 0.0522634
0.181684 0.818116 9.99821E-05 9.99821E-05
9.998E-05 0.9997 9.998E-05 9.998E-05
0.407061 0.271382 0.321457 9.99911E-05
0.699623 0.236097 9.99911E-05 0.0641804
0.703502 0.134497 0.161902 9.99911E-05
0.9997 9.998E-05 9.998E-05 9.998E-05
0.434749 0.565051 9.99822E-05 9.99822E-05
0.724284 0.225007 0.0506086 9.99911E-05
9.998E-05 0.9997 9.998E-05 9.998E-05
0.0027269 0.954467 9.99911E-05 0.0427065
0.120009 0.776808 0.103083 9.9991E-05
9.998E-05 0.9997 9.998E-05 9.998E-05
