0.9997 9.998E-05 9.998E-05 9.998E-05
9.998E-05 9.998E-05 9.998E-05 0.9997
0.0461551 0.0829162 0.099267 0.771662
0.0290987 9.99911E-05 0.591254 0.379547
9.99823E-05 9.99823E-05 0.139332 0.860468
9.99822E-05 0.242536 0.757264 9.99822E-05
9.99821E-05 0.249982 0.749818 9.99821E-05
9.99822E-05 9.99822E-05 0.176846 0.822954
9.999E-05 0.521503 0.429906 0.0484908
9.99822E-05 9.99822E-05 0.385414 0.614386
0.0616907 9.99911E-05 0.29449 0.643719
0.0610823 0.65023 0.0690776 0.21961
9.99822E-05 9.99822E-05 0.123145 0.876655
9.99823E-05 0.468319 0.531481 9.99823E-05
0.00124569 0.737938 9.99911E-05 0.260717
9.99822E-05 0.758502 0.241299 9.99822E-05
9.99911E-05 0.152436 0.208177 0.639287
9.99822E-05 0.219181 9.99822E-05 0.780619
9.99823E-05 0.610233 0.389567 9.99823E-05
9.99821E-05 9.99821E-05 0.394527 0.605273
9.99822E-05 9.99822E-05 0.385947 0.613853
9.99822E-05 0.343152 9.99822E-05 0.656648
9.99822E-05 0.489231 0.510569 9.99822E-05
9.99823E-05 9.99823E-05 0.305068 0.694732
9.998E-05 9.998E-05 9.998E-05 0.9997
9.99822E-05 9.99822E-05 0.0559645 0.943836
9.998E-05 9.998E-05 0.9997 9.998E-05
0.0711935 0.157072 0.599884 0.171851
9.99821E-05 0.400494 9.99821E-05 0.599306
0.0042774 9.99911E-05 0.885075 0.110548
9.99911E-05 0.094402 0.524406 0.381092
9.998E-05 9.998E-05 0.9997 9.998E-05
9.99822E-05 0.131404 0.868396 9.99822E-05
9.99911E-05 0.592212 0.0745796 0.333109
9.99911E-05 0.729776 0.127452 0.142672
9.99823E-05 0.420101 9.99823E-05 0.579699
9.99822E-05 9.99822E-05 0.59504 0.40476
0.0362479 9.99911E-05 0.390024 0.573628
9.998E-05 0.9997 9.998E-05 9.998E-05
0.185812 0.468864 9.99911E-05 0.345224
9.99821E-05 9.99821E-05 0.608715 0.391085
9.99822E-05 0.504102 0.495698 9.99822E-05
0.106217 0.893583 9.99821E-05 9.99821E-05
9.99821E-05 0.0311737 0.968626 9.99821E-05
9.99822E-05 9.99822E-05 0.636477 0.363323
9.998E-05 9.998E-05 9.998E-05 0.9997
9.99911E-05 0.219914 0.516576 0.26341
9.99911E-05 0.625624 0.0689405 0.305336
0.158816 0.407676 9.9991E-05 0.433408
0.0319256 0.779157 9.99911E-05 0.188818
9.99821E-05 0.0670769 9.99821E-05 0.932723
0.0175135 9.99911E-05 0.220244 0.762142
9.99822E-05 9.99822E-05 0.93731 0.0624897
9.99911E-05 0.332599 0.421973 0.245328
0.873568 9.99821E-05 9.99821E-05 0.126232
9.99912E-05 0.528155 0.144398 0.327348
9.99822E-05 0.0134315 9.99822E-05 0.986369
9.998E-05 9.998E-05 9.998E-05 0.9997
0.00911669 9.99822E-05 9.99822E-05 0.990683
9.99821E-05 0.260225 9.99821E-05 0.739575
9.99822E-05 9.99822E-05 0.22881 0.77099
9.99821E-05 0.257737 9.99821E-05 0.742063
9.99911E-05 0.0170992 0.368076 0.614725
0.0159739 9.99821E-05 0.983826 9.99821E-05
9.99821E-05 9.99821E-05 0.248587 0.751214
9.99822E-05 0.270872 9.99822E-05 0.728929
9.998E-05 0.9997 9.998E-05 9.998E-05
9.99911E-05 0.0874129 0.425256 0.487231
0.00696265 0.116405 0.0440901 0.832543
9.99911E-05 0.630081 0.232149 0.13767
0.0860915 0.26316 0.650649 9.99911E-05
9.99822E-05 9.99822E-05 0.0828772 0.916923
0.222957 0.743951 9.99911E-05 0.0329923
9.99911E-05 0.121606 0.180947 0.697346
9.99822E-05 0.23726 0.76254 9.99822E-05
9.99911E-05 0.317259 0.548726 0.133915
9.99822E-05 0.332929 9.99822E-05 0.666871
9.99822E-05 0.392581 9.99822E-05 0.607219
0.112512 0.520645 0.366743 9.99911E-05
0.0557587 0.471553 0.0402337 0.432454
9.99821E-05 0.551903 0.447897 9.99821E-05
0.0589354 9.99821E-05 9.99821E-05 0.940865
9.99821E-05 0.467154 0.532646 9.99821E-05
0.00467543 9.99911E-05 0.0847598 0.910465
0.974024 9.99821E-05 0.0257762 9.99821E-05
9.99822E-05 9.99822E-05 0.14248 0.85732
0.0131272 0.898245 0.0885283 9.99911E-05
9.99822E-05 0.0794081 9.99822E-05 0.920392
9.99911E-05 0.230232 0.755091 0.0145766
0.300606 0.178064 0.231698 0.289631
0.130149 0.11037 0.398008 0.361473
9.998E-05 9.998E-05 0.9997 9.998E-05
9.9991E-05 0.712294 0.273299 0.0143073
9.99911E-05 0.0355923 0.403457 0.560851
0.172779 9.99911E-05 0.592295 0.234826
9.99822E-05 0.596714 0.403086 9.99822E-05
9.99822E-05 0.278804 9.99822E-05 0.720996
0.0386052 0.297903 0.619877 0.0436144
9.99911E-05 0.17525 0.776475 0.0481747
9.99821E-05 0.27621 0.72359 9.99821E-05
0.344952 9.99911E-05 0.250053 0.404895
0.0579172 0.484943 0.304901 0.152239
9.99911E-05 0.553091 0.341949 0.10486
9.99911E-05 0.666351 0.0405796 0.29297
9.99822E-05 0.592851 0.406949 9.99822E-05
9.99822E-05 0.287089 9.99822E-05 0.712711
9.99822E-05 0.194228 9.99822E-05 0.805572
0.0699882 0.430964 9.99911E-05 0.498947
9.99911E-05 0.445283 0.247652 0.306965
9.998E-05 9.998E-05 0.9997 9.998E-05
0.00716745 9.99822E-05 9.99822E-05 0.992633
9.99821E-05 0.403173 0.596627 9.99821E-05
9.99822E-05 0.294292 0.705508 9.99822E-05
9.99822E-05 9.99822E-05 0.498845 0.500955
0.0466598 0.567143 0.0495692 0.336628
9.99911E-05 0.284056 0.476111 0.239733
0.0134073 9.99911E-05 0.647939 0.338553
9.99911E-05 0.330987 0.274035 0.394878
9.99823E-05 9.99823E-05 0.967643 0.0321575
9.99911E-05 0.110068 0.327499 0.562332
9.99911E-05 0.794193 0.176502 0.0292058
9.99822E-05 0.33514 0.66466 9.99822E-05
9.99911E-05 0.681935 0.12916 0.188804
9.99821E-05 0.743757 0.256043 9.99821E-05
0.00251553 0.421847 0.575538 9.99911E-05
0.403017 0.307539 0.289344 9.99911E-05
9.99911E-05 0.298117 0.597413 0.104369
9.99822E-05 9.99822E-05 0.52048 0.47932
0.124992 9.99911E-05 0.0479275 0.82698
9.998E-05 0.9997 9.998E-05 9.998E-05
9.99822E-05 0.495731 0.504069 9.99822E-05
9.99822E-05 0.484349 0.515451 9.99822E-05
0.0401355 0.260244 0.69952 9.99911E-05
9.99822E-05 0.876978 0.122822 9.99822E-05
9.998E-05 9.998E-05 9.998E-05 0.9997
9.99821E-05 0.0732901 9.99821E-05 0.92651
0.0582695 0.455156 0.486475 9.99911E-05
9.99911E-05 0.252281 0.0244858 0.723133
9.99911E-05 0.466334 0.450568 0.0829981
0.163791 0.273193 0.267085 0.29593
0.206206 0.0830616 0.375334 0.335398
9.99822E-05 0.304192 0.695608 9.99822E-05
9.99911E-05 0.90329 0.0462448 0.0503649
9.99822E-05 0.70203 0.29777 9.99822E-05
0.000300085 0.3423 9.99911E-05 0.657299
0.108399 9.9991E-05 0.205839 0.685662
9.99822E-05 9.99822E-05 0.0383659 0.961434
9.99911E-05 0.71581 0.00113262 0.282958
0.0981607 0.121067 0.49835 0.282422
9.9991E-05 0.00424841 0.665306 0.330345
9.99823E-05 0.0104278 0.989372 9.99823E-05
0.0703438 9.99911E-05 0.606538 0.323018
9.99911E-05 0.359623 0.575581 0.0646965
9.99911E-05 0.376108 0.0162258 0.607566
0.258726 0.56617 9.99911E-05 0.175003
9.99911E-05 0.209124 0.245003 0.545773
9.99823E-05 9.99823E-05 0.0130519 0.986748
