0.999101 9.99201E-05 9.99201E-05 9.99201E-05 9.99201E-05 9.99201E-05 9.99201E-05 9.99201E-05 9.99201E-05 9.99201E-05
9.99464E-05 9.99464E-05 9.99464E-05 0.330948 9.99464E-05 9.99464E-05 0.187094 9.99464E-05 0.266288 0.21507
0.00813501 0.229368 0.115616 9.99642E-05 9.99642E-05 0.11365 9.99642E-05 9.99642E-05 0.429853 0.102978
9.99555E-05 0.330166 0.0435497 9.99555E-05 9.99555E-05 9.99555E-05 0.0406005 9.99555E-05 0.323947 0.261237
9.99287E-05 9.99287E-05 9.99287E-05 9.99287E-05 9.99287E-05 9.99287E-05 0.529569 9.99287E-05 0.469631 9.99287E-05
9.99643E-05 0.158168 9.99643E-05 0.164165 0.0830991 9.99643E-05 0.199909 0.130215 9.99643E-05 0.264044
9.99375E-05 0.571967 9.99375E-05 9.99375E-05 9.99375E-05 0.00325315 0.424081 9.99375E-05 9.99375E-05 9.99375E-05
9.99376E-05 0.149184 9.99376E-05 0.341193 9.99376E-05 9.99376E-05 9.99376E-05 9.99376E-05 0.508923 9.99376E-05
9.99463E-05 0.358145 0.0223072 9.99463E-05 9.99463E-05 0.416896 0.202052 9.99463E-05 9.99463E-05 9.99463E-05
9.99462E-05 9.99462E-05 9.99462E-05 9.99462E-05 9.99462E-05 0.159057 0.284363 0.248988 9.99462E-05 0.306993
9.99466E-05 9.99466E-05 0.146859 9.99466E-05 9.99466E-05 9.99466E-05 0.159541 0.0912537 9.99466E-05 0.601747
9.99284E-05 0.0711313 9.99284E-05 9.99284E-05 9.99284E-05 0.928069 9.99284E-05 9.99284E-05 9.99284E-05 9.99284E-05
0.0019533 9.99553E-05 9.99553E-05 0.462652 9.99553E-05 0.204 9.99553E-05 0.265692 0.0652026 9.99553E-05
9.99554E-05 0.0642556 9.99554E-05 0.0261163 9.99554E-05 0.548158 0.15269 0.208281 9.99554E-05 9.99554E-05
9.99555E-05 0.0244649 0.731907 9.99555E-05 0.201691 0.00566635 9.99555E-05 9.99555E-05 9.99555E-05 0.0357709
9.99375E-05 0.0554378 0.519821 9.99375E-05 9.99375E-05 9.99375E-05 0.424042 9.99375E-05 9.99375E-05 9.99375E-05
9.99466E-05 0.204759 9.99466E-05 9.99466E-05 9.99466E-05 9.99466E-05 0.483117 9.99466E-05 0.253644 0.0578805
9.99465E-05 9.99465E-05 9.99465E-05 0.0394277 0.112756 9.99465E-05 9.99465E-05 9.99465E-05 0.621375 0.225842
9.99466E-05 0.0781567 9.99466E-05 9.99466E-05 9.99466E-05 0.706338 0.112277 0.102628 9.99466E-05 9.99466E-05
9.99463E-05 0.317727 9.99463E-05 0.181292 9.99463E-05 9.99463E-05 9.99463E-05 0.122671 9.99463E-05 0.37771
9.99464E-05 9.99464E-05 0.00675881 0.217205 9.99464E-05 9.99464E-05 9.99464E-05 0.611023 9.99464E-05 0.164413
0.019255 9.99555E-05 9.99555E-05 0.639861 0.128928 9.99555E-05 9.99555E-05 9.99555E-05 0.0104139 0.201042
9.99554E-05 0.0157515 9.99554E-05 0.186242 0.5641 9.99554E-05 0.165404 0.068002 9.99554E-05 9.99554E-05
9.99465E-05 9.99465E-05 9.99465E-05 9.99465E-05 9.99465E-05 9.99465E-05 0.432357 0.153406 0.158012 0.255625
9.99466E-05 9.99466E-05 9.99466E-05 9.99466E-05 9.99466E-05 0.100493 0.0552171 9.99466E-05 0.683167 0.160523
9.99375E-05 9.99375E-05 0.127039 0.117148 9.99375E-05 9.99375E-05 9.99375E-05 9.99375E-05 0.755114 9.99375E-05
9.99287E-05 0.679085 9.99287E-05 9.99287E-05 9.99287E-05 9.99287E-05 9.99287E-05 0.320116 9.99287E-05 9.99287E-05
9.99463E-05 0.404441 0.17395 9.99463E-05 0.0619582 9.99463E-05 9.99463E-05 9.99463E-05 9.99463E-05 0.359052
9.99375E-05 0.270916 9.99375E-05 0.404192 9.99375E-05 9.99375E-05 9.99375E-05 9.99375E-05 0.324192 9.99375E-05
9.995E-05 0.463759 9.995E-05 9.995E-05 0.0918883 0.0201301 9.995E-05 0.0530435 0.370679 9.995E-05
9.99373E-05 0.710112 9.99373E-05 0.231779 9.99373E-05 9.99373E-05 9.99373E-05 9.99373E-05 0.0574093 9.99373E-05
9.99286E-05 0.707298 9.99286E-05 0.291903 9.99286E-05 9.99286E-05 9.99286E-05 9.99286E-05 9.99286E-05 9.99286E-05
9.99286E-05 0.83359 0.165611 9.99286E-05 9.99286E-05 9.99286E-05 9.99286E-05 9.99286E-05 9.99286E-05 9.99286E-05
9.99642E-05 0.193886 0.0724067 0.146216 0.330948 9.99642E-05 9.99642E-05 0.0726266 0.183516 9.99642E-05
9.99463E-05 9.99463E-05 9.99463E-05 9.99463E-05 0.482875 9.99463E-05 0.3244 0.164014 0.0281113 9.99463E-05
9.99289E-05 9.99289E-05 9.99289E-05 0.933706 0.0654942 9.99289E-05 9.99289E-05 9.99289E-05 9.99289E-05 9.99289E-05
0.0712183 0.0926407 0.11675 0.111136 9.99642E-05 9.99642E-05 0.120213 0.487643 9.99642E-05 9.99642E-05
9.99372E-05 0.665835 0.111507 0.221958 9.99372E-05 9.99372E-05 9.99372E-05 9.99372E-05 9.99372E-05 9.99372E-05
9.99284E-05 9.99284E-05 0.19258 9.99284E-05 0.806621 9.99284E-05 9.99284E-05 9.99284E-05 9.99284E-05 9.99284E-05
9.99375E-05 9.99375E-05 0.220013 9.99375E-05 0.643247 9.99375E-05 9.99375E-05 9.99375E-05 9.99375E-05 0.13604
9.99642E-05 0.591755 0.0738977 0.0467049 9.99642E-05 9.99642E-05 9.99642E-05 0.00735299 0.127758 0.152131
9.99465E-05 0.00235306 0.0538047 9.99465E-05 0.784396 9.99465E-05 9.99465E-05 0.158847 9.99465E-05 9.99465E-05
9.99464E-05 0.175872 0.0180775 9.99464E-05 0.73919 0.0662608 9.99464E-05 9.99464E-05 9.99464E-05 9.99464E-05
9.99374E-05 0.705446 9.99374E-05 9.99374E-05 9.99374E-05 9.99374E-05 0.124903 0.168952 9.99374E-05 9.99374E-05
9.99465E-05 0.00415172 9.99465E-05 0.137168 9.99465E-05 9.99465E-05 9.99465E-05 0.446509 9.99465E-05 0.411571
9.99643E-05 9.99643E-05 0.0774873 0.118914 0.000805932 0.0445415 9.99643E-05 0.0118457 0.746006 9.99643E-05
9.99552E-05 0.0887649 9.99552E-05 9.99552E-05 9.99552E-05 0.305365 0.175478 9.99552E-05 0.31566 0.114232
9.99373E-05 9.99373E-05 9.99373E-05 0.399991 0.419775 9.99373E-05 9.99373E-05 9.99373E-05 9.99373E-05 0.179534
9.99552E-05 0.0149146 0.384611 0.121378 9.99552E-05 9.99552E-05 9.99552E-05 9.99552E-05 0.19138 0.287216
9.99375E-05 9.99375E-05 0.0756554 9.99375E-05 9.99375E-05 0.189053 0.734592 9.99375E-05 9.99375E-05 9.99375E-05
9.99463E-05 9.99463E-05 9.99463E-05 0.304605 9.99463E-05 9.99463E-05 0.0381382 9.99463E-05 0.0568143 0.599843
9.99465E-05 9.99465E-05 0.124054 0.152124 9.99465E-05 9.99465E-05 9.99465E-05 0.1345 9.99465E-05 0.588722
9.99464E-05 0.351717 9.99464E-05 0.086139 9.99464E-05 9.99464E-05 9.99464E-05 0.303362 9.99464E-05 0.258182
9.99643E-05 0.0823749 9.99643E-05 0.0933556 0.0810914 0.261734 9.99643E-05 0.197288 9.99643E-05 0.283756
0.225804 9.99379E-05 0.300599 0.472898 9.99379E-05 9.99379E-05 9.99379E-05 9.99379E-05 9.99379E-05 9.99379E-05
0.0146689 9.99733E-05 9.99733E-05 0.0234948 0.186077 0.140026 0.130525 0.206975 9.99733E-05 0.297933
9.99553E-05 0.106309 0.0106465 9.99553E-05 9.99553E-05 9.99553E-05 0.0973594 9.99553E-05 0.393821 0.391364
9.99465E-05 9.99465E-05 9.99465E-05 0.277146 9.99465E-05 0.100995 0.15631 9.99465E-05 0.464951 9.99465E-05
9.99376E-05 9.99376E-05 9.99376E-05 0.545278 9.99376E-05 0.147206 9.99376E-05 9.99376E-05 9.99376E-05 0.306816
9.99201E-05 9.99201E-05 9.99201E-05 9.99201E-05 9.99201E-05 9.99201E-05 9.99201E-05 9.99201E-05 0.999101 9.99201E-05
9.99644E-05 0.0643582 0.00754497 0.041867 9.99644E-05 9.99644E-05 9.99644E-05 0.107903 0.371521 0.406406
9.99374E-05 0.183278 9.99374E-05 0.0940419 9.99374E-05 9.99374E-05 9.99374E-05 9.99374E-05 0.72198 9.99374E-05
9.99465E-05 0.142979 9.99465E-05 9.99465E-05 9.99465E-05 9.99465E-05 0.560223 0.0314898 0.264708 9.99465E-05
9.99374E-05 0.620024 9.99374E-05 9.99374E-05 9.99374E-05 9.99374E-05 0.0916854 9.99374E-05 9.99374E-05 0.287591
9.99371E-05 0.0293711 9.99371E-05 9.99371E-05 9.99371E-05 9.99371E-05 9.99371E-05 9.99371E-05 0.328802 0.641127
9.99464E-05 9.99464E-05 9.99464E-05 0.465534 9.99464E-05 0.10992 9.99464E-05 9.99464E-05 0.0367989 0.387148
9.99287E-05 9.99287E-05 9.99287E-05 0.135526 9.99287E-05 0.863675 9.99287E-05 9.99287E-05 9.99287E-05 9.99287E-05
9.99374E-05 0.313513 9.99374E-05 0.610097 9.99374E-05 9.99374E-05 9.99374E-05 9.99374E-05 0.0756907 9.99374E-05
9.99464E-05 9.99464E-05 0.0982819 0.646971 9.99464E-05 9.99464E-05 9.99464E-05 9.99464E-05 0.0254661 0.228681
9.99465E-05 0.306875 9.99465E-05 9.99465E-05 0.11212 0.13723 9.99465E-05 9.99465E-05 9.99465E-05 0.443175
9.99377E-05 0.170363 9.99377E-05 9.99377E-05 9.99377E-05 0.661292 9.99377E-05 9.99377E-05 9.99377E-05 0.167646
9.99645E-05 9.99645E-05 9.99645E-05 0.610686 0.134488 9.99645E-05 0.0291288 0.0522675 0.0424698 0.130561
0.016507 9.99555E-05 9.99555E-05 9.99555E-05 0.279208 0.565342 9.99555E-05 0.0155537 0.12289 9.99555E-05
9.99643E-05 9.99643E-05 9.99643E-05 0.318283 0.154613 0.000465749 9.99643E-05 0.219617 0.0508482 0.255773
9.99465E-05 0.533667 9.99465E-05 9.99465E-05 0.103703 0.159451 9.99465E-05 9.99465E-05 0.20258 9.99465E-05
0.0238164 0.253063 9.99642E-05 0.225057 9.99642E-05 0.177707 0.0384766 0.28148 9.99642E-05 9.99642E-05
9.99464E-05 9.99464E-05 9.99464E-05 0.291022 0.0941381 9.99464E-05 9.99464E-05 9.99464E-05 0.371816 0.242424
9.99732E-05 9.99732E-05 0.102039 0.144264 0.00686438 0.140744 0.475558 9.99732E-05 0.0538108 0.0764205
9.99553E-05 9.99553E-05 9.99553E-05 0.243621 0.277669 0.361333 9.99553E-05 0.0607288 0.0561487 9.99553E-05
9.99466E-05 0.119796 0.125645 9.99466E-05 0.341897 9.99466E-05 9.99466E-05 9.99466E-05 0.412062 9.99466E-05
9.99464E-05 0.302744 9.99464E-05 0.0902995 0.471953 9.99464E-05 9.99464E-05 9.99464E-05 9.99464E-05 0.134404
9.99373E-05 9.99373E-05 0.255993 9.99373E-05 9.99373E-05 0.167968 9.99373E-05 9.99373E-05 0.575339 9.99373E-05
9.99375E-05 0.377168 9.99375E-05 9.99375E-05 0.583378 9.99375E-05 0.0387541 9.99375E-05 9.99375E-05 9.99375E-05
9.99464E-05 0.496641 9.99464E-05 0.203119 9.99464E-05 9.99464E-05 9.99464E-05 9.99464E-05 0.232969 0.0666708
0.63902 0.0612522 0.0377559 0.0703971 0.123255 0.0679197 9.99641E-05 9.99641E-05 9.99641E-05 9.99641E-05
9.99554E-05 0.130841 0.0544139 9.99554E-05 9.99554E-05 9.99554E-05 9.99554E-05 0.244561 0.567839 0.00184496
9.99285E-05 9.99285E-05 0.200902 9.99285E-05 0.798299 9.99285E-05 9.99285E-05 9.99285E-05 9.99285E-05 9.99285E-05
9.99555E-05 9.99555E-05 0.0858558 0.13916 9.99555E-05 0.0246466 9.99555E-05 9.99555E-05 0.465766 0.284072
9.99373E-05 0.278369 9.99373E-05 0.175842 9.99373E-05 9.99373E-05 9.99373E-05 0.545089 9.99373E-05 9.99373E-05
9.99465E-05 0.0153809 0.501315 9.99465E-05 9.99465E-05 0.0998594 9.99465E-05 9.99465E-05 9.99465E-05 0.382845
9.99553E-05 0.404807 0.143525 0.107281 9.99553E-05 0.0116973 9.99553E-05 9.99553E-05 9.99553E-05 0.33219
9.99377E-05 0.449325 9.99377E-05 9.99377E-05 9.99377E-05 9.99377E-05 9.99377E-05 0.276909 0.273066 9.99377E-05
9.99462E-05 0.0156413 9.99462E-05 9.99462E-05 0.587243 9.99462E-05 0.21429 9.99462E-05 9.99462E-05 0.182226
0.0386972 0.0564908 0.0577891 9.99553E-05 9.99553E-05 9.99553E-05 0.571694 9.99553E-05 9.99553E-05 0.27483
0.0125469 9.99465E-05 9.99465E-05 9.99465E-05 9.99465E-05 0.0996623 9.99465E-05 0.0135907 9.99465E-05 0.873601
9.99463E-05 0.296589 9.99463E-05 9.99463E-05 0.287048 0.256179 9.99463E-05 9.99463E-05 0.159584 9.99463E-05
9.99285E-05 9.99285E-05 9.99285E-05 9.99285E-05 0.104608 9.99285E-05 9.99285E-05 9.99285E-05 0.894593 9.99285E-05
9.99464E-05 9.99464E-05 9.99464E-05 0.0083402 0.484073 9.99464E-05 9.99464E-05 0.330364 9.99464E-05 0.176623
9.99553E-05 0.251896 9.99553E-05 0.10594 0.188426 0.0236341 9.99553E-05 0.429604 9.99553E-05 9.99553E-05
9.99375E-05 0.463121 9.99375E-05 0.375146 9.99375E-05 9.99375E-05 0.161033 9.99375E-05 9.99375E-05 9.99375E-05
9.99556E-05 0.231683 0.272657 0.173785 9.99556E-05 9.99556E-05 9.99556E-05 9.99556E-05 0.186796 0.13458
9.99464E-05 9.99464E-05 0.0308497 9.99464E-05 0.237976 0.260025 9.99464E-05 9.99464E-05 9.99464E-05 0.47055
9.99465E-05 0.434424 0.310853 0.226945 0.0271775 9.99465E-05 9.99465E-05 9.99465E-05 9.99465E-05 9.99465E-05
9.99553E-05 9.99553E-05 9.99553E-05 0.410207 0.241123 0.255089 9.99553E-05 9.99553E-05 0.0371518 0.0559298
9.99375E-05 9.99375E-05 9.99375E-05 0.386802 0.139556 9.99375E-05 0.472942 9.99375E-05 9.99375E-05 9.99375E-05
9.99642E-05 9.99642E-05 0.0794212 0.61478 0.131577 0.0360105 0.0224179 9.99642E-05 9.99642E-05 0.115393
9.99285E-05 9.99285E-05 9.99285E-05 0.809255 9.99285E-05 9.99285E-05 9.99285E-05 0.189946 9.99285E-05 9.99285E-05
9.99553E-05 9.99553E-05 0.0735109 0.784056 9.99553E-05 0.102025 9.99553E-05 9.99553E-05 0.0324246 0.007484
9.99551E-05 0.0325898 9.99551E-05 0.452159 9.99551E-05 0.481922 0.00801443 0.024815 9.99551E-05 9.99551E-05
9.99466E-05 0.691747 9.99466E-05 9.99466E-05 0.0642312 9.99466E-05 0.139942 0.10348 9.99466E-05 9.99466E-05
9.99374E-05 9.99374E-05 9.99374E-05 0.302169 9.99374E-05 9.99374E-05 9.99374E-05 0.353647 0.343485 9.99374E-05
9.99463E-05 0.378839 9.99463E-05 9.99463E-05 0.367929 0.179361 9.99463E-05 9.99463E-05 9.99463E-05 0.0732714
9.99287E-05 0.552923 9.99287E-05 9.99287E-05 9.99287E-05 9.99287E-05 0.446277 9.99287E-05 9.99287E-05 9.99287E-05
9.99554E-05 0.0163736 9.99554E-05 0.354712 9.99554E-05 9.99554E-05 0.395452 9.99554E-05 0.0951862 0.137776
9.99641E-05 0.146898 0.420402 9.99641E-05 0.0237663 0.0584744 9.99641E-05 9.99641E-05 0.0145958 0.335463
0.0277073 0.30094 9.99731E-05 0.0473813 9.99731E-05 0.0687837 0.465855 0.0602136 0.0288193 9.99731E-05
9.99375E-05 9.99375E-05 0.293391 9.99375E-05 9.99375E-05 9.99375E-05 0.00773617 0.698173 9.99375E-05 9.99375E-05
9.99553E-05 0.1402 9.99553E-05 9.99553E-05 0.217796 9.99553E-05 9.99553E-05 0.189267 0.118977 0.333261
9.99201E-05 9.99201E-05 9.99201E-05 9.99201E-05 9.99201E-05 9.99201E-05 9.99201E-05 0.999101 9.99201E-05 9.99201E-05
9.99464E-05 9.99464E-05 9.99464E-05 9.99464E-05 0.158996 9.99464E-05 9.99464E-05 0.313502 0.0850108 0.441892
9.99465E-05 0.0307984 9.99465E-05 0.11146 0.361334 0.495808 9.99465E-05 9.99465E-05 9.99465E-05 9.99465E-05
9.99731E-05 0.228635 0.048304 9.99731E-05 0.274062 0.141731 0.164312 0.127382 9.99731E-05 0.0152732
9.99377E-05 9.99377E-05 9.99377E-05 9.99377E-05 0.151961 0.241303 9.99377E-05 9.99377E-05 9.99377E-05 0.606036
0.0159384 0.438534 9.99642E-05 0.0871757 0.314738 0.135898 9.99642E-05 9.99642E-05 9.99642E-05 0.00731552
9.99466E-05 0.560778 9.99466E-05 0.0489111 9.99466E-05 0.121404 0.268306 9.99466E-05 9.99466E-05 9.99466E-05
0.0586039 9.99555E-05 0.272144 9.99555E-05 0.246264 9.99555E-05 9.99555E-05 0.228265 9.99555E-05 0.194223
9.99642E-05 0.190153 9.99642E-05 0.2697 0.25769 9.99642E-05 0.109458 0.101438 0.0711611 9.99642E-05
0.0341702 0.06488 9.99643E-05 9.99643E-05 9.99643E-05 0.464903 0.0477162 9.99643E-05 0.14975 0.238181
9.99465E-05 9.99465E-05 9.99465E-05 0.547021 9.99465E-05 9.99465E-05 0.162348 0.202924 0.0871067 9.99465E-05
9.99554E-05 9.99554E-05 0.467838 0.15504 0.183392 0.166295 0.0269351 9.99554E-05 9.99554E-05 9.99554E-05
9.99376E-05 0.502407 9.99376E-05 0.28728 9.99376E-05 0.209613 9.99376E-05 9.99376E-05 9.99376E-05 9.99376E-05
9.99553E-05 0.147098 0.0852481 9.99553E-05 0.101442 0.199844 0.465868 9.99553E-05 9.99553E-05 9.99553E-05
0.0433569 0.300295 9.99643E-05 0.084966 0.2412 0.295303 9.99643E-05 9.99643E-05 9.99643E-05 0.0344788
9.99553E-05 0.0527783 9.99553E-05 0.336938 0.554799 9.99553E-05 9.99553E-05 0.0249372 0.0300478 9.99553E-05
9.99375E-05 9.99375E-05 9.99375E-05 0.177384 0.0230324 9.99375E-05 9.99375E-05 9.99375E-05 0.798884 9.99375E-05
9.99552E-05 9.99552E-05 0.188429 9.99552E-05 9.99552E-05 9.99552E-05 0.190159 0.0747828 0.380787 0.165342
9.99464E-05 0.462998 9.99464E-05 0.14747 0.127201 9.99464E-05 0.261732 9.99464E-05 9.99464E-05 9.99464E-05
9.99375E-05 9.99375E-05 9.99375E-05 0.494777 9.99375E-05 9.99375E-05 0.154309 9.99375E-05 9.99375E-05 0.350215
9.99731E-05 0.225169 9.99731E-05 0.0820928 0.198802 0.275221 0.0687937 0.0698077 9.99731E-05 0.0798149
9.99463E-05 0.18887 0.43701 9.99463E-05 9.99463E-05 9.99463E-05 0.10135 9.99463E-05 9.99463E-05 0.272171
9.99373E-05 0.377528 0.528007 9.99373E-05 9.99373E-05 9.99373E-05 9.99373E-05 9.99373E-05 0.0937662 9.99373E-05
9.99466E-05 0.138426 9.99466E-05 9.99466E-05 0.66469 9.99466E-05 0.0348967 9.99466E-05 9.99466E-05 0.161388
9.99555E-05 0.05095 9.99555E-05 0.188479 0.255629 0.170975 0.333468 9.99555E-05 9.99555E-05 9.99555E-05
9.99374E-05 0.153031 9.99374E-05 9.99374E-05 0.215026 9.99374E-05 0.631244 9.99374E-05 9.99374E-05 9.99374E-05
9.99554E-05 9.99554E-05 0.513577 0.0846433 9.99554E-05 9.99554E-05 0.0516184 9.99554E-05 0.196976 0.152686
9.99462E-05 0.273713 0.306299 0.181171 9.99462E-05 9.99462E-05 9.99462E-05 9.99462E-05 9.99462E-05 0.238217
9.99464E-05 9.99464E-05 9.99464E-05 0.255591 9.99464E-05 9.99464E-05 0.12949 9.99464E-05 0.0285327 0.585786
9.99464E-05 9.99464E-05 9.99464E-05 0.176021 0.262154 9.99464E-05 0.247375 9.99464E-05 0.31385 9.99464E-05
9.99376E-05 0.363029 9.99376E-05 9.99376E-05 0.0521185 9.99376E-05 9.99376E-05 9.99376E-05 9.99376E-05 0.584153
9.99463E-05 0.588407 9.99463E-05 9.99463E-05 0.00463303 9.99463E-05 0.307829 9.99463E-05 0.098531 9.99463E-05
9.99466E-05 0.236128 9.99466E-05 9.99466E-05 0.482313 9.99466E-05 0.200741 0.0802191 9.99466E-05 9.99466E-05
9.99378E-05 0.561516 9.99378E-05 0.0946713 9.99378E-05 9.99378E-05 9.99378E-05 9.99378E-05 9.99378E-05 0.343113
9.99553E-05 0.437833 9.99553E-05 0.153515 9.99553E-05 0.131239 0.256832 9.99553E-05 9.99553E-05 0.0200804
9.99286E-05 9.99286E-05 0.459632 0.539568 9.99286E-05 9.99286E-05 9.99286E-05 9.99286E-05 9.99286E-05 9.99286E-05
9.99286E-05 9.99286E-05 0.990522 9.99286E-05 9.99286E-05 9.99286E-05 0.00867842 9.99286E-05 9.99286E-05 9.99286E-05
9.99373E-05 9.99373E-05 9.99373E-05 0.682651 0.0931775 9.99373E-05 9.99373E-05 9.99373E-05 9.99373E-05 0.223472
9.99286E-05 9.99286E-05 0.849768 0.149432 9.99286E-05 9.99286E-05 9.99286E-05 9.99286E-05 9.99286E-05 9.99286E-05
