9.994E-05 9.994E-05 9.994E-05 9.994E-05 0.9993 9.994E-05 9.994E-05 9.994E-05
0.772398 9.99554E-05 9.99554E-05 0.110862 9.99554E-05 9.99554E-05 0.11624 9.99554E-05
0.05513 9.99465E-05 9.99465E-05 0.94427 9.99465E-05 9.99465E-05 9.99465E-05 9.99465E-05
0.231667 0.276518 9.99733E-05 0.309006 0.000361197 9.99733E-05 9.99733E-05 0.182148
0.778321 0.0145989 9.99644E-05 9.99644E-05 9.99644E-05 0.148912 9.99644E-05 0.0577685
9.99554E-05 0.497036 9.99554E-05 9.99554E-05 9.99554E-05 0.139715 0.36275 9.99554E-05
9.99554E-05 9.99554E-05 9.99554E-05 0.147757 9.99554E-05 9.99554E-05 0.285589 0.566154
0.409714 0.0303895 0.12708 9.99643E-05 9.99643E-05 9.99643E-05 0.432416 9.99643E-05
0.0258166 0.0114761 0.159376 0.337456 9.99732E-05 0.465575 9.99732E-05 9.99732E-05
0.336303 0.244116 0.124199 9.99642E-05 9.99642E-05 0.294983 9.99642E-05 9.99642E-05
0.0227654 0.0704673 9.99732E-05 0.364706 0.00237622 0.539385 9.99732E-05 9.99732E-05
0.127738 9.99642E-05 0.571741 0.0881397 9.99642E-05 0.211982 9.99642E-05 9.99642E-05
0.394915 0.105067 9.99821E-05 0.0721654 0.0158222 0.0525125 0.359318 9.99821E-05
0.126482 0.29326 0.302013 9.99822E-05 9.99822E-05 0.0960917 0.0354486 0.146505
9.99734E-05 9.99734E-05 0.129583 0.413544 9.99734E-05 0.376873 0.0266427 0.0530576
9.99644E-05 9.99644E-05 0.288924 0.27001 9.99644E-05 0.179101 9.99644E-05 0.261565
0.517722 9.99556E-05 9.99556E-05 9.99556E-05 9.99556E-05 9.99556E-05 0.0200524 0.461726
0.503449 9.99643E-05 9.99643E-05 9.99643E-05 9.99643E-05 0.199694 0.000636944 0.29582
9.99465E-05 0.275937 9.99465E-05 9.99465E-05 9.99465E-05 0.723463 9.99465E-05 9.99465E-05
0.190694 0.0913997 9.99732E-05 0.186685 9.99732E-05 0.162538 0.368382 9.99732E-05
0.0684868 0.405272 0.169728 0.270205 9.99732E-05 9.99732E-05 0.0860088 9.99732E-05
9.99643E-05 9.99643E-05 0.00350577 0.176399 9.99643E-05 0.199573 0.620123 9.99643E-05
9.99553E-05 9.99553E-05 0.394981 9.99553E-05 9.99553E-05 9.99553E-05 0.0104921 0.594027
0.310283 0.411878 0.191623 0.0858164 9.99643E-05 9.99643E-05 9.99643E-05 9.99643E-05
0.933349 9.99467E-05 9.99467E-05 9.99467E-05 9.99467E-05 0.0660516 9.99467E-05 9.99467E-05
0.628859 9.99642E-05 0.102089 0.0827335 9.99642E-05 9.99642E-05 0.185918 9.99642E-05
9.99554E-05 0.485874 9.99554E-05 9.99554E-05 9.99554E-05 9.99554E-05 0.37257 0.141056
9.99642E-05 9.99642E-05 0.0474874 0.793982 9.99642E-05 0.0496524 9.99642E-05 0.108479
0.201803 0.0403493 9.99732E-05 0.0360858 9.99732E-05 0.244856 0.476606 9.99732E-05
9.996E-05 0.392689 0.136405 0.382744 9.996E-05 9.996E-05 9.996E-05 0.087762
9.99552E-05 9.99552E-05 9.99552E-05 0.279886 9.99552E-05 9.99552E-05 0.535497 0.184118
0.100721 0.216532 0.117034 0.118767 9.99732E-05 9.99732E-05 0.446647 9.99732E-05
9.99643E-05 0.16329 9.99643E-05 0.21667 9.99643E-05 9.99643E-05 0.245044 0.374597
9.99553E-05 9.99553E-05 9.99553E-05 9.99553E-05 9.99553E-05 0.551197 0.250125 0.198178
0.379949 0.00714814 9.99642E-05 9.99642E-05 9.99642E-05 0.0708626 9.99642E-05 0.54164
0.115345 9.99646E-05 0.00232931 9.99646E-05 9.99646E-05 9.99646E-05 0.877583 0.00434288
0.0853916 0.567608 9.997E-05 9.997E-05 0.0405649 0.123464 0.182672 9.997E-05
9.99552E-05 0.125154 9.99552E-05 0.420135 9.99552E-05 9.99552E-05 0.454212 9.99552E-05
0.101015 9.99553E-05 9.99553E-05 9.99553E-05 9.99553E-05 0.630654 9.99553E-05 0.267832
9.99557E-05 9.99557E-05 0.156671 0.641745 9.99557E-05 9.99557E-05 9.99557E-05 0.201085
9.99552E-05 0.284244 9.99552E-05 0.68528 9.99552E-05 9.99552E-05 0.0299756 9.99552E-05
9.99822E-05 0.0949141 0.154879 0.0213104 9.99822E-05 0.0148107 0.0133064 0.700579
9.99643E-05 9.99643E-05 0.0215989 9.99643E-05 9.99643E-05 0.372414 0.0954152 0.510172
9.99553E-05 0.544174 9.99553E-05 0.315831 9.99553E-05 9.99553E-05 0.139495 9.99553E-05
0.0563056 0.414868 9.99732E-05 0.272015 9.99732E-05 0.11786 0.138651 9.99732E-05
0.589927 9.99553E-05 9.99553E-05 9.99553E-05 9.99553E-05 9.99553E-05 0.342213 0.0673602
0.247599 0.138941 0.164826 0.188074 9.99731E-05 9.99731E-05 9.99731E-05 0.260259
9.99732E-05 9.99732E-05 0.179881 0.0711022 9.99732E-05 0.230183 0.25951 0.259024
9.99554E-05 9.99554E-05 0.105043 0.77064 9.99554E-05 0.123817 9.99554E-05 9.99554E-05
0.176151 0.145261 0.678088 9.99553E-05 9.99553E-05 9.99553E-05 9.99553E-05 9.99553E-05
0.150841 9.99732E-05 0.0194743 0.176408 9.99732E-05 0.333197 0.319779 9.99732E-05
9.99556E-05 0.14481 9.99556E-05 0.58392 9.99556E-05 9.99556E-05 0.27077 9.99556E-05
9.99554E-05 0.351768 9.99554E-05 9.99554E-05 9.99554E-05 9.99554E-05 0.373994 0.273738
9.99733E-05 0.261892 0.0727069 9.99733E-05 9.99733E-05 0.561785 0.0978769 0.00543906
9.99644E-05 9.99644E-05 0.369699 0.215424 0.268659 9.99644E-05 0.145819 9.99644E-05
9.99556E-05 0.183943 9.99556E-05 9.99556E-05 9.99556E-05 0.723519 9.99556E-05 0.0920381
0.503229 9.99732E-05 9.99732E-05 0.271764 9.99732E-05 0.0771134 0.131318 0.0162762
0.524985 9.99644E-05 0.124949 9.99644E-05 9.99644E-05 0.325203 0.0244628 9.99644E-05
0.126214 9.99733E-05 0.279185 0.236966 9.99733E-05 0.0271228 0.330212 9.99733E-05
0.785986 9.99552E-05 0.00626449 9.99552E-05 9.99552E-05 9.99552E-05 9.99552E-05 0.207249
0.11433 0.0662333 9.99822E-05 0.168679 9.99822E-05 0.078525 0.391611 0.180422
0.586843 9.99731E-05 9.99731E-05 0.0517583 0.00215851 9.99731E-05 0.1658 0.19314
0.640008 0.297018 0.0254076 9.99643E-05 9.99643E-05 9.99643E-05 9.99643E-05 0.0371665
9.99642E-05 0.320991 9.99642E-05 0.4054 9.99642E-05 0.115976 9.99642E-05 0.157233
0.0832869 9.99731E-05 9.99731E-05 0.457348 9.99731E-05 0.0373213 0.0196182 0.402125
0.329481 9.99643E-05 9.99643E-05 0.252847 9.99643E-05 0.037422 0.379851 9.99643E-05
9.994E-05 9.994E-05 0.9993 9.994E-05 9.994E-05 9.994E-05 9.994E-05 9.994E-05
0.0337758 9.99821E-05 0.00923286 0.248893 9.99821E-05 0.0131854 0.680777 0.0139359
0.227792 9.996E-05 0.161525 0.144638 9.996E-05 9.996E-05 0.465645 9.996E-05
0.087405 9.99642E-05 0.358155 0.337375 9.99642E-05 0.216665 9.99642E-05 9.99642E-05
9.99645E-05 0.162958 9.99645E-05 0.184313 9.99645E-05 0.634632 9.99645E-05 0.0176976
0.223057 0.0187832 9.99644E-05 9.99644E-05 9.99644E-05 9.99644E-05 0.688475 0.0692846
9.99643E-05 0.0333475 0.559112 9.99643E-05 0.0170934 0.390048 9.99643E-05 9.99643E-05
9.99733E-05 0.112265 0.0737241 9.99733E-05 0.00765338 0.164081 0.641977 9.99733E-05
0.219013 0.0190437 9.99733E-05 0.261429 9.99733E-05 0.0416737 9.99733E-05 0.45854
9.99553E-05 0.339752 9.99553E-05 9.99553E-05 9.99553E-05 0.421021 0.238728 9.99553E-05
9.99644E-05 9.99644E-05 0.0436387 0.143675 9.99644E-05 9.99644E-05 0.497381 0.314906
0.195437 9.99643E-05 9.99643E-05 0.291441 9.99643E-05 0.45195 0.0607723 9.99643E-05
9.99732E-05 0.0696035 0.606202 9.99732E-05 0.0451098 9.99732E-05 0.0465475 0.232238
0.286131 9.99733E-05 9.99733E-05 0.260156 0.0209979 9.99733E-05 0.124372 0.308043
9.99553E-05 9.99553E-05 9.99553E-05 0.324695 9.99553E-05 9.99553E-05 0.134257 0.540548
0.287235 9.996E-05 0.242327 0.292422 9.996E-05 9.996E-05 0.177616 9.996E-05
9.996E-05 9.996E-05 9.996E-05 0.0437223 9.996E-05 0.152836 0.0983961 0.704646
9.99643E-05 9.99643E-05 9.99643E-05 0.374539 9.99643E-05 0.0189271 0.601625 0.00450897
9.9973E-05 9.9973E-05 0.177838 0.0650493 0.699184 9.9973E-05 0.00371681 0.0539117
0.154052 0.265851 9.997E-05 0.364204 9.997E-05 0.151302 9.997E-05 0.0642907
9.99642E-05 9.99642E-05 0.060243 9.99642E-05 9.99642E-05 0.265015 0.171305 0.503037
0.0424558 0.0064413 9.997E-05 0.257702 9.997E-05 0.351363 0.341737 9.997E-05
9.99464E-05 0.514347 9.99464E-05 9.99464E-05 9.99464E-05 9.99464E-05 0.485053 9.99464E-05
9.99466E-05 9.99466E-05 9.99466E-05 0.299761 9.99466E-05 0.699639 9.99466E-05 9.99466E-05
9.99641E-05 0.0924314 0.155371 0.372624 9.99641E-05 9.99641E-05 0.379173 9.99641E-05
0.204503 0.644372 9.99555E-05 9.99555E-05 9.99555E-05 9.99555E-05 9.99555E-05 0.150625
0.166998 9.99553E-05 9.99553E-05 0.284406 9.99553E-05 9.99553E-05 9.99553E-05 0.548096
0.438516 9.99733E-05 0.00774683 0.289098 0.0524414 9.99733E-05 9.99733E-05 0.211898
9.99733E-05 0.141078 0.24874 0.561832 9.99733E-05 0.000220485 9.99733E-05 0.0478293
9.996E-05 9.996E-05 0.208977 0.0701692 9.996E-05 0.307476 9.996E-05 0.412978
0.337705 9.99643E-05 9.99643E-05 0.312717 9.99643E-05 0.0756774 9.99643E-05 0.2735
9.99821E-05 0.170674 0.13992 0.218218 9.99821E-05 0.0334377 0.100947 0.336603
9.99821E-05 0.597263 0.0737125 0.140162 9.99821E-05 0.0905805 0.0590427 0.0390392
9.99552E-05 0.326319 0.302369 9.99552E-05 9.99552E-05 9.99552E-05 0.370811 9.99552E-05
9.99557E-05 0.0517161 0.354359 0.593425 9.99557E-05 9.99557E-05 9.99557E-05 9.99557E-05
9.99554E-05 0.0949899 9.99554E-05 0.195102 9.99554E-05 0.709408 9.99554E-05 9.99554E-05
9.99644E-05 0.0921299 9.99644E-05 9.99644E-05 9.99644E-05 0.103521 0.582292 0.221656
0.0658618 9.99732E-05 0.0641578 9.99732E-05 9.99732E-05 0.464605 0.275082 0.129994
9.997E-05 0.293585 0.285674 9.997E-05 9.997E-05 0.0314828 0.178017 0.210941
0.0412573 9.99553E-05 9.99553E-05 9.99553E-05 9.99553E-05 0.489034 0.469209 9.99553E-05
0.00820379 9.99553E-05 0.213123 9.99553E-05 9.99553E-05 9.99553E-05 0.778173 9.99553E-05
9.99642E-05 9.99642E-05 0.396289 0.1958 9.99642E-05 0.00831936 0.399192 9.99642E-05
0.312452 9.99552E-05 0.384513 9.99552E-05 9.99552E-05 9.99552E-05 0.302535 9.99552E-05
0.172061 0.028227 9.99732E-05 0.142578 9.99732E-05 9.99732E-05 0.0534082 0.603426
0.348787 0.119285 0.132508 9.99644E-05 9.99644E-05 9.99644E-05 0.39902 9.99644E-05
9.99642E-05 0.0355375 9.99642E-05 0.208305 9.99642E-05 0.196008 9.99642E-05 0.55975
9.99642E-05 0.275329 9.99642E-05 0.377849 9.99642E-05 0.323674 9.99642E-05 0.0227477
0.403769 9.99554E-05 9.99554E-05 9.99554E-05 9.99554E-05 9.99554E-05 0.368617 0.227114
9.99553E-05 0.119876 9.99553E-05 0.495578 9.99553E-05 0.384046 9.99553E-05 9.99553E-05
0.148799 0.274594 9.99642E-05 9.99642E-05 9.99642E-05 0.318345 9.99642E-05 0.257862
0.0486741 0.679625 0.271201 9.99554E-05 9.99554E-05 9.99554E-05 9.99554E-05 9.99554E-05
0.088042 0.292039 9.99732E-05 0.296395 9.99732E-05 0.155237 9.99732E-05 0.167988
9.994E-05 0.9993 9.994E-05 9.994E-05 9.994E-05 9.994E-05 9.994E-05 9.994E-05
0.202825 0.398145 9.99644E-05 0.0987251 9.99644E-05 0.299905 9.99644E-05 9.99644E-05
9.99643E-05 9.99643E-05 0.571598 9.99643E-05 9.99643E-05 0.134395 0.144322 0.149285
9.99642E-05 0.243331 0.215018 0.195963 9.99642E-05 9.99642E-05 9.99642E-05 0.345289
9.99644E-05 9.99644E-05 0.161255 0.0316168 9.99644E-05 0.605443 9.99644E-05 0.201285
9.99554E-05 9.99554E-05 9.99554E-05 9.99554E-05 9.99554E-05 0.331003 0.256067 0.41243
0.0370416 0.246845 0.309989 0.102151 9.99821E-05 9.99821E-05 0.0794221 0.224351
9.99822E-05 0.297716 0.0417288 0.367914 0.0650954 0.0261798 9.99822E-05 0.201167
0.025418 0.230749 9.99642E-05 9.99642E-05 9.99642E-05 9.99642E-05 0.31843 0.425003
0.662931 9.99732E-05 0.116454 0.107531 9.99732E-05 0.0904335 9.99732E-05 0.0223508
9.99822E-05 0.37092 0.138614 0.000891951 0.0120597 0.325186 0.152128 9.99822E-05
9.99733E-05 9.99733E-05 0.57745 0.139639 9.99733E-05 0.118838 0.157944 0.0058286
9.99642E-05 0.171983 0.242264 9.99642E-05 9.99642E-05 9.99642E-05 0.346562 0.238791
0.173205 9.99732E-05 0.341601 0.313383 9.99732E-05 0.100498 9.99732E-05 0.071014
0.0602082 0.0235721 0.347219 0.111048 9.99732E-05 9.99732E-05 9.99732E-05 0.457652
0.0849835 0.0780884 9.99732E-05 9.99732E-05 9.99732E-05 0.0856907 0.510601 0.240337
0.77764 9.99642E-05 9.99642E-05 0.0341378 9.99642E-05 9.99642E-05 0.148235 0.039587
0.641248 0.0161729 9.99732E-05 0.081832 9.99732E-05 0.13461 9.99732E-05 0.125837
9.99644E-05 9.99644E-05 0.0630133 0.673795 9.99644E-05 9.99644E-05 0.0435848 0.219207
0.295393 9.99643E-05 0.0713976 0.506413 9.99643E-05 9.99643E-05 0.126397 9.99643E-05
9.99731E-05 0.147622 0.379057 9.99731E-05 9.99731E-05 0.109042 0.0790507 0.284927
9.99553E-05 9.99553E-05 0.147474 0.829215 9.99553E-05 9.99553E-05 9.99553E-05 0.0228113
0.00612813 9.99732E-05 9.99732E-05 0.760391 9.99732E-05 0.0225857 0.136338 0.0742581
9.994E-05 9.994E-05 9.994E-05 9.994E-05 9.994E-05 9.994E-05 9.994E-05 0.9993
0.127015 9.99645E-05 0.155519 9.99645E-05 9.99645E-05 9.99645E-05 0.227585 0.489481
0.140908 9.99643E-05 9.99643E-05 9.99643E-05 9.99643E-05 0.0506192 0.374706 0.433367
0.376252 0.126201 0.236744 0.0998375 9.99732E-05 9.99732E-05 0.160665 9.99732E-05
0.119975 9.99552E-05 9.99552E-05 0.728357 9.99552E-05 9.99552E-05 0.151169 9.99552E-05
0.38339 9.99643E-05 9.99643E-05 0.324203 9.99643E-05 9.99643E-05 0.223243 0.0687633
0.232407 9.99733E-05 9.99733E-05 0.0865537 9.99733E-05 0.0518606 0.234424 0.394455
0.00226478 0.119231 9.99732E-05 0.536404 0.0317767 9.99732E-05 9.99732E-05 0.310024
0.18224 0.0996006 0.0751676 0.291231 9.99732E-05 9.99732E-05 9.99732E-05 0.351461
9.99466E-05 0.253768 9.99466E-05 9.99466E-05 9.99466E-05 9.99466E-05 9.99466E-05 0.745632
9.99555E-05 0.0166671 9.99555E-05 0.603702 9.99555E-05 9.99555E-05 0.379131 9.99555E-05
0.181755 0.0292957 0.263642 0.280698 9.99731E-05 9.99731E-05 9.99731E-05 0.244309
0.0163937 9.99645E-05 0.274222 0.0441537 9.99645E-05 9.99645E-05 0.664831 9.99645E-05
0.0232919 9.99823E-05 0.357429 0.429252 0.0162787 0.0502349 9.99823E-05 0.123313
0.174174 9.996E-05 0.0688318 0.0419753 9.996E-05 9.996E-05 0.714619 9.996E-05
0.222745 9.99645E-05 9.99645E-05 0.258184 9.99645E-05 0.0716894 0.446982 9.99645E-05
