9.994E-05 0.9993 9.994E-05 9.994E-05 9.994E-05 9.994E-05 9.994E-05 9.994E-05
9.99732E-05 9.99732E-05 0.71047 0.0687293 0.0409737 9.99732E-05 0.037722 0.141805
9.99553E-05 9.99553E-05 0.173725 0.692502 0.133274 9.99553E-05 9.99553E-05 9.99553E-05
9.99644E-05 9.99644E-05 0.170464 0.421125 0.10117 9.99644E-05 9.99644E-05 0.306842
9.99466E-05 9.99466E-05 9.99466E-05 0.220106 9.99466E-05 9.99466E-05 9.99466E-05 0.779294
0.112003 9.99732E-05 0.112413 9.99732E-05 0.487226 0.178166 9.99732E-05 0.109892
0.212968 9.99642E-05 9.99642E-05 9.99642E-05 0.380533 0.169642 9.99642E-05 0.236457
0.161441 9.99643E-05 0.330098 9.99643E-05 0.244171 9.99643E-05 0.26389 9.99643E-05
9.99642E-05 9.99642E-05 9.99642E-05 0.00644109 0.538229 9.99642E-05 0.270236 0.184695
9.99642E-05 9.99642E-05 0.173265 0.121464 0.48585 9.99642E-05 9.99642E-05 0.21902
9.99644E-05 9.99644E-05 0.282711 0.24854 0.33503 9.99644E-05 0.133318 9.99644E-05
0.129189 9.99732E-05 9.99732E-05 0.404975 0.239155 9.99732E-05 0.163045 0.0633358
0.112767 0.0620929 0.191272 0.335695 0.297873 9.99732E-05 9.99732E-05 9.99732E-05
0.36614 9.99555E-05 9.99555E-05 9.99555E-05 0.371944 9.99555E-05 9.99555E-05 0.261416
9.99556E-05 9.99556E-05 0.0105276 0.670828 9.99556E-05 0.318145 9.99556E-05 9.99556E-05
9.99555E-05 9.99555E-05 9.99555E-05 9.99555E-05 9.99555E-05 0.572968 0.0141253 0.412407
9.99644E-05 9.99644E-05 0.296289 9.99644E-05 0.0219403 0.0843617 9.99644E-05 0.59701
9.99643E-05 9.99643E-05 0.0365175 0.626512 9.99643E-05 9.99643E-05 0.0236439 0.312926
9.99467E-05 9.99467E-05 9.99467E-05 9.99467E-05 0.882325 9.99467E-05 9.99467E-05 0.117076
0.217409 9.99642E-05 0.409281 0.11261 0.2603 9.99642E-05 9.99642E-05 9.99642E-05
0.242049 9.99821E-05 0.224874 0.188613 0.131616 9.99821E-05 0.074141 0.138508
9.99643E-05 9.99643E-05 0.301808 0.166346 0.255568 9.99643E-05 0.275879 9.99643E-05
9.99642E-05 9.99642E-05 9.99642E-05 9.99642E-05 0.111189 0.284677 0.441709 0.162025
9.99553E-05 9.99553E-05 0.301592 9.99553E-05 9.99553E-05 9.99553E-05 0.320256 0.377652
9.99468E-05 9.99468E-05 0.760796 0.238605 9.99468E-05 9.99468E-05 9.99468E-05 9.99468E-05
0.11435 9.99732E-05 0.438793 0.42685 9.99732E-05 9.99732E-05 0.00492242 0.0147842
0.875716 9.99465E-05 9.99465E-05 9.99465E-05 0.123685 9.99465E-05 9.99465E-05 9.99465E-05
0.0275119 9.99732E-05 0.510027 0.178722 0.0150874 0.268352 9.99732E-05 9.99732E-05
0.738889 9.99553E-05 9.99553E-05 0.248131 0.0124798 9.99553E-05 9.99553E-05 9.99553E-05
0.241124 9.99822E-05 0.223962 0.0864413 0.234726 0.142468 9.99822E-05 0.0710796
0.9993 9.994E-05 9.994E-05 9.994E-05 9.994E-05 9.994E-05 9.994E-05 9.994E-05
0.728359 9.99643E-05 0.143627 9.99643E-05 0.0494248 9.99643E-05 9.99643E-05 0.078189
0.905973 9.99464E-05 9.99464E-05 9.99464E-05 9.99464E-05 0.093427 9.99464E-05 9.99464E-05
0.0820795 9.99732E-05 9.99732E-05 0.423284 0.343381 0.137265 0.0136908 9.99732E-05
9.99642E-05 9.99642E-05 9.99642E-05 9.99642E-05 0.330928 0.298789 0.0486228 0.321261
0.517479 9.99556E-05 0.0493064 9.99556E-05 9.99556E-05 9.99556E-05 0.432715 9.99556E-05
0.176097 0.0569445 9.99732E-05 9.99732E-05 0.550852 9.99732E-05 0.0838331 0.131973
0.523205 9.99642E-05 0.00499391 0.400852 9.99642E-05 0.0705491 9.99642E-05 9.99642E-05
9.995E-05 9.995E-05 9.995E-05 0.408306 9.995E-05 0.566456 0.0247384 9.995E-05
9.99643E-05 0.0116298 0.300986 9.99643E-05 9.99643E-05 0.627099 0.0598853 9.99643E-05
0.170262 9.99731E-05 0.222945 0.406873 0.187241 0.0123792 9.99731E-05 9.99731E-05
9.99555E-05 9.99555E-05 9.99555E-05 9.99555E-05 0.321716 0.649234 9.99555E-05 0.0285512
9.99553E-05 0.0400196 9.99553E-05 9.99553E-05 0.326615 0.632866 9.99553E-05 9.99553E-05
0.24888 9.99821E-05 0.00957597 0.198327 0.349674 0.0428461 9.99821E-05 0.150497
0.17942 9.99555E-05 0.41966 9.99555E-05 0.40042 9.99555E-05 9.99555E-05 9.99555E-05
9.99643E-05 9.99643E-05 0.0281147 0.758468 9.99643E-05 9.99643E-05 0.0792355 0.133782
9.99821E-05 0.0189411 0.256568 0.107893 9.99821E-05 0.0542466 0.0283384 0.533813
0.0353674 9.99643E-05 0.383055 9.99643E-05 9.99643E-05 0.489724 0.0914529 9.99643E-05
0.0832661 9.99642E-05 0.300533 0.488817 9.99642E-05 9.99642E-05 0.126984 9.99642E-05
9.99644E-05 9.99644E-05 0.133633 9.99644E-05 9.99644E-05 0.0399401 0.308305 0.517722
9.99643E-05 9.99643E-05 0.722717 9.99643E-05 0.107396 9.99643E-05 0.13292 0.0365665
0.194859 0.0106308 0.79401 9.99556E-05 9.99556E-05 9.99556E-05 9.99556E-05 9.99556E-05
0.152852 9.99643E-05 0.266284 9.99643E-05 0.528614 9.99643E-05 9.99643E-05 0.0518498
9.99644E-05 9.99644E-05 0.0215619 0.241898 0.350404 9.99644E-05 0.385737 9.99644E-05
0.0944749 0.488387 0.0363716 9.99732E-05 9.99732E-05 9.99732E-05 0.26719 0.113276
9.99734E-05 9.99734E-05 0.0511243 0.190513 0.482273 9.99734E-05 0.0313595 0.24443
0.138567 9.99821E-05 0.343182 0.298329 9.99821E-05 0.0665631 0.0242487 0.12891
9.99556E-05 9.99556E-05 9.99556E-05 0.595083 9.99556E-05 9.99556E-05 0.111184 0.293233
0.0624899 0.0028759 0.660032 9.99644E-05 9.99644E-05 9.99644E-05 0.274202 9.99644E-05
9.99642E-05 9.99642E-05 0.0632048 0.310073 9.99642E-05 9.99642E-05 0.241754 0.384568
0.447056 9.99643E-05 0.0922054 0.311575 0.148764 9.99643E-05 9.99643E-05 9.99643E-05
0.150055 9.99553E-05 9.99553E-05 0.780163 9.99553E-05 0.0692827 9.99553E-05 9.99553E-05
0.0311583 9.99732E-05 0.175393 0.0750197 0.181135 9.99732E-05 9.99732E-05 0.536995
9.99642E-05 9.99642E-05 0.44864 9.99642E-05 0.445512 0.104087 9.99642E-05 0.00136115
9.99641E-05 9.99641E-05 0.623048 0.215588 0.0607611 9.99641E-05 9.99641E-05 0.100202
9.99643E-05 9.99643E-05 0.716637 0.0962753 9.99643E-05 0.132921 0.0537662 9.99643E-05
0.133114 9.99466E-05 9.99466E-05 9.99466E-05 9.99466E-05 9.99466E-05 0.866287 9.99466E-05
0.371917 9.99732E-05 0.402879 9.99732E-05 0.0751199 0.14056 0.00922492 9.99732E-05
9.99552E-05 9.99552E-05 0.634058 0.0386373 9.99552E-05 9.99552E-05 0.326805 9.99552E-05
9.99643E-05 9.99643E-05 0.37301 9.99643E-05 9.99643E-05 0.372756 0.145335 0.108499
9.99556E-05 9.99556E-05 0.0914143 9.99556E-05 0.801482 0.106604 9.99556E-05 9.99556E-05
0.201686 9.99733E-05 0.631271 0.0199006 9.99733E-05 9.99733E-05 0.016651 0.130191
9.99733E-05 9.99733E-05 9.99733E-05 0.0867683 0.165746 0.00749604 0.633749 0.105941
0.0695051 9.99643E-05 0.447003 9.99643E-05 0.0834826 9.99643E-05 0.399609 9.99643E-05
0.579035 9.99554E-05 9.99554E-05 9.99554E-05 9.99554E-05 0.066892 9.99554E-05 0.353573
9.99463E-05 9.99463E-05 9.99463E-05 9.99463E-05 0.731456 9.99463E-05 0.267944 9.99463E-05
0.442731 9.99643E-05 0.328898 9.99643E-05 9.99643E-05 0.0240907 0.20388 9.99643E-05
9.99644E-05 9.99644E-05 0.232668 0.252731 0.175723 0.338478 9.99644E-05 9.99644E-05
9.99732E-05 0.0544139 0.0177921 9.99732E-05 0.269579 0.0791343 0.578781 9.99732E-05
0.105805 9.99555E-05 9.99555E-05 0.501987 9.99555E-05 0.391708 9.99555E-05 9.99555E-05
0.294981 9.99643E-05 0.227189 9.99643E-05 0.0296716 0.447759 9.99643E-05 9.99643E-05
0.00180883 0.0705194 0.0827278 0.5321 9.99731E-05 9.99731E-05 0.312544 9.99731E-05
9.99643E-05 9.99643E-05 0.126438 9.99643E-05 0.0929612 0.68149 9.99643E-05 0.098711
0.568614 9.99553E-05 0.110885 0.320001 9.99553E-05 9.99553E-05 9.99553E-05 9.99553E-05
0.0244626 0.82437 0.0775388 9.9973E-05 0.0493943 0.0239343 9.9973E-05 9.9973E-05
9.994E-05 9.994E-05 9.994E-05 0.9993 9.994E-05 9.994E-05 9.994E-05 9.994E-05
9.99465E-05 9.99465E-05 9.99465E-05 9.99465E-05 0.223149 0.776251 9.99465E-05 9.99465E-05
9.99555E-05 9.99555E-05 0.0459467 0.918213 9.99555E-05 9.99555E-05 0.0353402 9.99555E-05
0.722165 9.99555E-05 9.99555E-05 0.145298 0.132037 9.99555E-05 9.99555E-05 9.99555E-05
9.99645E-05 9.99645E-05 0.272171 0.313339 0.159346 0.254744 9.99645E-05 9.99645E-05
0.0842382 0.0162303 0.470341 9.99731E-05 9.99731E-05 0.311808 0.117083 9.99731E-05
0.0887671 9.99644E-05 9.99644E-05 0.0166005 0.644772 9.99644E-05 9.99644E-05 0.249461
9.99552E-05 9.99552E-05 0.148927 9.99552E-05 9.99552E-05 0.778484 9.99552E-05 0.0720896
9.99732E-05 0.0117414 0.370108 9.99732E-05 0.227553 0.0346196 9.99732E-05 0.355678
9.99645E-05 0.00169961 0.766572 9.99645E-05 0.222354 0.0089745 9.99645E-05 9.99645E-05
9.99642E-05 9.99642E-05 9.99642E-05 0.295841 0.436836 0.139803 0.127119 9.99642E-05
9.99822E-05 9.99822E-05 0.0451448 0.393819 0.348228 0.0790252 0.127464 0.00611903
9.99732E-05 9.99732E-05 0.094667 0.188007 0.365252 0.324407 0.0273667 9.99732E-05
0.116321 9.99732E-05 9.99732E-05 0.0961142 0.62302 0.0907377 0.0735069 9.99732E-05
0.450297 9.99732E-05 0.0978519 9.99732E-05 0.0863933 0.264494 0.100664 9.99732E-05
0.198858 0.132936 0.35855 0.176423 9.997E-05 0.132934 9.997E-05 9.997E-05
9.99554E-05 9.99554E-05 0.0979158 9.99554E-05 0.662765 0.238819 9.99554E-05 9.99554E-05
0.262845 9.99643E-05 9.99643E-05 0.22153 9.99643E-05 0.498312 9.99643E-05 0.0169132
9.99553E-05 9.99553E-05 0.154979 9.99553E-05 0.479616 9.99553E-05 0.364906 9.99553E-05
9.99643E-05 9.99643E-05 9.99643E-05 9.99643E-05 0.120368 0.180345 0.381897 0.316991
0.127457 9.99732E-05 0.158092 0.28732 0.0588223 9.99732E-05 0.368009 9.99732E-05
0.695066 9.99554E-05 0.233521 9.99554E-05 9.99554E-05 9.99554E-05 0.0709137 9.99554E-05
0.267274 9.99732E-05 0.0724684 0.440546 9.99732E-05 0.00397599 0.215436 9.99732E-05
0.341605 0.036298 9.99821E-05 0.191941 0.149253 9.99821E-05 0.0722457 0.208458
0.428254 9.99553E-05 9.99553E-05 9.99553E-05 9.99553E-05 0.150557 9.99553E-05 0.42069
0.210388 9.99554E-05 9.99554E-05 0.234868 9.99554E-05 9.99554E-05 0.554244 9.99554E-05
9.99642E-05 9.99642E-05 0.026658 9.99642E-05 0.427557 0.474742 9.99642E-05 0.0706429
9.99643E-05 9.99643E-05 9.99643E-05 0.0168965 0.660998 0.26451 9.99643E-05 0.057196
0.106702 9.99643E-05 0.434294 9.99643E-05 9.99643E-05 9.99643E-05 0.134909 0.323695
9.99553E-05 9.99553E-05 0.0613951 0.545216 9.99553E-05 0.392889 9.99553E-05 9.99553E-05
9.99463E-05 9.99463E-05 9.99463E-05 9.99463E-05 0.632143 9.99463E-05 9.99463E-05 0.367257
0.149422 9.99644E-05 9.99644E-05 0.388866 0.279357 9.99644E-05 9.99644E-05 0.181956
0.272521 9.99732E-05 0.0497714 0.352249 9.99732E-05 0.106997 9.99732E-05 0.218161
0.566324 0.0214643 9.99645E-05 9.99645E-05 0.082001 9.99645E-05 9.99645E-05 0.32981
9.99556E-05 9.99556E-05 0.68771 9.99556E-05 0.119095 0.192695 9.99556E-05 9.99556E-05
9.99553E-05 9.99553E-05 9.99553E-05 9.99553E-05 0.0197063 0.118536 0.861258 9.99553E-05
9.99643E-05 9.99643E-05 0.070545 9.99643E-05 0.450849 0.38072 9.99643E-05 0.0974864
9.99733E-05 9.99733E-05 0.507303 0.0257615 0.150245 0.22691 9.99733E-05 0.0894805
9.99553E-05 9.99553E-05 9.99553E-05 9.99553E-05 0.350833 0.478364 0.170303 9.99553E-05
0.307865 9.99642E-05 0.129447 9.99642E-05 9.99642E-05 0.0792955 9.99642E-05 0.482992
0.277024 0.0888851 9.99645E-05 0.467979 9.99645E-05 0.165713 9.99645E-05 9.99645E-05
0.320133 9.99642E-05 9.99642E-05 9.99642E-05 0.316612 0.152328 9.99642E-05 0.210527
9.99732E-05 0.0071216 0.285913 0.0734913 0.108669 9.99732E-05 9.99732E-05 0.524506
0.00116892 9.99733E-05 9.99733E-05 0.338754 0.292421 9.99733E-05 0.209863 0.157493
9.99553E-05 9.99553E-05 9.99553E-05 9.99553E-05 9.99553E-05 0.262451 0.706894 0.0301557
0.667028 9.99642E-05 9.99642E-05 9.99642E-05 9.99642E-05 0.230258 0.0202743 0.0820394
9.99733E-05 9.99733E-05 9.99733E-05 0.0536956 0.288568 0.272534 0.00313815 0.381764
0.0422188 9.99733E-05 9.99733E-05 9.99733E-05 0.574025 0.00147161 0.254803 0.127182
0.246397 9.99464E-05 9.99464E-05 9.99464E-05 9.99464E-05 0.753003 9.99464E-05 9.99464E-05
0.239705 9.99642E-05 0.335024 0.328438 9.99642E-05 9.99642E-05 9.99642E-05 0.0964331
0.0494361 9.99643E-05 0.395292 0.372877 9.99643E-05 9.99643E-05 9.99643E-05 0.181995
0.279565 9.99643E-05 0.0112056 9.99643E-05 0.000309015 0.708521 9.99643E-05 9.99643E-05
0.110209 9.99732E-05 0.66692 9.99732E-05 9.99732E-05 0.0114517 0.0791824 0.131937
9.99642E-05 9.99642E-05 9.99642E-05 9.99642E-05 0.755933 0.0230698 0.120924 0.0996735
9.997E-05 9.997E-05 0.182922 0.418333 0.040039 0.256304 0.102102 9.997E-05
0.191586 9.99553E-05 9.99553E-05 0.757892 0.0500227 9.99553E-05 9.99553E-05 9.99553E-05
9.99554E-05 9.99554E-05 9.99554E-05 9.99554E-05 0.0012623 0.46306 9.99554E-05 0.535177
0.0312111 9.99644E-05 9.99644E-05 9.99644E-05 9.99644E-05 0.253653 0.238396 0.476341
9.99553E-05 9.99553E-05 9.99553E-05 9.99553E-05 9.99553E-05 0.357911 0.0886183 0.552971
9.99733E-05 9.99733E-05 0.390895 0.310307 9.99733E-05 0.0293489 0.22685 0.042299
0.0325891 9.99642E-05 0.416625 0.365139 9.99642E-05 0.185247 9.99642E-05 9.99642E-05
9.99553E-05 9.99553E-05 0.515557 0.00183809 9.99553E-05 9.99553E-05 9.99553E-05 0.482105
0.00523421 9.99911E-05 0.0176763 0.184173 0.03664 0.359054 0.264397 0.132725
0.210474 0.00882155 0.356903 9.99732E-05 9.99732E-05 0.275315 9.99732E-05 0.148186
9.99641E-05 9.99641E-05 9.99641E-05 0.398399 0.126888 0.13712 9.99641E-05 0.337194
9.99556E-05 9.99556E-05 9.99556E-05 9.99556E-05 0.266909 0.529354 9.99556E-05 0.203237
0.171831 9.99644E-05 0.537027 9.99644E-05 0.286165 0.00457649 9.99644E-05 9.99644E-05
0.00644365 9.99821E-05 0.0663124 0.0585719 0.110055 0.305649 9.99821E-05 0.452768
9.99556E-05 9.99556E-05 0.240254 9.99556E-05 9.99556E-05 0.135333 0.623914 9.99556E-05
9.99646E-05 9.99646E-05 9.99646E-05 0.458872 9.99646E-05 0.369161 0.125535 0.0460331
0.25387 9.99642E-05 0.599117 9.99642E-05 9.99642E-05 0.0929521 0.0536605 9.99642E-05
9.99556E-05 9.99556E-05 0.396756 0.569631 9.99556E-05 9.99556E-05 0.0331133 9.99556E-05
