9.993E-05 9.993E-05 9.993E-05 9.993E-05 9.993E-05 9.993E-05 9.993E-05 9.993E-05 0.999201
9.99376E-05 9.99376E-05 9.99376E-05 0.226178 9.99376E-05 0.773122 9.99376E-05 9.99376E-05 9.99376E-05
9.99553E-05 0.0930551 9.99553E-05 0.808554 9.99553E-05 0.0823716 9.99553E-05 0.0155194 9.99553E-05
9.99822E-05 9.99822E-05 0.0244247 0.128192 0.50731 0.130545 0.0295108 0.147947 0.0318705
9.99466E-05 9.99466E-05 9.99466E-05 9.99466E-05 0.0160908 0.691195 9.99466E-05 0.292115 9.99466E-05
0.279126 9.99732E-05 9.99732E-05 0.0271777 0.319235 9.99732E-05 0.189371 0.173254 0.0115362
0.0968904 9.99463E-05 9.99463E-05 9.99463E-05 0.711207 9.99463E-05 9.99463E-05 0.191303 9.99463E-05
0.300116 9.99643E-05 9.99643E-05 0.0870347 0.0584496 0.398467 9.99643E-05 0.155532 9.99643E-05
9.996E-05 0.165913 0.0176661 0.187313 0.14396 9.996E-05 9.996E-05 0.484749 9.996E-05
9.99554E-05 9.99554E-05 9.99554E-05 0.0744362 0.184076 0.274071 9.99554E-05 0.466917 9.99554E-05
9.99644E-05 9.99644E-05 0.0210344 0.449752 9.99644E-05 0.0687133 0.144288 0.315812 9.99644E-05
9.99374E-05 0.739166 9.99374E-05 9.99374E-05 9.99374E-05 9.99374E-05 9.99374E-05 0.260135 9.99374E-05
0.311409 9.99553E-05 9.99553E-05 0.20154 9.99553E-05 0.184366 9.99553E-05 0.302185 9.99553E-05
0.0503207 0.385661 9.99555E-05 9.99555E-05 0.123957 9.99555E-05 9.99555E-05 0.439561 9.99555E-05
9.99555E-05 9.99555E-05 0.51248 0.109112 0.0713126 9.99555E-05 0.306596 9.99555E-05 9.99555E-05
9.99376E-05 9.99376E-05 0.436401 9.99376E-05 0.5629 9.99376E-05 9.99376E-05 9.99376E-05 9.99376E-05
9.99555E-05 0.131871 0.0486931 9.99555E-05 0.312577 0.506359 9.99555E-05 9.99555E-05 9.99555E-05
9.99465E-05 9.99465E-05 9.99465E-05 9.99465E-05 0.152973 0.528947 0.31748 9.99465E-05 9.99465E-05
9.99376E-05 0.304295 9.99376E-05 9.99376E-05 9.99376E-05 9.99376E-05 9.99376E-05 0.695005 9.99376E-05
0.245767 9.99553E-05 9.99553E-05 0.488221 0.0241209 9.99553E-05 9.99553E-05 0.241392 9.99553E-05
0.311658 9.997E-05 9.997E-05 0.0185462 0.305203 0.163631 0.177014 0.0236476 9.997E-05
0.563276 0.096203 9.99555E-05 0.296598 9.99555E-05 0.0434228 9.99555E-05 9.99555E-05 9.99555E-05
0.189059 9.99465E-05 9.99465E-05 9.99465E-05 0.658146 9.99465E-05 0.152195 9.99465E-05 9.99465E-05
9.99733E-05 0.3104 0.146703 0.0843626 0.048589 0.35342 9.99733E-05 0.0562256 9.99733E-05
9.99378E-05 9.99378E-05 9.99378E-05 0.414816 9.99378E-05 0.584484 9.99378E-05 9.99378E-05 9.99378E-05
9.99464E-05 9.99464E-05 0.186301 0.423773 9.99464E-05 0.389327 9.99464E-05 9.99464E-05 9.99464E-05
0.28112 9.99465E-05 9.99465E-05 9.99465E-05 0.426333 9.99465E-05 9.99465E-05 0.291948 9.99465E-05
9.99552E-05 0.0564656 9.99552E-05 0.643665 0.181288 9.99552E-05 0.118082 9.99552E-05 9.99552E-05
0.426414 9.99642E-05 9.99642E-05 0.131961 9.99642E-05 0.111417 0.00152576 0.328282 9.99642E-05
9.99733E-05 0.287697 0.000770004 0.3307 0.208074 9.99733E-05 0.0560997 0.116359 9.99733E-05
0.52148 9.99552E-05 0.0512216 0.224871 0.201927 9.99552E-05 9.99552E-05 9.99552E-05 9.99552E-05
0.466134 9.99375E-05 9.99375E-05 9.99375E-05 0.533166 9.99375E-05 9.99375E-05 9.99375E-05 9.99375E-05
0.204776 9.99553E-05 0.309063 0.0480615 0.4376 9.99553E-05 9.99553E-05 9.99553E-05 9.99553E-05
0.152782 9.99731E-05 0.024127 9.99731E-05 0.223762 0.0584359 0.270285 0.270308 9.99731E-05
9.99642E-05 0.0212397 9.99642E-05 9.99642E-05 0.0135672 0.25443 0.440998 0.269365 9.99642E-05
0.867953 9.99377E-05 9.99377E-05 9.99377E-05 9.99377E-05 9.99377E-05 0.131348 9.99377E-05 9.99377E-05
0.0587584 9.99552E-05 0.200837 9.99552E-05 9.99552E-05 9.99552E-05 9.99552E-05 0.713334 0.0265712
0.473234 9.99552E-05 9.99552E-05 0.41961 0.0255485 9.99552E-05 9.99552E-05 0.0811086 9.99552E-05
9.99373E-05 9.99373E-05 0.00389193 9.99373E-05 9.99373E-05 9.99373E-05 0.995409 9.99373E-05 9.99373E-05
9.99643E-05 0.137514 0.260733 0.350983 0.18556 9.99643E-05 0.0648102 9.99643E-05 9.99643E-05
0.0259891 9.995E-05 9.995E-05 0.530123 9.995E-05 9.995E-05 0.135795 0.307593 9.995E-05
9.99467E-05 9.99467E-05 9.99467E-05 0.131398 0.453108 9.99467E-05 0.414895 9.99467E-05 9.99467E-05
9.99643E-05 0.00571419 0.162248 9.99643E-05 0.251565 9.99643E-05 0.339953 0.240119 9.99643E-05
0.0811521 9.99552E-05 9.99552E-05 0.0402452 0.171429 9.99552E-05 9.99552E-05 0.706674 9.99552E-05
0.11405 9.99465E-05 9.99465E-05 0.611122 9.99465E-05 9.99465E-05 9.99465E-05 0.274229 9.99465E-05
0.0867737 9.99732E-05 9.99732E-05 0.0669228 9.99732E-05 0.720856 0.0174478 0.0927833 0.0149164
9.99732E-05 0.212357 0.118991 0.314297 0.128759 0.100197 9.99732E-05 0.125099 9.99732E-05
0.180869 9.99643E-05 0.0200638 0.0857206 0.172266 9.99643E-05 0.540681 9.99643E-05 9.99643E-05
0.10457 9.99643E-05 0.224142 0.442496 9.99643E-05 0.0445592 0.183833 9.99643E-05 9.99643E-05
9.99376E-05 0.612084 0.387216 9.99376E-05 9.99376E-05 9.99376E-05 9.99376E-05 9.99376E-05 9.99376E-05
0.129954 0.0174855 9.99554E-05 0.547465 9.99554E-05 0.304596 9.99554E-05 9.99554E-05 9.99554E-05
0.258617 9.99378E-05 9.99378E-05 0.740684 9.99378E-05 9.99378E-05 9.99378E-05 9.99378E-05 9.99378E-05
0.17382 9.99643E-05 9.99643E-05 0.138257 0.370113 9.99643E-05 9.99643E-05 0.312285 0.0051243
0.248683 9.99643E-05 0.0210371 0.143672 9.99643E-05 9.99643E-05 0.402024 0.184184 9.99643E-05
0.373969 9.99466E-05 0.342969 9.99466E-05 9.99466E-05 9.99466E-05 9.99466E-05 9.99466E-05 0.282462
9.99466E-05 0.238345 9.99466E-05 9.99466E-05 9.99466E-05 9.99466E-05 0.450596 0.310459 9.99466E-05
0.0363876 9.99553E-05 9.99553E-05 0.293436 9.99553E-05 0.308608 0.361068 9.99553E-05 9.99553E-05
0.0241201 9.99596E-05 0.0589476 9.99596E-05 9.99596E-05 0.620996 9.99596E-05 0.295437 9.99596E-05
0.400739 0.210687 0.000224874 0.352216 9.99644E-05 0.0357338 9.99644E-05 9.99644E-05 9.99644E-05
9.99462E-05 0.0840794 9.99462E-05 9.99462E-05 9.99462E-05 0.705751 0.20957 9.99462E-05 9.99462E-05
0.0931168 9.99733E-05 9.99733E-05 0.511426 0.0570826 0.285753 0.0137683 0.0385525 9.99733E-05
0.189681 9.99731E-05 9.99731E-05 0.064112 0.0662697 0.491384 0.140022 0.0482312 9.99731E-05
9.99465E-05 9.99465E-05 9.99465E-05 9.99465E-05 0.284708 0.592503 9.99465E-05 0.12219 9.99465E-05
9.99463E-05 9.99463E-05 9.99463E-05 0.423868 0.413493 9.99463E-05 9.99463E-05 0.162039 9.99463E-05
9.995E-05 9.995E-05 9.995E-05 0.641496 0.0476976 0.264942 0.045365 9.995E-05 9.995E-05
0.202404 9.99465E-05 9.99465E-05 0.559197 9.99465E-05 0.2378 9.99465E-05 9.99465E-05 9.99465E-05
0.115976 0.883325 9.99376E-05 9.99376E-05 9.99376E-05 9.99376E-05 9.99376E-05 9.99376E-05 9.99376E-05
0.528973 0.199095 9.99642E-05 0.244536 9.99642E-05 0.016565 0.0104314 9.99642E-05 9.99642E-05
0.153256 0.116889 0.162119 0.371305 9.99642E-05 0.196031 9.99642E-05 9.99642E-05 9.99642E-05
9.995E-05 0.145807 9.995E-05 0.313783 0.340573 9.995E-05 0.199337 9.995E-05 9.995E-05
9.99467E-05 0.157937 9.99467E-05 0.515061 9.99467E-05 9.99467E-05 9.99467E-05 0.326402 9.99467E-05
0.536463 9.99556E-05 9.99556E-05 0.0604437 0.17669 0.225903 9.99556E-05 9.99556E-05 9.99556E-05
0.0339131 0.58616 9.99733E-05 9.99733E-05 0.0502381 9.99733E-05 0.225989 0.0930814 0.0103189
0.289415 0.246696 9.99732E-05 0.231837 0.0324779 9.99732E-05 0.189531 9.99732E-05 0.00974365
9.99466E-05 0.152677 9.99466E-05 0.0960808 0.750642 9.99466E-05 9.99466E-05 9.99466E-05 9.99466E-05
0.20523 0.140773 9.99553E-05 9.99553E-05 9.99553E-05 9.99553E-05 9.99553E-05 0.636666 0.0168323
0.252672 0.253304 9.99643E-05 0.236437 9.99643E-05 0.160898 0.0962885 9.99643E-05 9.99643E-05
0.0216094 9.99733E-05 0.00728705 0.290175 9.99733E-05 0.344036 0.0802019 0.256391 9.99733E-05
9.99642E-05 0.552955 0.178238 0.162059 9.99642E-05 9.99642E-05 0.0794459 0.0269027 9.99642E-05
0.0217661 9.99644E-05 9.99644E-05 9.99644E-05 0.117009 0.26955 0.460528 0.130747 9.99644E-05
0.212553 9.99553E-05 9.99553E-05 0.445545 0.25067 9.99553E-05 0.0907326 9.99553E-05 9.99553E-05
9.99553E-05 0.0620891 0.219323 0.318411 9.99553E-05 0.399678 9.99553E-05 9.99553E-05 9.99553E-05
9.99374E-05 9.99374E-05 0.349103 9.99374E-05 0.650197 9.99374E-05 9.99374E-05 9.99374E-05 9.99374E-05
0.408114 9.99554E-05 9.99554E-05 0.389892 0.14741 0.0540842 9.99554E-05 9.99554E-05 9.99554E-05
0.0251757 0.0680933 9.99552E-05 0.162212 9.99552E-05 9.99552E-05 9.99552E-05 9.99552E-05 0.744019
9.99643E-05 9.99643E-05 0.0206533 0.322727 9.99643E-05 0.134789 0.244023 0.277408 9.99643E-05
0.0320265 9.99552E-05 0.356855 9.99552E-05 0.26659 9.99552E-05 0.344028 9.99552E-05 9.99552E-05
0.142308 0.0123095 9.99644E-05 0.144019 9.99644E-05 0.189722 0.511243 9.99644E-05 9.99644E-05
0.613053 9.99464E-05 9.99464E-05 9.99464E-05 9.99464E-05 9.99464E-05 0.00113214 0.385215 9.99464E-05
9.99556E-05 9.99556E-05 0.130424 0.293034 9.99556E-05 9.99556E-05 0.440293 0.135749 9.99556E-05
0.271682 9.99463E-05 9.99463E-05 0.580519 0.147199 9.99463E-05 9.99463E-05 9.99463E-05 9.99463E-05
9.99466E-05 9.99466E-05 9.99466E-05 9.99466E-05 0.189781 0.0526215 9.99466E-05 0.756998 9.99466E-05
9.99552E-05 9.99552E-05 0.104598 0.0852031 0.440641 9.99552E-05 0.369059 9.99552E-05 9.99552E-05
9.99644E-05 9.99644E-05 0.0684547 0.423444 0.128222 0.162546 9.99644E-05 0.216933 9.99644E-05
9.99467E-05 0.297723 9.99467E-05 0.689174 9.99467E-05 9.99467E-05 0.0125036 9.99467E-05 9.99467E-05
9.99642E-05 0.390444 9.99642E-05 0.232756 0.0350612 9.99642E-05 0.0966334 0.244706 9.99642E-05
9.99643E-05 9.99643E-05 9.99643E-05 0.447247 0.099655 0.369893 0.0781052 0.00469991 9.99643E-05
9.995E-05 0.216002 9.995E-05 0.133126 0.119731 9.995E-05 0.530641 9.995E-05 9.995E-05
0.182582 9.996E-05 9.996E-05 0.114972 0.0895146 9.996E-05 0.204839 0.407692 9.996E-05
0.358958 0.0307422 0.139927 9.99643E-05 0.416576 9.99643E-05 9.99643E-05 0.0533969 9.99643E-05
0.00709743 9.99466E-05 0.44561 0.546693 9.99466E-05 9.99466E-05 9.99466E-05 9.99466E-05 9.99466E-05
9.99465E-05 9.99465E-05 9.99465E-05 0.545664 9.99465E-05 9.99465E-05 0.309696 0.14404 9.99465E-05
0.242951 9.996E-05 0.130556 9.996E-05 0.237933 9.996E-05 0.190833 0.197326 9.996E-05
0.154606 0.365263 9.99911E-05 0.0313093 0.104499 0.059253 0.076281 0.205607 0.00308218
0.130356 0.388535 0.221615 9.99643E-05 0.071793 9.99643E-05 9.99643E-05 0.187301 9.99643E-05
0.470215 9.99642E-05 0.0946085 0.0715196 9.99642E-05 0.0879837 0.275273 9.99642E-05 9.99642E-05
0.649405 0.133529 9.99464E-05 9.99464E-05 9.99464E-05 0.216466 9.99464E-05 9.99464E-05 9.99464E-05
0.452483 0.147308 9.99642E-05 0.0893548 9.99642E-05 0.0408668 0.269587 9.99642E-05 9.99642E-05
0.332462 0.394882 9.995E-05 9.995E-05 9.995E-05 0.132009 9.995E-05 0.140147 9.995E-05
0.130977 9.99553E-05 9.99553E-05 9.99553E-05 0.81391 9.99553E-05 9.99553E-05 0.0435013 0.0111124
0.54054 9.99464E-05 9.99464E-05 9.99464E-05 9.99464E-05 0.303825 9.99464E-05 0.155035 9.99464E-05
9.99463E-05 9.99463E-05 9.99463E-05 0.223213 0.618763 9.99463E-05 9.99463E-05 0.157424 9.99463E-05
9.99554E-05 9.99554E-05 0.00756984 0.0581059 0.373065 9.99554E-05 9.99554E-05 0.560759 9.99554E-05
0.162947 9.99555E-05 9.99555E-05 0.0720276 0.228959 0.535566 9.99555E-05 9.99555E-05 9.99555E-05
9.995E-05 9.995E-05 0.0893706 0.407977 9.995E-05 9.995E-05 0.398431 0.103721 9.995E-05
9.99553E-05 0.227199 9.99553E-05 9.99553E-05 0.146817 0.0210935 9.99553E-05 0.604391 9.99553E-05
0.0479994 9.99554E-05 9.99554E-05 9.99554E-05 9.99554E-05 0.128873 0.221031 0.601597 9.99554E-05
9.99464E-05 9.99464E-05 9.99464E-05 0.265013 0.36913 9.99464E-05 0.365258 9.99464E-05 9.99464E-05
0.111845 0.0208469 9.99557E-05 9.99557E-05 9.99557E-05 9.99557E-05 0.320099 0.546709 9.99557E-05
9.99376E-05 9.99376E-05 9.99376E-05 0.304784 9.99376E-05 9.99376E-05 0.694516 9.99376E-05 9.99376E-05
9.99375E-05 0.981056 9.99375E-05 9.99375E-05 9.99375E-05 9.99375E-05 0.0182445 9.99375E-05 9.99375E-05
9.99731E-05 0.199448 0.16369 0.184561 0.334917 9.99731E-05 0.01766 0.0994244 9.99731E-05
9.99465E-05 0.546659 9.99465E-05 0.120347 9.99465E-05 9.99465E-05 0.332394 9.99465E-05 9.99465E-05
9.99553E-05 0.284322 9.99553E-05 9.99553E-05 0.544281 9.99553E-05 0.123902 0.0469944 9.99553E-05
9.99465E-05 0.416453 9.99465E-05 9.99465E-05 0.558141 9.99465E-05 0.0248062 9.99465E-05 9.99465E-05
9.99468E-05 9.99468E-05 9.99468E-05 0.32316 9.99468E-05 9.99468E-05 0.663069 9.99468E-05 0.0131718
0.0186567 0.269847 9.99642E-05 9.99642E-05 0.368304 0.167413 9.99642E-05 0.17538 9.99642E-05
9.99732E-05 0.104108 0.000370476 0.17602 0.509469 0.188267 9.99732E-05 9.99732E-05 0.021465
0.488188 9.99467E-05 9.99467E-05 9.99467E-05 9.99467E-05 0.291502 9.99467E-05 0.219709 9.99467E-05
0.0338246 0.237924 0.572859 9.99643E-05 9.99643E-05 9.99643E-05 0.041203 0.113789 9.99643E-05
0.434262 0.27759 9.995E-05 9.995E-05 0.202471 9.995E-05 9.995E-05 0.0851769 9.995E-05
9.99465E-05 9.99465E-05 0.150009 9.99465E-05 0.616867 9.99465E-05 9.99465E-05 0.232524 9.99465E-05
9.99554E-05 0.293204 9.99554E-05 0.0930356 0.508942 9.99554E-05 9.99554E-05 0.104319 9.99554E-05
0.350104 9.99463E-05 9.99463E-05 9.99463E-05 0.0736489 9.99463E-05 0.575647 9.99463E-05 9.99463E-05
0.0133051 9.99553E-05 9.99553E-05 0.126017 0.0119927 0.848186 9.99553E-05 9.99553E-05 9.99553E-05
9.99554E-05 9.99554E-05 9.99554E-05 0.499357 9.99554E-05 0.407872 0.0717978 0.0204732 9.99554E-05
0.0273071 0.131773 0.190029 0.22917 0.421321 9.996E-05 9.996E-05 9.996E-05 9.996E-05
0.11312 9.99555E-05 9.99555E-05 0.56879 0.130155 0.187435 9.99555E-05 9.99555E-05 9.99555E-05
9.99553E-05 9.99553E-05 0.228273 9.99553E-05 0.353787 0.050758 9.99553E-05 0.366683 9.99553E-05
9.995E-05 9.995E-05 0.23172 0.580991 0.0902946 9.995E-05 0.0964946 9.995E-05 9.995E-05
0.140523 9.99642E-05 0.373307 0.341627 0.0915429 9.99642E-05 9.99642E-05 0.0526 9.99642E-05
9.99376E-05 9.99376E-05 9.99376E-05 9.99376E-05 0.853088 9.99376E-05 0.146212 9.99376E-05 9.99376E-05
9.99465E-05 0.493194 9.99465E-05 9.99465E-05 0.275129 0.231077 9.99465E-05 9.99465E-05 9.99465E-05
0.141712 0.241257 9.99733E-05 9.99733E-05 0.426156 0.108245 0.0145972 0.0677327 9.99733E-05
9.996E-05 0.123788 0.287935 0.137345 9.996E-05 0.272667 0.177865 9.996E-05 9.996E-05
0.0765603 9.996E-05 0.0756483 0.599391 9.996E-05 0.199471 9.996E-05 0.0485292 9.996E-05
0.0218155 9.99553E-05 9.99553E-05 0.290171 0.132182 0.555332 9.99553E-05 9.99553E-05 9.99553E-05
0.150024 9.99732E-05 0.290925 0.0842215 9.99732E-05 0.191943 0.0246184 0.257968 9.99732E-05
9.99464E-05 9.99464E-05 9.99464E-05 0.588174 0.372429 9.99464E-05 0.038797 9.99464E-05 9.99464E-05
9.99553E-05 9.99553E-05 9.99553E-05 0.0390998 0.5835 0.167106 9.99553E-05 0.209794 9.99553E-05
9.99466E-05 9.99466E-05 9.99466E-05 9.99466E-05 0.673022 9.99466E-05 0.138144 0.188235 9.99466E-05
0.191578 9.99467E-05 9.99467E-05 0.762753 0.0450689 9.99467E-05 9.99467E-05 9.99467E-05 9.99467E-05
9.99463E-05 0.0435261 9.99463E-05 9.99463E-05 0.746194 0.20968 9.99463E-05 9.99463E-05 9.99463E-05
0.504973 9.99465E-05 0.393565 9.99465E-05 9.99465E-05 0.100862 9.99465E-05 9.99465E-05 9.99465E-05
9.993E-05 9.993E-05 0.999201 9.993E-05 9.993E-05 9.993E-05 9.993E-05 9.993E-05 9.993E-05
0.494902 9.99552E-05 9.99552E-05 0.292797 0.00475286 0.207048 9.99552E-05 9.99552E-05 9.99552E-05
9.99553E-05 9.99553E-05 0.614405 0.190931 9.99553E-05 0.0995455 9.99553E-05 0.0946182 9.99553E-05
