	A01	A02	A03	A04	A05	A06	A07	A07a	A08	A09	A10	A10a	A11	A12	A13	A14	A15	A16	A17	A18	A19	A20	A21	A22	A23	A24	A25	A26	A27	A28	A28a	A29	A30	A31	A32	A33	A34	A35	A36	A37	A38	A39	A40	A41	A42	A43	A44	A45	A46	A47	A48	A49	A50	A51	A51a	A52	A53	A54	A55	A56	A57	A58	G01	G02	G08	G05a	G09	G13b	G100a	G13a	G20	G21	G21a	G23	G24	G25	G26	G26a	G27	G28	G29	G30	G31	G32	G35	G37	G39	G40	G45	G46	G47	G48	G49	G50	E01	G16	E03	E04	E09	N03	N10	Nroth	N05	C08	G03	Gzim
A01	0	0.171441373	0.491611664	0.743987453	0.910384918	0.752374118	1.190779595	1.311506912	3.966528436	4.167138622	4.309312992	4.324561524	4.342140874	4.464469711	4.727379344	4.831550708	4.918984421	4.11901635	4.011637473	3.851855736	3.30373806	3.557623052	3.767399922	3.689112563	4.345828517	4.369999909	5.349079017	7.696223509	6.981170812	6.824699982	6.731339572	6.932222467	6.357268117	7.120281247	7.093774582	5.726241396	4.991669109	5.618895506	3.570081306	3.594510808	4.818713143	5.705880146	4.475915984	4.439157627	4.532781102	4.079174922	6.209125002	7.272068118	7.371435109	4.226363491	2.343357285	4.060240271	4.031601429	3.550536346	3.899656096	3.21746895	2.305548167	1.385036189	2.812975892	0.794590891	1.14808324	0.981276716	5.953614791	6.929643951	1.232187107	0.835605203	1.478206278	0.706338953	6.225944381	0	6.027787258	4.796905967	4.212793245	5.196749235	5.845481068	5.658266284	5.300480369	6.355362373	4.522545869	4.811710963	5.172378643	4.249966555	4.012922551	4.023973221	3.204994327	3.262849144	3.34666512	3.282395717	1.713630771	3.334654217	3.441570245	1.212079221	1.230768288	1.647372345	7.371435109	6.027787258	NA	NA	NA	NA	NA	NA	NA	NA	NA	NA
A02	0.171441373	0	0.371918777	0.56715966	0.665037261	0.879681763	1.028379318	1.188034161	3.63978063	3.705523183	3.804907049	3.828706209	3.823569109	4.006289464	4.16046023	4.285311483	4.385209507	3.749147414	3.680131295	3.584123375	3.13878751	3.325354589	3.399559051	3.307974849	3.841963399	4.170000719	6.7821207	7.643127882	6.211933476	6.231484462	6.142666375	5.828030184	5.015537604	5.866049981	5.699589551	5.003142659	5.348911027	4.716500804	3.902598866	3.996860726	4.745566425	5.411989989	4.113267856	4.073621406	4.371040049	4.115426766	5.927188651	6.575369078	6.829016919	4.74314492	3.570823541	4.538328699	4.514191676	4.350740121	4.404218734	4.305444678	3.553578568	1.836542459	3.965598201	1.043409864	1.355600371	1.226232339	7.002853458	7.441023026	1.423872824	1.251953854	1.963277069	1.506845483	5.67493824	0.238527168	5.935059403	4.463617344	4.515934735	4.585347057	4.823018747	4.950936626	4.467387246	5.060007574	5.69930383	4.079549045	4.957370986	4.690694189	4.498877279	3.95376779	3.073061803	3.051405628	3.124934532	2.936382934	1.443589841	3.198394349	3.38225451	1.035843273	1.396720958	1.505332352	6.829016919	5.935059403	NA	NA	NA	NA	NA	NA	NA	NA	NA	NA
A03	0.491611664	0.371918777	0	0.255569936	0.339743785	0.453321377	0.647413314	0.859796708	3.425048862	3.578046633	3.688009879	3.707837122	3.703767626	3.787606044	4.015435002	4.156729151	4.246281903	3.588412932	3.485788469	3.355727899	3.027736796	3.163606428	3.217331111	3.106211764	3.603814708	4.111670968	7.091319169	7.257521281	5.817749954	5.758593667	5.674231806	5.682250758	4.704230771	5.653222056	5.27519446	5.003838391	5.511891546	4.54457029	3.640823194	3.587404285	4.463584621	5.225100648	3.942360889	3.895122445	4.192409538	3.601492075	6.159298685	6.397425691	6.533117919	4.883700514	4.633012663	4.719240544	4.67722249	4.514380312	4.600404255	4.518965166	4.394383741	3.309968882	4.506834624	2.051366711	2.199213822	2.064569678	6.768658798	7.195680627	2.135759731	2.284510158	3.377981192	1.175406144	5.256281018	0.592007764	5.805568455	4.199615134	4.39296479	4.278568026	4.503412447	4.541260846	4.440267421	4.735422815	5.340071827	3.738716081	4.593407692	4.337420017	4.149869476	3.756098703	2.900511993	2.907741922	2.852289526	2.719977316	1.253062766	2.795894714	3.104692743	0.585387685	0.93630792	1.142061828	6.533117919	5.805568455	NA	NA	NA	NA	NA	NA	NA	NA	NA	NA
A04	0.743987453	0.56715966	0.255569936	0	0.053745215	0.288795938	0.318020175	0.417118298	2.86165365	3.052585043	3.161902355	3.176294867	3.158603344	3.311504862	3.492486212	3.629828191	3.721159292	3.147022912	2.976665027	2.982296859	2.835450023	2.793490031	2.734859334	2.55315879	2.955537196	4.040678961	6.699716064	5.806193125	5.143040774	5.24913777	5.166270578	5.193936948	5.310617157	5.114488483	5.722126466	5.021983972	4.951115197	3.858685888	2.961393017	3.148069355	4.090403072	4.88168171	3.426308124	3.380791294	3.78758384	3.191781016	6.106299509	6.208275136	5.983062752	5.112001033	5.074535608	4.94861562	4.906138673	4.754203639	4.848398356	4.761046077	4.818482827	3.761497076	4.713066856	2.499306356	2.673321357	2.518019857	6.765601893	7.16741361	2.438172045	2.824848774	3.943561147	1.414380666	5.119281623	0.663280561	5.006101216	4.068839159	4.536413086	4.602238402	4.467854913	4.043558552	4.935741621	5.250550371	4.122031912	2.629051693	3.92323819	3.891433452	3.589813735	3.251607345	2.663705656	2.578021626	2.381348569	2.17095952	1.000828995	2.259126416	2.672491633	0.31002719	0.651110296	0.882060002	5.983062752	5.006101216	NA	NA	NA	NA	NA	NA	NA	NA	NA	NA
A05	0.910384918	0.665037261	0.339743785	0.053745215	0	0.081969367	0.1792289	0.374300624	2.807856112	3.027095173	3.161460647	3.182921077	3.168352087	3.325595715	3.545311869	3.689943994	3.784607341	3.143585326	2.933908156	2.977717559	2.611773326	2.632180277	2.481143149	2.433138418	2.832830347	3.888056195	6.325296653	5.39153819	5.403026217	5.51719878	5.436244244	5.606374709	5.263267543	5.855803817	5.780605141	4.850506449	4.610672075	3.604846108	2.905014229	3.118233781	4.042916724	4.849561617	3.369691716	3.32655757	3.769818875	3.677362278	5.765090759	6.178176684	5.727719936	5.335368926	5.226095816	5.168663324	5.134079972	4.983580445	5.074694152	4.986633287	4.967870792	4.394924545	4.917473465	3.241250283	3.124706496	2.946578861	6.620963246	7.002001614	2.883809045	3.82987542	4.686072378	1.98694007	5.11334934	1.459883773	4.583487972	4.455006758	4.509057746	4.930867009	5.017901418	3.844497819	4.924595699	5.348054981	4.045694609	2.558180722	3.737398442	3.869499894	3.53866047	2.911009566	2.456384129	2.436232831	2.340575715	2.117083358	0.824391513	2.2249453	2.680350494	0.169212057	0.383166567	0.631181654	5.727719936	4.583487972	NA	NA	NA	NA	NA	NA	NA	NA	NA	NA
A06	0.752374118	0.879681763	0.453321377	0.288795938	0.081969367	0	0.177735913	0.221142646	2.628692105	2.840773343	2.965528026	2.98526677	2.964138968	3.122342393	3.329286894	3.471439887	3.559883078	2.975940285	2.77690316	2.702412281	2.570998179	2.534265593	2.339461559	2.34379043	2.672414348	3.694021851	5.798127801	5.762355039	6.021676496	6.135980979	6.06200359	5.903130186	4.550829015	5.833939854	5.286943963	4.334714861	3.789375925	3.069874953	2.749536362	2.96322721	3.932267698	4.787381731	3.24109698	3.194320559	3.662879301	3.269019191	5.650524568	6.505611472	5.882292807	5.43529997	5.252309289	5.268909602	5.232667657	5.058753031	5.187056422	5.055763785	4.993162545	4.5177527	4.97238768	3.374100204	3.200784553	3.026431151	6.730711132	7.094941219	2.916597557	3.908352522	4.785302955	1.650029366	4.532508736	1.476994473	4.516484167	4.979470032	4.467339697	5.114755757	5.223146352	3.360295709	4.344320191	4.893024342	3.328975572	2.357646811	3.214426555	3.638703726	3.306368507	2.9405952	2.460095728	2.366015172	2.247289026	1.924811996	0.767387069	2.046946024	2.611049878	0.171021346	0.343111247	0.582297099	5.882292807	4.516484167	NA	NA	NA	NA	NA	NA	NA	NA	NA	NA
A07	1.190779595	1.028379318	0.647413314	0.318020175	0.1792289	0.177735913	0	0.083309412	2.522869483	2.814067094	2.924519016	2.957934607	2.91303831	3.067640688	3.129212691	3.263414196	3.332806404	3.021275461	2.88524593	2.2372845	2.720756443	2.4306137	2.176627107	2.167274694	2.500912891	3.048751598	6.856947377	6.294458467	4.782647408	4.826405697	4.752662464	4.497015977	2.847473156	4.378470832	3.225372406	2.860736914	2.930314037	2.143690546	2.945468628	2.918111206	4.208057978	5.076716535	3.540733953	3.496489277	3.902380124	2.829908741	5.866402353	6.077164504	6.153936702	5.507807177	5.408522453	5.353292895	5.31863324	5.173914293	5.261471843	5.174100559	5.164459402	4.449282096	5.100633959	3.044903289	3.128811386	2.943723978	6.84676971	7.232119999	2.828843948	3.771379533	4.760818054	1.813718382	3.980147656	1.389724773	4.674731894	4.065796638	3.500964018	3.887504513	3.939029561	2.500790547	2.722524648	3.24080182	2.498530266	2.880224106	2.484626082	3.746434704	3.516288603	2.957927036	2.638762716	2.343273017	2.13191934	1.747733156	0.305743269	1.840205353	2.214211472	0.00899352	0.398965343	0.440984004	6.153936702	4.674731894	NA	NA	NA	NA	NA	NA	NA	NA	NA	NA
A07a	1.311506912	1.188034161	0.859796708	0.417118298	0.374300624	0.221142646	0.083309412	0	1.892235763	1.977920505	2.023390535	2.037840071	2.005165934	2.111886934	2.131146174	2.519799402	2.589431398	2.13656046	2.058165899	1.921274412	2.519432289	2.07843087	1.960813562	2.032526055	2.813087043	2.837010024	6.096352792	3.966269646	3.458787117	3.172373434	3.136461227	2.858456805	2.299064633	2.980262788	2.632343703	3.059693265	3.05027603	2.209474195	2.165116467	2.309102941	3.676653597	4.574645808	2.782302923	2.762136967	3.384221546	2.924403765	4.570730386	6.093571068	5.868016324	5.708704639	5.511610131	5.502027919	5.461657251	5.240738471	5.369682889	5.219093202	5.243452566	4.793159849	5.201870607	3.271426052	3.273963053	3.101590205	6.852379729	7.06074313	2.95703229	4.050773594	5.061928449	2.695003007	3.4749467	1.452386461	3.424380941	3.344248243	3.026374531	2.801276049	2.666014054	2.594307054	2.196642382	2.451258384	2.639577816	3.265886346	2.315819157	3.115855901	2.770009941	2.444731996	2.396018839	2.120464979	2.110980838	1.481165819	0.060790531	1.769511551	2.174935074	0.112178429	0	0.100228792	5.868016324	3.424380941	NA	NA	NA	NA	NA	NA	NA	NA	NA	NA
A08	3.966528436	3.63978063	3.425048862	2.86165365	2.807856112	2.628692105	2.522869483	1.892235763	0	0	0	0	0.060958215	0	0.112900209	0.029590949	0.091950237	0.001044357	0	0.035686286	0.347280142	0.551933185	0.351401426	0.309986079	0.292252457	0.426163503	1.538660455	1.016542261	0.783772747	0.954912378	0.879139465	1.015876956	0.938536469	1.254006317	1.274901759	0.882443162	0.599392894	0.108910301	0.054498965	0.216686681	1.071512906	1.736195904	0.47114134	0.436636522	0.57640217	0.970358804	2.440180553	1.83311924	2.380881578	3.791212238	4.686073571	3.883437646	3.702744129	4.159810366	3.783618498	4.171216316	5.004968635	5.627813259	4.868056569	6.029832031	5.735136352	5.702324152	3.162575739	2.835325468	5.585469853	5.883575626	5.746725807	5.142563395	2.615191556	4.314771969	1.901114841	0.743165584	0.931890305	0.319977953	0.063517479	0.798895087	0.634516882	0.723161805	0.217490605	1.424037849	0.178025169	1.006898224	0.631271587	0.378086879	0.918368205	0.468142483	0.22138194	0.693641172	1.899190771	0.160005356	0.010254783	2.268971914	2.2082158	1.548225448	2.380881578	1.901114841	NA	NA	NA	NA	NA	NA	NA	NA	NA	NA
A09	4.167138622	3.705523183	3.578046633	3.052585043	3.027095173	2.840773343	2.814067094	1.977920505	0	0	0	0	0.014411905	0	0.094161388	0.019591694	0.110678666	0	0	0.054364806	0.258275243	0.180144721	0.263424379	0.214334048	0.255026988	0.349221498	1.263298927	0.635825904	0.99157329	1.351282696	1.142370346	1.484965109	0.772389202	1.223681673	0.801245665	0.592118698	0.51719243	0.187007345	0.061659449	0.242117977	1.159762352	1.712174508	0.471272198	0.42458502	0.622136257	0.877386149	2.385566311	2.965382114	2.490244581	3.798183777	4.678162004	3.784049721	3.974911079	4.207122575	4.037846673	4.159221634	4.964426545	5.617758764	4.833302099	6.0964721	5.82601398	5.734630089	2.690666778	3.175695105	5.548323031	5.919174465	5.71761293	5.291464447	2.55677386	4.488451738	1.936758986	0.330453711	0.897593566	0.346689301	0.100816914	0.815424586	0.814660641	0.823374794	0.209668962	1.465029461	0.095534176	1.067568886	0.644308713	0.38117799	0.398023791	0.348872781	0.441714658	0.883685525	1.982256946	0.16	0.066030064	2.561397846	2.460119719	1.818201946	2.490244581	1.936758986	NA	NA	NA	NA	NA	NA	NA	NA	NA	NA
A10	4.309312992	3.804907049	3.688009879	3.161902355	3.161460647	2.965528026	2.924519016	2.023390535	0	0	0	0	0.018879331	0	0.095338256	0.019853256	0.107354617	0	0	0.064371074	0.352767606	0.173157262	0.234372572	0.199407679	0.242000236	0.289404792	1.213670508	0.589683845	1.120538344	1.514440112	1.430860669	1.497701023	0.468813517	1.053944973	0.651944517	0.547311206	0.481388014	0.364458645	0.050592429	0.260199719	1.224604364	1.744316266	0.526585442	0.449197345	0.617794585	0.940357564	2.478402969	2.999196791	2.73176158	3.813054841	4.690782301	3.884880048	3.972424053	4.144881936	3.874937765	4.19728146	4.97468881	5.647253883	4.823551619	6.124735766	5.86880161	5.754462931	2.463749369	3.326085888	5.603684025	5.926488296	5.757773348	5.399864941	2.777171022	4.601287498	1.967707634	0.32014535	0.681089698	0.345777681	0.141862082	0.801428093	0.795327031	0.710493865	0.193048627	1.446220535	0.166135055	1.06354138	0.628517822	0.41183821	0.371793066	0.362105868	0.44185945	0.991940698	2.019800452	0.17001514	0.077533305	2.686198378	2.528003215	1.855329675	2.73176158	1.967707634	NA	NA	NA	NA	NA	NA	NA	NA	NA	NA
A10a	4.324561524	3.828706209	3.707837122	3.176294867	3.182921077	2.98526677	2.957934607	2.037840071	0	0	0	0	0.021834828	0	0.084344361	0.019892005	0.108454051	0	0	0.068454034	0.439349174	0.16896753	0.218886324	0.186873626	0.241163744	0.272149341	1.193006547	0.651364785	1.289273809	1.512622032	1.439341653	1.48890231	0.369402961	1.001587381	0.652970948	0.574117165	0.460904586	0.476035276	0.050980669	0.262325335	1.208071994	1.753233524	0.509556238	0.503788892	0.64643717	0.880392547	2.520099903	2.92045804	2.759187279	3.784161731	4.714588826	3.731721355	3.875848745	4.30057358	4.069303866	4.249766209	4.961822874	5.627770819	4.833220105	6.112655598	5.817044405	5.782702267	2.512519641	3.364549604	5.587488329	5.932016619	5.717620816	5.428270774	2.892485054	4.626677247	1.875154814	0.310056745	0.518046783	0.355468128	0.17130557	0.799848812	0.71822746	0.657288809	0.227863036	1.474657105	0.109081931	1.044619457	0.619106088	0.42725945	0.388282123	0.282230532	0.441541697	1.03481363	2.039210604	0.1600007	0.087825508	2.708910903	2.550777373	1.86820225	2.759187279	1.875154814	NA	NA	NA	NA	NA	NA	NA	NA	NA	NA
A11	4.342140874	3.823569109	3.703767626	3.158603344	3.168352087	2.964138968	2.91303831	2.005165934	0.060958215	0.014411905	0.018879331	0.021834828	0	0.036141616	0.359724178	0.055510484	0.15005073	0.02171223	0.018809325	0.064747943	0.156276978	0.237669211	0.288304889	0.23788702	0.263247789	0.410581974	1.247118335	0.629833399	1.052876536	1.411417351	1.284959737	1.498521168	0.726919321	1.196792461	0.757812821	0.584329073	0.505136843	0.366096869	0.069855076	0.277509483	1.249134966	1.78394883	0.552417855	0.499151375	0.669521679	1.574527573	2.405211356	2.966257563	2.401215902	4.431793103	5.522814076	4.272927387	4.341352389	4.791268843	4.513316841	4.822714048	5.662971902	5.814492477	5.376261654	6.590026432	6.275687274	6.193241808	2.928048406	3.106223063	6.005481729	6.461239179	6.245502037	5.498814061	2.532463191	4.694118578	1.895750106	0.344866551	0.912000049	0.361098815	0.131968314	0.819330889	0.838957762	0.824804822	0.224404581	1.466096866	0.104208315	1.083014891	0.647087275	0.33938369	0.539826023	0.339247144	0.268280518	1.056304844	1.983654858	0.431094454	0.020520568	2.674886432	2.513552958	1.829003015	2.401215902	1.895750106	NA	NA	NA	NA	NA	NA	NA	NA	NA	NA
A12	4.464469711	4.006289464	3.787606044	3.311504862	3.325595715	3.122342393	3.067640688	2.111886934	0	0	0	0	0.036141616	0	0.057544408	0.021583611	0.117207036	0	0	0.095984474	0.692627034	0.181926526	0.195433604	0.184890505	0.212348565	0.346714893	1.129220945	0.838634074	1.447627536	1.521509054	1.476203162	1.12214332	0.315832044	0.571747596	0.61805432	0.46750039	0.475277439	0.856177293	0.04026103	0.250375854	1.136608106	1.825120128	0.484752066	0.462871803	0.662913212	0.911116171	2.486004527	2.795061509	3.137085723	3.575989623	4.765692736	3.477197452	3.488456401	4.181961059	3.683268445	4.268566204	4.888088546	5.607625873	4.792280875	6.088148518	5.840108909	5.754839124	3.06730168	2.984275315	5.603717302	5.932866556	5.658800166	5.5902734	2.962602762	4.785858039	1.85263525	0.210106384	0.493499417	0.363970003	0.277974454	0.783436204	0.265040456	0.244929874	0.144653842	1.579017651	0.345943528	1.042758607	0.585720265	0.259628877	0.498405556	0.1558237	0.420803589	1.143917872	2.158872461	0.150025332	0.112565712	2.856228018	2.672481216	2.001233527	3.137085723	1.85263525	NA	NA	NA	NA	NA	NA	NA	NA	NA	NA
A13	4.727379344	4.16046023	4.015435002	3.492486212	3.545311869	3.329286894	3.129212691	2.131146174	0.112900209	0.094161388	0.095338256	0.084344361	0.359724178	0.057544408	0	0.123161673	0.223846941	0.067044746	0.06359631	0.158823019	0.726669098	0.242481059	0.263348852	0.240431353	0.262121817	0.463941129	1.161963312	1.153327673	1.458632027	1.345048966	1.410099088	0.966885682	0.359983939	0.604917986	0.673350822	0.555051347	0.896046066	1.255045253	0.123850089	0.37723223	1.34940028	1.944493773	0.571608348	0.567383464	0.769869463	1.270431047	2.348301356	2.833820441	3.304901027	3.956187486	4.957346005	3.995047641	3.78806779	4.282609401	3.89457551	4.263635861	5.197698016	6.099141325	5.070143109	6.564322406	6.495051524	6.475713382	3.067517723	3.040542723	6.443879282	6.379222803	6.13538401	5.863992097	3.030332273	5.072063079	1.933582725	0.18469505	0.455994719	0.447954251	0.396291252	0.794514398	0.248276968	0.248577952	0.169055738	1.670913352	0.786469945	1.156016549	0.72427235	0.385075868	0.532316317	0.269811176	0.391322288	1.433365756	2.208833627	0.272821389	0.165677667	2.963389901	2.802444983	2.023504453	3.304901027	1.933582725	NA	NA	NA	NA	NA	NA	NA	NA	NA	NA
A14	4.831550708	4.285311483	4.156729151	3.629828191	3.689943994	3.471439887	3.263414196	2.519799402	0.029590949	0.019591694	0.019853256	0.019892005	0.055510484	0.021583611	0.123161673	0	0.088246958	0.044125265	0.034426569	0.113860348	0.870789565	0.21074438	0.214931306	0.227992755	0.401101729	0.630722602	1.176583997	0.926016323	0.8535554	1.015371882	0.896014164	0.850085516	0.634866827	0.809794342	1.032540923	1.423566652	1.651112322	1.597858494	0.096519911	0.351757346	1.814781897	2.088276532	0.639419262	0.644832796	0.868112636	1.666370248	1.400538973	2.241033785	2.650706914	3.390891354	3.204241827	3.100579905	2.92685058	2.978934849	2.855486442	2.889570519	3.648000019	4.097731575	3.39602149	5.640018625	5.415630686	5.277707375	2.913561101	3.223333907	5.295884244	5.4999299	4.350613348	5.779437357	3.525227604	4.970373032	1.366247631	0.107657815	0.294129734	0.812873952	0.674062358	0.485087973	0.374140325	0.400173618	0.840579331	1.467893181	1.461667194	0.940038713	0.613372029	0.680045705	0.22157813	0.332896034	0.05875082	1.288862591	2.399052548	0.313942998	0.317299142	3.128395036	2.984695073	2.290206671	2.650706914	1.366247631	NA	NA	NA	NA	NA	NA	NA	NA	NA	NA
A15	4.918984421	4.385209507	4.246281903	3.721159292	3.784607341	3.559883078	3.332806404	2.589431398	0.091950237	0.110678666	0.107354617	0.108454051	0.15005073	0.117207036	0.223846941	0.088246958	0	0.036254549	0.040445548	0.127256323	0.893925835	0.201313287	0.245921049	0.226566659	0.441061927	0.712328039	1.144763144	0.841192087	0.968218233	1.111811528	1.058145214	0.914329823	0.739405917	0.890512738	1.269986827	1.835146782	1.670552204	1.527329601	0.103120103	0.387361029	1.749882309	1.996540234	0.615586988	0.613306121	0.772482279	2.00749845	1.132381856	1.977889805	2.574411672	3.737012168	3.161047271	3.443939674	3.073220678	2.995483044	3.011944603	2.856235694	3.475079439	4.029090349	3.283019173	5.652141288	5.429943931	5.185456898	2.770513859	3.307135952	5.295493873	5.467018859	4.24347036	5.826585459	3.576282811	5.020106191	1.364791658	0.050615951	0.279190596	1.036191447	0.619694652	0.480453722	0.428868789	0.469310563	1.001609698	1.485141699	1.487756501	0.93204256	0.615845679	0.674956143	0.212098542	0.362272168	0.096101558	1.333940932	2.417294444	0.305876312	0.321787415	3.214060246	3.068711526	2.364060988	2.574411672	1.364791658	NA	NA	NA	NA	NA	NA	NA	NA	NA	NA
A16	4.11901635	3.749147414	3.588412932	3.147022912	3.143585326	2.975940285	3.021275461	2.13656046	0.001044357	0	0	0	0.02171223	0	0.067044746	0.044125265	0.036254549	0	0.010246185	0.098990372	0.820963579	0.175703624	0.219314297	0.198695539	0.498156195	0.770539599	1.295720962	1.012621965	0.800700058	0.904815115	0.833347741	0.700118312	0.457148641	0.685429951	0.830607784	1.249409843	1.543320205	1.564397018	0.038692143	0.274825808	1.142129195	1.739694716	0.484432172	0.462834852	0.612445693	0.869518054	1.229579004	1.992051742	2.505606773	3.807692864	3.318829847	3.564470054	3.566623069	3.500068176	3.504282729	3.137896668	3.282574319	4.077749085	3.190087591	4.917396708	4.998672537	4.795172453	2.596276827	3.481186242	4.978338163	4.993145714	4.358604139	5.191019206	3.575921322	4.315312395	1.326270501	0.033791683	0.242919473	0.62510942	0.720330664	0.471593707	0.170936398	0.261242533	0.586771442	1.523298329	1.358332896	1.055807017	0.618795911	0.59148164	0.589930093	0.27087588	0.082502452	0.837193674	2.302108596	0.073253345	0.230240351	2.77837047	2.622149096	2.101646903	2.505606773	1.326270501	NA	NA	NA	NA	NA	NA	NA	NA	NA	NA
A17	4.011637473	3.680131295	3.485788469	2.976665027	2.933908156	2.77690316	2.88524593	2.058165899	0	0	0	0	0.018809325	0	0.06359631	0.034426569	0.040445548	0.010246185	0	0.084529335	0.819714312	0.161949001	0.217044394	0.185293273	0.399778176	0.654089725	1.424677539	1.314127305	0.863350332	0.918167915	0.839150653	0.765062122	0.29223559	0.555689829	0.548130492	0.839355368	0.916672417	1.351748619	0.04992589	0.260875942	1.158909983	1.713133084	0.455597278	0.418561978	0.55861516	0.875818657	1.510102312	2.291175708	2.620008486	3.727538737	3.461374835	3.506607289	3.506851132	3.479473143	3.415977018	3.256153887	3.453746919	4.069734877	3.431224977	5.233796177	4.974072721	4.799827685	2.854929454	3.276236177	4.767921907	5.008507366	4.334757052	5.193314993	3.528577131	4.38083895	1.336817355	0.010224223	0.259122731	0.402726705	0.800210517	0.562889125	0.179529125	0.201989111	0.31021815	1.629808125	0.709096391	1.038182493	0.628411883	0.575469532	0.570475558	0.258147673	0.062166782	0.764974892	2.200730677	0.033425684	0.200058678	2.608228968	2.50965687	1.926017632	2.620008486	1.336817355	NA	NA	NA	NA	NA	NA	NA	NA	NA	NA
A18	3.851855736	3.584123375	3.355727899	2.982296859	2.977717559	2.702412281	2.2372845	1.921274412	0.035686286	0.054364806	0.064371074	0.068454034	0.064747943	0.095984474	0.158823019	0.113860348	0.127256323	0.098990372	0.084529335	0	0.862095999	0.333127679	0.269628518	0.250590014	0.263261691	0.314623401	4.208687796	2.591048689	2.444194083	2.527427056	2.452119497	2.406144444	1.5344429	2.42450264	2.178541066	1.795390461	1.560985635	1.130541678	0.360588093	0.791217029	1.359149491	1.395033239	0.89739181	0.667580067	0.545458682	0.959569035	2.634000327	2.445478175	2.288940935	4.212915977	4.140405874	4.050093654	4.106236367	4.112225947	4.142115781	4.039365267	4.196731913	4.426505935	4.093048826	5.179769256	5.302893185	5.237202398	3.23478392	3.516046065	4.784372875	5.059455655	4.613952048	4.722359128	3.412426815	4.005384624	1.746748689	1.53038269	1.188234535	1.657027496	1.764438441	1.100921037	1.396746209	1.778678353	1.112474268	1.17616062	1.136829825	1.224593163	1.102481348	0.840501095	0.805171215	0.454479607	0.324195254	0.395576995	2.043764986	0.130121491	0.289109142	2.55346446	1.991186484	1.566576415	2.288940935	1.746748689	NA	NA	NA	NA	NA	NA	NA	NA	NA	NA
A19	3.30373806	3.13878751	3.027736796	2.835450023	2.611773326	2.570998179	2.720756443	2.519432289	0.347280142	0.258275243	0.352767606	0.439349174	0.156276978	0.692627034	0.726669098	0.870789565	0.893925835	0.820963579	0.819714312	0.862095999	0	0.554071803	0.618521437	0.660100352	0.726639383	0.991266489	1.349196372	2.691278701	3.350602096	3.490922234	3.441001873	3.584895215	3.231404308	3.735877917	3.771227188	3.679015312	3.443788861	2.343828203	1.324162218	1.865366772	2.631704726	2.453910367	1.977278096	1.776078002	1.510943196	1.679695747	2.791384483	3.356348586	3.189138901	3.326878164	3.129748307	3.014809997	2.924307231	2.990849017	2.944377011	3.06257866	3.092778594	3.411860824	3.016709464	4.389488796	4.221777558	4.293531222	2.424517095	2.503173941	4.235972904	4.286606887	3.631832551	4.391619477	1.745659995	3.722206866	2.150277577	1.850441254	1.419394722	2.374477499	2.658114956	2.001517692	2.671539384	3.078923557	2.401500359	2.103171504	2.339625978	2.752308949	2.423028538	0.082630669	0.084076369	0.305536848	0.282251858	0.66479576	1.512729345	0.362794137	0.170734042	2.63109154	2.461642686	2.206087463	3.189138901	2.150277577	NA	NA	NA	NA	NA	NA	NA	NA	NA	NA
A20	3.557623052	3.325354589	3.163606428	2.793490031	2.632180277	2.534265593	2.4306137	2.07843087	0.551933185	0.180144721	0.173157262	0.16896753	0.237669211	0.181926526	0.242481059	0.21074438	0.201313287	0.175703624	0.161949001	0.333127679	0.554071803	0	0.061442895	0.065827451	0.553283259	1.100558924	4.026133146	3.831269498	3.114769729	3.205742186	3.124550884	3.112775165	2.484932481	3.166459948	3.083264444	2.222894578	2.093949913	1.135579841	0.759489384	1.097681697	1.669465191	1.841379184	1.308196095	1.115608542	0.692998463	1.036982891	3.278555867	3.561987944	4.050835994	3.975272092	3.915431792	3.792444992	3.87868497	3.919708839	3.929409019	3.831807272	3.983265156	4.167515731	3.851566822	4.777990442	4.868440937	4.944672473	2.58448017	2.439801039	5.001456869	4.708042336	4.305044431	4.517540639	2.288419242	3.776313569	2.153007915	1.445099534	0.731027339	1.678764613	2.026562853	1.344508757	1.786691413	2.446837258	1.206828163	1.594120942	1.168454725	2.165301777	1.405593449	0.486709768	0.506542739	0.305578102	0.263715274	0.452082721	1.575448092	0.286683283	0.049106109	2.543457883	2.160326293	1.460525432	4.050835994	2.153007915	NA	NA	NA	NA	NA	NA	NA	NA	NA	NA
A21	3.767399922	3.399559051	3.217331111	2.734859334	2.481143149	2.339461559	2.176627107	1.960813562	0.351401426	0.263424379	0.234372572	0.218886324	0.288304889	0.195433604	0.263348852	0.214931306	0.245921049	0.219314297	0.217044394	0.269628518	0.618521437	0.061442895	0	0.063007936	0.497298702	0.842738986	3.97845065	3.73790273	3.062981589	3.161133854	3.078761142	3.084298931	2.561773544	3.171397399	3.137474134	2.327297469	2.123065387	1.446996106	0.471225263	1.052687572	1.847417878	1.701111757	1.146087005	0.900451363	0.856666766	1.10079732	2.839446342	3.322181874	3.783482575	3.885703931	3.867269042	3.600544471	3.467648541	3.753607503	3.50278017	3.788319019	3.758753475	4.075221413	3.66858313	4.799245327	4.779457063	4.849004896	2.73951724	2.992182601	4.805527237	4.705298701	4.314767227	4.733966321	2.749162405	3.993584502	1.563606798	1.427459414	1.068363123	1.749090415	2.086460367	1.641655203	1.877547443	2.511779484	1.430427946	1.854295282	1.412361398	2.02910783	1.60466469	0.656162667	0.612403739	0.507743475	0.089193029	0.534328113	2.275884508	0.502312854	0.191593447	2.371813067	2.110406879	1.756618122	3.783482575	1.563606798	NA	NA	NA	NA	NA	NA	NA	NA	NA	NA
A22	3.689112563	3.307974849	3.106211764	2.55315879	2.433138418	2.34379043	2.167274694	2.032526055	0.309986079	0.214334048	0.199407679	0.186873626	0.23788702	0.184890505	0.240431353	0.227992755	0.226566659	0.198695539	0.185293273	0.250590014	0.660100352	0.065827451	0.063007936	0	0.441026076	0.797235849	3.920880409	3.583320106	2.997425367	3.095856131	3.00526761	2.98620289	2.449999899	3.074971113	3.015889569	2.200354208	2.128714887	1.350977684	0.484467996	1.01427897	1.817503101	1.731618018	1.146902056	0.927287735	0.78354665	1.127578542	2.498051281	3.23286304	3.749544072	4.03437849	3.89286088	3.662218678	3.58051709	3.622308595	3.614010595	3.762708254	3.810855437	4.092159763	3.692299696	4.809937609	4.815286608	4.863732803	2.986928219	3.051629986	4.828064294	4.756244252	4.32652296	4.782938114	2.791518579	3.991309076	1.400206131	1.434716158	0.989723336	1.63747171	1.986735823	1.584870655	1.760553475	2.388874828	1.355390109	1.781074415	1.332924666	2.042328411	1.591628436	0.707395998	0.665053905	0.429710556	0.052644764	0.591852759	2.449401807	0.598795871	0.230818027	2.34637142	2.138118426	1.812619355	3.749544072	1.400206131	NA	NA	NA	NA	NA	NA	NA	NA	NA	NA
A23	4.345828517	3.841963399	3.603814708	2.955537196	2.832830347	2.672414348	2.500912891	2.813087043	0.292252457	0.255026988	0.242000236	0.241163744	0.263247789	0.212348565	0.262121817	0.401101729	0.441061927	0.498156195	0.399778176	0.263261691	0.726639383	0.553283259	0.497298702	0.441026076	0	0.357869575	3.488402762	3.139315642	2.559305084	2.660469051	2.581320805	2.593852156	2.127793	2.689778723	2.672707089	2.022648607	1.767341857	0.800360263	0.547225439	0.938845066	1.51247809	1.642591324	1.183837313	1.007232806	0.86222838	1.367013853	1.480249652	1.612051066	2.929223007	4.751399887	4.288520775	4.504195876	4.3574994	4.366160751	4.395580944	4.157153627	3.84886301	3.738796596	3.713588966	5.084019796	4.964434937	5.019653488	3.286349506	3.568384017	5.121196286	4.882840643	4.100739896	5.270772223	3.136966115	4.416890638	0.478102849	0.933778796	0.663914539	1.371058584	1.647135085	1.191421254	1.542071199	2.060961974	0.868948944	1.376249291	0.77483439	2.071662135	1.507326949	0.856985356	0.986630027	1.054237935	0.410062814	1.406143142	2.606593354	1.224861025	0.888755754	2.699949251	2.274822665	2.594268165	2.929223007	0.478102849	NA	NA	NA	NA	NA	NA	NA	NA	NA	NA
A24	4.369999909	4.170000719	4.111670968	4.040678961	3.888056195	3.694021851	3.048751598	2.837010024	0.426163503	0.349221498	0.289404792	0.272149341	0.410581974	0.346714893	0.463941129	0.630722602	0.712328039	0.770539599	0.654089725	0.314623401	0.991266489	1.100558924	0.842738986	0.797235849	0.357869575	0	2.338021825	3.322509634	2.975701968	2.956887033	2.821400892	2.410272611	2.21016955	2.546750891	2.694507385	2.50486001	2.086140357	1.239458227	0.578245016	1.247514466	2.310441812	2.209717868	1.181069851	1.078213468	0.817823374	1.871470938	1.6621757	1.992194945	2.862068521	4.302531492	4.744962761	4.274897782	4.562271256	4.627746483	4.512048874	4.624705084	4.509245359	4.604432438	4.402886473	5.442310947	4.984207527	5.118634362	3.491212128	3.641687736	5.133114553	4.721729573	4.834329031	5.716950361	2.810413346	4.668683293	0.607651661	0.872859291	0.508545534	1.360524282	1.606975725	1.057264863	1.618741089	2.118810912	1.35500493	1.185972288	1.266180308	2.167876822	1.705455178	1.002005281	1.045886391	1.411799505	1.267630028	1.465547254	3.326945202	1.627151506	1.035778159	3.486287546	2.943836806	2.673188298	2.862068521	0.607651661	NA	NA	NA	NA	NA	NA	NA	NA	NA	NA
A25	5.349079017	6.7821207	7.091319169	6.699716064	6.325296653	5.798127801	6.856947377	6.096352792	1.538660455	1.263298927	1.213670508	1.193006547	1.247118335	1.129220945	1.161963312	1.176583997	1.144763144	1.295720962	1.424677539	4.208687796	1.349196372	4.026133146	3.97845065	3.920880409	3.488402762	2.338021825	0	0.168664819	0.147413699	0.200148813	0.196064675	0.317	0.579445749	0.293535832	0.359045519	0.170890929	0.138966158	1.09445861	2.28856935	2.032089854	2.272088138	2.484772703	2.328265313	2.394352979	2.831768593	4.676225526	0.209164142	0.202675665	0.209837667	6.213704461	6.952784669	6.551382015	6.647711659	6.628865325	6.556567437	6.713171695	6.389652176	6.723869988	6.271228019	5.637927766	5.905377177	6.113475496	4.563523172	2.870599743	6.875567763	5.675545981	7.178338176	6.510644717	2.352693604	5.060071689	0.182942687	2.07386709	2.412417245	0.77131372	0.584785786	0.584689904	0.788008794	0.660003442	0.742923475	0.722588849	0.671192499	1.595072585	1.941518751	3.335203216	1.435561135	4.251048394	3.652827852	4.603585409	4.106315489	4.315977957	4.688816045	6.931842634	6.702628439	4.738571295	0.209837667	0.182942687	NA	NA	NA	NA	NA	NA	NA	NA	NA	NA
A26	7.696223509	7.643127882	7.257521281	5.806193125	5.39153819	5.762355039	6.294458467	3.966269646	1.016542261	0.635825904	0.589683845	0.651364785	0.629833399	0.838634074	1.153327673	0.926016323	0.841192087	1.012621965	1.314127305	2.591048689	2.691278701	3.831269498	3.73790273	3.583320106	3.139315642	3.322509634	0.168664819	0	0.072836679	0.177643998	0.140736821	0.262688747	0.537705916	0.298063329	0.442697409	0.212452633	0.205925842	0.989207839	2.290979583	1.959905419	2.118024568	2.364754646	2.233339349	2.314986527	2.840689701	4.270156587	0.481064551	0.55226802	0.484556567	6.361386287	7.142398405	6.838394639	6.762134493	6.894171634	6.781993292	6.887056254	6.366173097	6.735595463	6.286334619	6.068458775	6.436801034	6.725474947	4.606423051	3.578857017	7.234098869	5.639518322	7.459467827	6.602992042	2.550591027	7.607507194	0.731324615	1.130385218	1.295616761	0.688304783	0.557176324	0.591091032	0.641416541	0.495277179	0.568359173	0.551155945	0.49602109	1.462909088	1.800658465	3.744090906	2.761746728	4.652531955	3.132655945	2.553400311	2.916755898	2.506486002	4.365003195	6.903537258	5.31744013	3.497867228	0.484556567	0.731324615	NA	NA	NA	NA	NA	NA	NA	NA	NA	NA
A27	6.981170812	6.211933476	5.817749954	5.143040774	5.403026217	6.021676496	4.782647408	3.458787117	0.783772747	0.99157329	1.120538344	1.289273809	1.052876536	1.447627536	1.458632027	0.8535554	0.968218233	0.800700058	0.863350332	2.444194083	3.350602096	3.114769729	3.062981589	2.997425367	2.559305084	2.975701968	0.147413699	0.072836679	0	0.129957685	0.068066144	0.189654949	0.351483996	0.271314173	0.430734025	0.578621567	0.715555608	0.736136081	2.232885833	1.785711575	2.289370612	2.558244176	1.948977515	2.043218383	2.566408152	3.835709494	0.587163103	0.677511135	0.573567073	6.81325705	7.363729421	6.994475578	7.019900703	7.076847245	7.034317559	6.998235648	6.616214051	7.013337944	6.4623554	6.254428898	6.624849495	7.077746908	4.822334266	3.551824243	7.597392804	6.025288113	7.690104941	7.831100079	2.701231526	7.66951668	1.233905009	1.103557903	1.280520472	0.759098187	0.648964875	0.643629985	0.580246061	0.317564212	0.363947475	0.315049591	0.4160438	1.292094875	1.469492343	4.208076737	3.448965469	3.746015957	2.991547945	2.294286553	2.686020284	2.225371458	3.690760392	5.297829167	4.297414085	2.957798456	0.573567073	1.233905009	NA	NA	NA	NA	NA	NA	NA	NA	NA	NA
A28	6.824699982	6.231484462	5.758593667	5.24913777	5.51719878	6.135980979	4.826405697	3.172373434	0.954912378	1.351282696	1.514440112	1.512622032	1.411417351	1.521509054	1.345048966	1.015371882	1.111811528	0.904815115	0.918167915	2.527427056	3.490922234	3.205742186	3.161133854	3.095856131	2.660469051	2.956887033	0.200148813	0.177643998	0.129957685	0	0.078294316	0.105394497	0.307434545	0.11975667	0.275679883	0.235295785	0.271811204	0.40771562	2.100589647	1.648721309	2.283044599	2.625329728	1.838913188	1.956430624	2.442934425	4.069290118	0.511083032	0.500832958	0.50288478	6.798660126	7.456799708	7.028489561	7.006535535	7.156377884	7.108705224	7.015144215	6.691299629	7.037728247	6.559241827	6.385476429	6.70453211	7.175376597	4.758678059	3.621572127	7.735644691	6.143995875	7.708503529	8.01605555	2.727880855	7.96551381	1.370712026	1.200303416	1.352319019	0.868728348	0.747967708	0.731847123	0.622765675	0.340844661	0.339598515	0.409463403	0.539861566	1.552817716	1.426125048	4.200717945	3.58566285	3.825387153	3.113864684	2.041800174	2.894663928	2.024555115	3.571366798	5.181870817	4.349395197	2.656786135	0.50288478	1.370712026	NA	NA	NA	NA	NA	NA	NA	NA	NA	NA
A28a	6.731339572	6.142666375	5.674231806	5.166270578	5.436244244	6.06200359	4.752662464	3.136461227	0.879139465	1.142370346	1.430860669	1.439341653	1.284959737	1.476203162	1.410099088	0.896014164	1.058145214	0.833347741	0.839150653	2.452119497	3.441001873	3.124550884	3.078761142	3.00526761	2.581320805	2.821400892	0.196064675	0.140736821	0.068066144	0.078294316	0	0.121696343	0.294716813	0.217391455	0.386247238	0.574971179	0.746426718	0.556635992	2.125037873	1.691122745	2.270079788	2.569447735	1.859076211	1.918469136	2.444357804	3.828193382	0.655973287	0.750956197	0.645670535	6.915969286	7.473776277	7.135032893	7.167770904	7.14458424	7.106463142	7.195765326	6.768020514	7.249575935	6.641287049	6.251458354	6.767222572	7.151897856	4.925405307	3.684396259	7.742530433	6.033253662	7.647064595	7.963394875	2.838385807	7.922451558	1.350857009	1.122268861	1.271763533	0.791727549	0.671221941	0.658713282	0.579597557	0.287314743	0.298849946	0.332745191	0.419201011	1.33727692	1.379587853	3.924045733	3.54566915	3.736951659	3.03043009	2.019380077	2.800610165	1.974189087	3.496267498	5.108549456	4.273523338	2.656230767	0.645670535	1.350857009	NA	NA	NA	NA	NA	NA	NA	NA	NA	NA
A29	6.932222467	5.828030184	5.682250758	5.193936948	5.606374709	5.903130186	4.497015977	2.858456805	1.015876956	1.484965109	1.497701023	1.48890231	1.498521168	1.12214332	0.966885682	0.850085516	0.914329823	0.700118312	0.765062122	2.406144444	3.584895215	3.112775165	3.084298931	2.98620289	2.593852156	2.410272611	0.317	0.262688747	0.189654949	0.105394497	0.121696343	0	0.203666393	0.131947574	0.294818784	0.51908934	0.759306916	0.305460018	1.965545501	1.550163329	2.174899639	2.526260943	1.783339547	1.899441552	2.37851441	3.985919435	0.846553211	0.966473303	0.785935096	7.105552594	7.701985215	7.387647564	7.502076691	7.511406231	7.351495803	7.640339235	6.944533998	7.45153819	6.915018398	6.58880348	6.942905016	7.34408592	5.014635021	3.869350282	8.07978231	6.090273873	7.803145582	8.285580918	2.992232609	7.378153721	1.51914736	1.106262075	1.298497737	0.814215587	0.70620445	0.689172268	0.555525572	0.255907984	0.279215599	0.329446796	0.472879208	1.513046612	1.445579065	4.071770932	3.669641846	3.659469891	2.84114907	1.545863518	3.040441075	1.39720155	3.28979463	5.007689943	3.750191364	2.594107573	0.785935096	1.51914736	NA	NA	NA	NA	NA	NA	NA	NA	NA	NA
A30	6.357268117	5.015537604	4.704230771	5.310617157	5.263267543	4.550829015	2.847473156	2.299064633	0.938536469	0.772389202	0.468813517	0.369402961	0.726919321	0.315832044	0.359983939	0.634866827	0.739405917	0.457148641	0.29223559	1.5344429	3.231404308	2.484932481	2.561773544	2.449999899	2.127793	2.21016955	0.579445749	0.537705916	0.351483996	0.307434545	0.294716813	0.203666393	0	0.231146227	0.33866503	0.447074825	0.52690996	0.385143978	1.695940232	1.385474611	1.98855412	2.316493325	1.730434625	1.744444155	2.239278666	3.89805641	1.074854541	1.313450969	1.69939259	8.023575603	7.79129356	7.542981621	7.222127445	7.45884578	7.528474728	7.296805501	6.792382138	7.100741907	6.710119133	6.852611321	6.914759606	7.356280406	5.389306292	4.179244316	8.133554088	6.398468246	7.49420565	7.96397569	3.362648529	6.792557977	1.288931203	0.775796874	0.796117493	0.541695594	0.461095042	0.143395414	0.130027326	0.13995013	0.120425807	0.157360675	0.261498275	1.399509037	1.447692874	3.602021499	3.310705857	2.970234537	2.693635133	1.013580266	2.833315149	0.652427731	2.59960787	3.460977775	2.320440189	2.291860223	1.69939259	1.288931203	NA	NA	NA	NA	NA	NA	NA	NA	NA	NA
A31	7.120281247	5.866049981	5.653222056	5.114488483	5.855803817	5.833939854	4.378470832	2.980262788	1.254006317	1.223681673	1.053944973	1.001587381	1.196792461	0.571747596	0.604917986	0.809794342	0.890512738	0.685429951	0.555689829	2.42450264	3.735877917	3.166459948	3.171397399	3.074971113	2.689778723	2.546750891	0.293535832	0.298063329	0.271314173	0.11975667	0.217391455	0.131947574	0.231146227	0	0.161771443	0.283627353	0.393991589	0.175521597	1.888916419	1.612155854	2.472685277	2.806568523	2.174219036	2.145654277	2.468580483	4.536121384	0.533272429	0.518536994	0.476065512	7.079199726	7.681790226	7.329415677	7.381734956	7.36218614	7.316304845	7.399624685	7.005520478	7.478405573	6.886108594	6.561480273	7.027091487	7.403002648	4.849985694	3.662144461	8.097377325	6.241275076	7.853723465	8.482940432	2.848527595	7.349168102	1.626917187	1.206548118	1.371613456	0.942325785	0.836617953	0.504240996	0.512430368	0.359866708	0.362637022	0.60622026	0.651252643	1.83428674	1.815339001	4.18664317	3.829325444	3.743160301	2.764311918	1.62651526	3.311830663	1.270300883	3.375758061	4.908560998	3.345967872	2.798655792	0.476065512	1.626917187	NA	NA	NA	NA	NA	NA	NA	NA	NA	NA
