9.996E-05 9.996E-05 9.996E-05 9.996E-05 9.996E-05 0.9995
0.186476 0.661806 0.0105591 9.99821E-05 0.140959 9.99821E-05
9.99643E-05 0.0871961 9.99643E-05 9.99643E-05 0.912404 9.99643E-05
0.568038 9.99733E-05 9.99733E-05 9.99733E-05 0.413377 0.0182851
0.69129 9.99644E-05 0.30831 9.99644E-05 9.99644E-05 9.99644E-05
0.476974 9.99821E-05 0.427181 0.0594023 9.99821E-05 0.0362425
0.630865 9.99732E-05 9.99732E-05 0.133784 0.235051 9.99732E-05
9.99643E-05 0.709371 9.99643E-05 0.290229 9.99643E-05 9.99643E-05
0.21571 9.99732E-05 9.99732E-05 0.230441 0.553549 9.99732E-05
0.521658 0.149971 0.161295 9.99821E-05 0.166876 9.99821E-05
9.997E-05 0.0100725 0.343676 9.997E-05 0.645952 9.997E-05
9.99643E-05 0.346859 9.99643E-05 0.652741 9.99643E-05 9.99643E-05
0.0144179 0.829247 0.020607 0.011945 0.123683 9.99911E-05
0.583643 0.0803418 9.99733E-05 0.335715 9.99733E-05 9.99733E-05
9.99823E-05 0.252868 0.0297838 0.0208681 0.69628 9.99823E-05
0.458143 9.99645E-05 9.99645E-05 9.99645E-05 0.541457 9.99645E-05
0.84973 9.99734E-05 0.0943573 0.0556126 9.99734E-05 9.99734E-05
0.21368 0.31356 0.168296 9.99821E-05 0.304263 9.99821E-05
0.104722 9.99734E-05 0.192388 0.70259 9.99734E-05 9.99734E-05
0.0331055 0.513098 0.141555 9.99911E-05 0.309556 0.00258542
9.99732E-05 0.285078 0.486878 9.99732E-05 0.227744 9.99732E-05
9.99822E-05 0.376783 0.301708 0.235995 0.085313 9.99822E-05
0.619733 9.99733E-05 0.0609411 0.319026 9.99733E-05 9.99733E-05
0.315374 0.140133 0.544192 9.99733E-05 9.99733E-05 9.99733E-05
9.996E-05 0.856494 9.996E-05 9.996E-05 0.143106 9.996E-05
0.0449527 0.871292 9.99822E-05 9.99822E-05 0.0753559 0.00819962
0.579699 9.99644E-05 9.99644E-05 0.419901 9.99644E-05 9.99644E-05
0.0249338 9.99821E-05 0.00875743 0.120478 0.845631 9.99821E-05
9.99642E-05 0.512294 9.99642E-05 0.487306 9.99642E-05 9.99642E-05
0.0655393 9.99822E-05 0.0884878 0.612504 0.233269 9.99822E-05
0.278176 0.167137 9.99821E-05 0.389516 0.164972 9.99821E-05
0.694472 0.105908 9.99821E-05 0.191865 0.00755528 9.99821E-05
0.22029 9.99732E-05 0.045284 0.734126 9.99732E-05 9.99732E-05
0.171047 9.99821E-05 0.224008 0.496158 0.108588 9.99821E-05
0.582447 9.99733E-05 0.00551784 0.411735 9.99733E-05 9.99733E-05
9.99734E-05 0.684977 0.0466141 0.268109 9.99734E-05 9.99734E-05
0.253233 0.31258 0.198727 0.133099 9.999E-05 0.10226
0.0232084 0.19469 9.99732E-05 9.99732E-05 0.781802 9.99732E-05
9.997E-05 9.997E-05 0.28102 0.311028 0.407653 9.997E-05
9.99734E-05 0.12703 9.99734E-05 0.318594 0.554076 9.99734E-05
0.110335 9.99731E-05 0.036315 9.99731E-05 0.85305 9.99731E-05
0.405902 9.997E-05 9.997E-05 0.276289 0.317509 9.997E-05
9.99643E-05 9.99643E-05 9.99643E-05 0.860947 0.138653 9.99643E-05
0.32732 9.99732E-05 0.0853926 9.99732E-05 0.586987 9.99732E-05
9.99822E-05 0.493528 0.0152826 0.139405 0.351585 9.99822E-05
0.221349 0.778252 9.99644E-05 9.99644E-05 9.99644E-05 9.99644E-05
0.649268 9.997E-05 0.0745846 9.997E-05 0.275848 9.997E-05
9.99732E-05 0.00920148 0.343243 0.647256 9.99732E-05 9.99732E-05
9.99732E-05 0.0171702 0.198659 9.99732E-05 0.783871 9.99732E-05
0.544095 0.245997 0.209608 9.99734E-05 9.99734E-05 9.99734E-05
0.363647 9.99732E-05 0.618626 9.99732E-05 0.0174278 9.99732E-05
9.99822E-05 0.0303318 0.608797 9.99822E-05 0.332462 0.0282092
0.504928 0.0664537 0.19057 0.127348 9.999E-05 0.1106
9.99643E-05 9.99643E-05 0.712557 0.287043 9.99643E-05 9.99643E-05
9.99644E-05 0.67194 9.99644E-05 9.99644E-05 9.99644E-05 0.32766
9.99734E-05 9.99734E-05 0.38301 0.438171 0.178519 9.99734E-05
0.10811 9.99732E-05 0.646384 9.99732E-05 0.245206 9.99732E-05
0.280219 0.597754 9.99734E-05 9.99734E-05 0.121727 9.99734E-05
9.99644E-05 0.834398 9.99644E-05 0.165202 9.99644E-05 9.99644E-05
0.33732 0.370658 0.161559 0.130262 9.998E-05 9.998E-05
0.255642 0.453478 0.0790351 9.998E-05 0.211646 9.998E-05
0.272102 0.490038 0.021796 0.0996593 0.116305 9.999E-05
0.552202 0.447398 9.99644E-05 9.99644E-05 9.99644E-05 9.99644E-05
0.2832 9.998E-05 9.998E-05 0.148654 0.553825 0.0141208
0.170587 9.997E-05 0.33593 9.997E-05 0.493183 9.997E-05
9.99643E-05 0.758725 9.99643E-05 9.99643E-05 0.240875 9.99643E-05
9.996E-05 0.0956409 9.996E-05 0.903959 9.996E-05 9.996E-05
9.997E-05 0.258494 9.997E-05 0.453509 0.287697 9.997E-05
9.99821E-05 0.608531 0.255529 0.128913 0.00682714 9.99821E-05
0.148632 9.998E-05 0.299485 0.108657 0.443027 9.998E-05
9.998E-05 9.998E-05 0.0273893 0.563715 0.356558 0.0521374
9.99644E-05 0.582662 0.416939 9.99644E-05 9.99644E-05 9.99644E-05
9.99645E-05 9.99645E-05 0.421198 0.578402 9.99645E-05 9.99645E-05
9.99643E-05 9.99643E-05 0.754171 0.245429 9.99643E-05 9.99643E-05
0.458907 9.998E-05 0.0166191 0.344297 0.179977 9.998E-05
0.0803566 9.99821E-05 0.287442 0.54645 9.99821E-05 0.0855509
0.292718 0.0731282 0.311933 0.322021 9.99821E-05 9.99821E-05
0.116497 0.284007 0.0267229 9.998E-05 0.572573 9.998E-05
9.99822E-05 0.235183 0.000205709 0.72082 9.99822E-05 0.0435914
0.143521 0.424424 9.997E-05 9.997E-05 0.431755 9.997E-05
0.0970749 9.99732E-05 9.99732E-05 0.446758 0.455867 9.99732E-05
9.99732E-05 0.689185 9.99732E-05 0.02073 0.289785 9.99732E-05
0.125802 9.998E-05 0.109103 0.41972 0.345176 9.998E-05
9.998E-05 0.332173 0.145443 0.21855 0.303635 9.998E-05
9.99641E-05 9.99641E-05 9.99641E-05 9.99641E-05 0.278066 0.721534
0.0609466 0.164433 0.352658 9.998E-05 0.421762 9.998E-05
0.0430808 9.99732E-05 0.285882 0.670738 9.99732E-05 9.99732E-05
9.99644E-05 0.227952 0.771648 9.99644E-05 9.99644E-05 9.99644E-05
9.99733E-05 0.357753 0.175659 0.466288 9.99733E-05 9.99733E-05
9.996E-05 9.996E-05 0.57913 9.996E-05 0.42047 9.996E-05
0.0286718 0.50855 9.99821E-05 0.0486134 0.413965 9.99821E-05
0.430174 0.16169 9.99822E-05 0.324794 9.99822E-05 0.0831416
0.331512 9.99821E-05 0.142911 0.191011 0.334367 9.99821E-05
0.534563 0.159095 9.99822E-05 9.99822E-05 0.298244 0.00789792
9.998E-05 9.998E-05 0.432911 0.308916 0.197091 0.060881
9.99643E-05 9.99643E-05 9.99643E-05 0.669677 0.329923 9.99643E-05
9.99732E-05 0.246662 9.99732E-05 0.187958 0.56508 9.99732E-05
9.99822E-05 9.99822E-05 0.405306 0.383369 0.183789 0.0273354
0.155477 0.284324 0.0355289 0.233837 0.290732 9.99911E-05
0.072531 0.47079 0.0591305 0.397348 9.99821E-05 9.99821E-05
9.999E-05 0.489558 0.00972376 0.0330809 0.420371 0.0471666
9.998E-05 0.0116257 0.162374 0.463504 0.362296 9.998E-05
0.411226 0.0546151 9.998E-05 0.191786 0.342173 9.998E-05
9.997E-05 0.187224 0.172251 0.640225 9.997E-05 9.997E-05
0.527445 0.11808 0.0214043 0.308514 0.0244563 9.99911E-05
9.998E-05 0.0658224 0.735079 0.0475024 0.151396 9.998E-05
0.0140251 0.570383 0.172108 0.243283 9.998E-05 9.998E-05
9.998E-05 0.469338 0.0728432 0.21706 0.240559 9.998E-05
0.200133 0.5879 9.997E-05 0.211667 9.997E-05 9.997E-05
0.70991 9.99732E-05 9.99732E-05 0.0271172 0.262673 9.99732E-05
9.996E-05 0.798319 0.201281 9.996E-05 9.996E-05 9.996E-05
0.124711 9.997E-05 9.997E-05 0.415064 0.459924 9.997E-05
0.0537083 9.99733E-05 9.99733E-05 0.00362154 0.94237 9.99733E-05
0.676427 0.237055 9.99733E-05 9.99733E-05 0.0862182 9.99733E-05
9.99642E-05 9.99642E-05 0.175639 9.99642E-05 0.823961 9.99642E-05
0.62736 9.99732E-05 9.99732E-05 0.143828 0.228512 9.99732E-05
0.293358 0.36062 0.275977 9.99911E-05 0.0482314 0.021714
0.269555 9.997E-05 0.178465 9.997E-05 0.55168 9.997E-05
0.395898 9.99733E-05 0.508896 9.99733E-05 9.99733E-05 0.0949056
9.99733E-05 9.99733E-05 0.832033 0.0951209 0.0725459 9.99733E-05
9.996E-05 9.996E-05 9.996E-05 0.9995 9.996E-05 9.996E-05
0.0468555 9.99733E-05 9.99733E-05 0.396996 0.555849 9.99733E-05
9.99644E-05 9.99644E-05 0.456435 0.543165 9.99644E-05 9.99644E-05
0.0606691 9.99732E-05 9.99732E-05 0.678571 0.26046 9.99732E-05
0.363089 9.99822E-05 0.229335 9.99822E-05 0.383721 0.0236548
9.99734E-05 9.99734E-05 0.507916 9.99734E-05 0.420413 0.0713716
0.362717 0.117194 9.997E-05 0.519789 9.997E-05 9.997E-05
0.396673 0.320074 9.997E-05 9.997E-05 0.282952 9.997E-05
9.99733E-05 0.350827 0.271283 9.99733E-05 0.37759 9.99733E-05
9.997E-05 0.340633 9.997E-05 0.503091 0.155976 9.997E-05
0.21294 9.99643E-05 9.99643E-05 0.78666 9.99643E-05 9.99643E-05
0.265046 9.99734E-05 9.99734E-05 0.034719 0.699935 9.99734E-05
0.401061 9.99822E-05 9.99822E-05 0.474373 0.0945526 0.0298131
0.291785 0.233972 0.289465 0.184578 9.998E-05 9.998E-05
0.158115 0.841485 9.99643E-05 9.99643E-05 9.99643E-05 9.99643E-05
0.186697 0.310476 0.11036 9.998E-05 0.392268 9.998E-05
0.192166 9.99822E-05 9.99822E-05 0.182301 0.618198 0.00713421
0.0149241 0.517535 9.99733E-05 9.99733E-05 0.467241 9.99733E-05
0.217197 0.0775615 9.99732E-05 0.704942 9.99732E-05 9.99732E-05
9.99643E-05 9.99643E-05 9.99643E-05 0.0258059 0.973794 9.99643E-05
9.99732E-05 0.249574 9.99732E-05 0.0656104 0.684516 9.99732E-05
0.885915 9.997E-05 0.0257467 0.0880379 9.997E-05 9.997E-05
0.699416 9.99645E-05 9.99645E-05 0.300184 9.99645E-05 9.99645E-05
0.832942 9.99643E-05 9.99643E-05 9.99643E-05 0.166658 9.99643E-05
0.331836 0.522647 0.018226 9.99911E-05 0.10776 0.0194323
9.99642E-05 0.310305 9.99642E-05 9.99642E-05 0.689295 9.99642E-05
0.436811 0.0616713 0.301273 9.99821E-05 0.200044 9.99821E-05
0.245559 0.344086 9.998E-05 0.194572 0.215584 9.998E-05
0.221993 9.999E-05 0.113401 0.155368 0.470829 0.0383091
0.5733 9.99642E-05 9.99642E-05 9.99642E-05 0.4263 9.99642E-05
0.916196 9.99733E-05 9.99733E-05 0.0749027 9.99733E-05 0.00860181
9.99733E-05 0.15037 9.99733E-05 0.270044 0.579287 9.99733E-05
0.597097 0.0064979 9.99732E-05 9.99732E-05 0.396105 9.99732E-05
0.126232 0.820424 0.014175 9.99822E-05 0.0389698 9.99822E-05
9.99646E-05 0.403926 9.99646E-05 9.99646E-05 0.595674 9.99646E-05
9.99642E-05 0.847317 9.99642E-05 0.152283 9.99642E-05 9.99642E-05
9.99645E-05 0.730577 9.99645E-05 9.99645E-05 0.269023 9.99645E-05
