9.998E-05 0.9997 9.998E-05 9.998E-05
9.99821E-05 9.99821E-05 0.964733 0.0350667
0.0716642 9.99822E-05 0.928136 9.99822E-05
0.151267 0.0433922 0.610979 0.194362
0.242009 9.99911E-05 0.674193 0.0836976
0.355551 0.00274693 0.186205 0.455497
0.265312 9.99821E-05 9.99821E-05 0.734488
0.270421 9.99822E-05 0.729379 9.99822E-05
0.0906147 9.99911E-05 0.148921 0.760364
0.638682 9.99822E-05 0.361118 9.99822E-05
0.0983618 9.99822E-05 0.901438 9.99822E-05
0.370525 0.0130979 0.156278 0.460098
0.432826 0.0303408 0.536733 9.99911E-05
0.90004 9.99822E-05 9.99822E-05 0.0997602
9.999E-05 0.0378371 0.592308 0.369755
0.057297 9.99823E-05 9.99823E-05 0.942503
0.346475 9.99911E-05 0.209044 0.444381
9.99822E-05 9.99822E-05 0.637976 0.361824
0.819858 9.99823E-05 0.179942 9.99823E-05
0.437156 9.99822E-05 0.562644 9.99822E-05
0.216443 9.99822E-05 0.783357 9.99822E-05
9.99822E-05 9.99822E-05 0.874674 0.125126
0.0636726 9.99822E-05 9.99822E-05 0.936127
9.99822E-05 9.99822E-05 0.37646 0.62334
9.998E-05 9.998E-05 0.9997 9.998E-05
9.99822E-05 9.99822E-05 0.973049 0.0267513
0.894968 9.99821E-05 9.99821E-05 0.104832
0.027334 9.99911E-05 0.790003 0.182563
0.670103 9.99821E-05 0.329697 9.99821E-05
0.38732 9.99911E-05 0.133216 0.479364
0.577703 9.9991E-05 0.397628 0.0245689
0.646362 9.99911E-05 0.214676 0.138862
0.702245 9.99822E-05 9.99822E-05 0.297556
0.444746 9.99911E-05 0.275632 0.279521
0.358316 9.99911E-05 0.024058 0.617526
9.99823E-05 9.99823E-05 0.567302 0.432498
0.869799 0.0633582 9.99911E-05 0.0667431
0.193354 9.99821E-05 0.806446 9.99821E-05
9.99821E-05 9.99821E-05 0.152328 0.847472
9.99911E-05 0.117408 0.838029 0.0444631
0.109465 9.99821E-05 0.890335 9.99821E-05
0.370785 0.0371478 0.000676587 0.59139
0.440953 0.0311305 9.99911E-05 0.527817
0.510027 9.99822E-05 9.99822E-05 0.489773
0.673567 9.99822E-05 0.326233 9.99822E-05
0.138688 9.99911E-05 0.848997 0.0122151
0.0855938 9.99911E-05 0.300314 0.613993
9.99822E-05 9.99822E-05 0.362588 0.637212
9.99821E-05 0.121301 0.878499 9.99821E-05
9.99823E-05 0.0468606 9.99823E-05 0.952939
9.998E-05 9.998E-05 0.9997 9.998E-05
0.163759 0.0849556 0.751185 9.99911E-05
0.964161 9.99822E-05 0.0356388 9.99822E-05
0.605774 9.99823E-05 0.394027 9.99823E-05
9.99821E-05 0.625489 9.99821E-05 0.374311
0.481986 9.99911E-05 0.401865 0.116049
0.015545 9.99822E-05 0.984255 9.99822E-05
0.0391315 9.99911E-05 0.934695 0.0260737
9.99822E-05 0.0512858 0.948514 9.99822E-05
9.99822E-05 9.99822E-05 0.522553 0.477247
0.201728 0.038653 0.759519 9.99911E-05
0.0118449 9.99911E-05 0.753135 0.23492
0.299007 9.99911E-05 0.168322 0.532571
0.478282 9.99911E-05 0.37665 0.144968
0.00579326 9.99821E-05 0.994007 9.99821E-05
9.998E-05 9.998E-05 0.9997 9.998E-05
9.99823E-05 9.99823E-05 0.268902 0.730898
9.99821E-05 9.99821E-05 0.770036 0.229764
9.99821E-05 9.99821E-05 0.880721 0.119079
9.99822E-05 9.99822E-05 0.320335 0.679466
0.9997 9.998E-05 9.998E-05 9.998E-05
0.165397 9.99823E-05 0.834403 9.99823E-05
0.259984 0.032918 0.187574 0.519524
0.166664 9.99822E-05 0.833136 9.99822E-05
0.482904 9.99822E-05 9.99822E-05 0.516896
0.815676 9.99911E-05 0.0937873 0.0904366
0.0704828 9.99911E-05 0.795075 0.134343
9.99822E-05 9.99822E-05 0.690797 0.309003
9.99822E-05 0.0728785 9.99822E-05 0.926922
9.99823E-05 9.99823E-05 0.702603 0.297197
0.0774619 9.99911E-05 0.460055 0.462383
9.998E-05 9.998E-05 0.9997 9.998E-05
0.220162 9.99821E-05 9.99821E-05 0.779638
0.131284 9.99821E-05 0.868516 9.99821E-05
9.9982E-05 0.885169 9.9982E-05 0.114631
0.116984 9.99911E-05 0.816097 0.0668188
0.202528 9.99822E-05 9.99822E-05 0.797272
9.998E-05 9.998E-05 0.9997 9.998E-05
0.94804 9.99822E-05 9.99822E-05 0.0517597
0.264408 0.097586 0.637906 9.99911E-05
9.998E-05 9.998E-05 0.9997 9.998E-05
0.9997 9.998E-05 9.998E-05 9.998E-05
0.0404429 9.99821E-05 9.99821E-05 0.959357
0.354542 0.0413821 0.273206 0.33087
0.197485 0.129553 0.408752 0.264211
0.372302 9.99822E-05 9.99822E-05 0.627498
9.99822E-05 9.99822E-05 0.782127 0.217673
0.314724 9.99911E-05 0.0890721 0.596104
0.75248 9.99911E-05 0.0875287 0.159891
0.323524 9.99911E-05 0.219494 0.456882
9.99911E-05 0.0864094 0.72609 0.187401
0.659097 9.99822E-05 0.340703 9.99822E-05
0.106366 0.0178151 0.218767 0.657052
0.0926868 9.99911E-05 0.617002 0.290211
0.118888 9.99822E-05 9.99822E-05 0.880912
0.204789 9.99822E-05 0.795011 9.99822E-05
0.182507 9.99911E-05 0.780088 0.0373049
9.99822E-05 9.99822E-05 0.907869 0.0919308
0.370105 9.99911E-05 0.254703 0.375092
0.719761 0.0177893 9.99911E-05 0.262349
9.99822E-05 0.0117771 0.988023 9.99822E-05
0.681199 9.99821E-05 9.99821E-05 0.318601
0.713142 9.99822E-05 9.99822E-05 0.286658
9.99822E-05 9.99822E-05 0.620666 0.379134
9.99821E-05 9.99821E-05 0.797932 0.201868
0.669829 9.99821E-05 9.99821E-05 0.329971
0.569503 0.0848303 0.217921 0.127745
0.183145 9.99911E-05 0.719463 0.0972926
0.965609 0.0341911 9.99823E-05 9.99823E-05
0.286072 9.99822E-05 0.713728 9.99822E-05
0.0328451 9.99911E-05 0.529256 0.437799
0.492175 9.99821E-05 9.99821E-05 0.507625
0.0957723 9.99911E-05 0.584092 0.320036
0.299333 9.99822E-05 9.99822E-05 0.700467
0.002893 0.000889166 0.232443 0.763775
0.454348 0.214287 0.197229 0.134136
0.472138 9.99821E-05 9.99821E-05 0.527662
0.565228 0.0399304 0.224543 0.170299
0.138145 0.00907905 0.852676 9.99911E-05
9.998E-05 9.998E-05 9.998E-05 0.9997
0.538392 9.99821E-05 9.99821E-05 0.461408
0.261243 9.99822E-05 9.99822E-05 0.738557
0.416537 9.99822E-05 9.99822E-05 0.583263
0.228368 9.99911E-05 0.144711 0.626821
9.998E-05 9.998E-05 0.9997 9.998E-05
0.0101395 9.99911E-05 0.820127 0.169633
9.99911E-05 0.0189093 0.0635399 0.917451
9.99822E-05 9.99822E-05 0.946096 0.0537039
0.566008 9.99911E-05 0.0206988 0.413193
9.99821E-05 9.99821E-05 0.777759 0.222041
0.214714 9.99821E-05 0.785086 9.99821E-05
0.399191 9.99822E-05 9.99822E-05 0.600609
0.0636243 9.99823E-05 9.99823E-05 0.936176
9.998E-05 9.998E-05 9.998E-05 0.9997
9.99911E-05 0.075116 0.684149 0.240635
0.0304803 0.0611823 0.908237 9.9991E-05
9.998E-05 9.998E-05 0.9997 9.998E-05
9.99822E-05 9.99822E-05 0.186283 0.813517
0.249976 9.99911E-05 0.599418 0.150506
0.398022 9.9991E-05 0.261519 0.34036
0.850398 9.99822E-05 9.99822E-05 0.149402
0.348668 9.99822E-05 0.651132 9.99822E-05
0.189778 9.99911E-05 0.0683661 0.741756
9.99822E-05 9.99822E-05 0.803531 0.196269
9.99911E-05 0.0979464 0.372669 0.529285
0.0191329 9.99911E-05 0.707673 0.273095
0.207428 9.99823E-05 0.792372 9.99823E-05
