9.993E-05 0.999201 9.993E-05 9.993E-05 9.993E-05 9.993E-05 9.993E-05 9.993E-05 9.993E-05
9.99465E-05 9.99465E-05 9.99465E-05 0.533388 9.99465E-05 9.99465E-05 0.234845 9.99465E-05 0.231168
9.99464E-05 9.99464E-05 9.99464E-05 0.312032 9.99464E-05 9.99464E-05 9.99464E-05 0.222422 0.464946
9.99555E-05 9.99555E-05 0.318255 0.131221 0.143985 9.99555E-05 9.99555E-05 9.99555E-05 0.406039
9.99466E-05 9.99466E-05 9.99466E-05 0.861971 0.0748333 0.062596 9.99466E-05 9.99466E-05 9.99466E-05
9.99554E-05 9.99554E-05 0.0295445 9.99554E-05 0.275647 0.508313 0.185995 9.99554E-05 9.99554E-05
9.99464E-05 9.99464E-05 0.580101 9.99464E-05 0.264945 9.99464E-05 9.99464E-05 9.99464E-05 0.154354
9.996E-05 9.996E-05 0.315919 0.321648 9.996E-05 0.179746 0.166963 0.015323 9.996E-05
9.99552E-05 9.99552E-05 9.99552E-05 0.184968 0.173516 9.99552E-05 9.99552E-05 0.399741 0.241276
9.99554E-05 9.99554E-05 0.0215951 0.391848 9.99554E-05 9.99554E-05 9.99554E-05 0.216421 0.369636
9.99556E-05 9.99556E-05 9.99556E-05 0.129927 9.99556E-05 9.99556E-05 0.038681 0.00402356 0.826869
0.232732 9.99461E-05 9.99461E-05 0.0747649 9.99461E-05 9.99461E-05 9.99461E-05 0.691903 9.99461E-05
9.99643E-05 9.99643E-05 0.0404859 0.301688 9.99643E-05 9.99643E-05 0.534722 0.090407 0.0322969
9.99467E-05 9.99467E-05 0.427722 9.99467E-05 0.182846 9.99467E-05 9.99467E-05 0.388832 9.99467E-05
9.99379E-05 9.99379E-05 9.99379E-05 9.99379E-05 0.484818 9.99379E-05 9.99379E-05 9.99379E-05 0.514483
0.1413 9.99555E-05 0.098588 9.99555E-05 0.422376 9.99555E-05 9.99555E-05 9.99555E-05 0.337236
9.99644E-05 9.99644E-05 0.129951 0.214596 0.48919 0.0328824 0.13298 9.99644E-05 9.99644E-05
9.99554E-05 9.99554E-05 9.99554E-05 0.484854 0.384179 9.99554E-05 0.0149372 9.99554E-05 0.11553
9.99465E-05 9.99465E-05 0.289722 0.0402158 9.99465E-05 9.99465E-05 9.99465E-05 0.669462 9.99465E-05
9.99553E-05 9.99553E-05 0.347833 0.30539 9.99553E-05 0.121645 9.99553E-05 9.99553E-05 0.224632
0.21046 9.995E-05 0.19093 9.995E-05 9.995E-05 0.516224 9.995E-05 9.995E-05 0.0818862
9.99554E-05 9.99554E-05 9.99554E-05 9.99554E-05 9.99554E-05 0.38179 0.466874 0.0833125 0.0675237
0.284551 9.99553E-05 0.215881 9.99553E-05 0.394197 0.104872 9.99553E-05 9.99553E-05 9.99553E-05
0.328733 9.99553E-05 0.00193597 0.207035 9.99553E-05 0.461796 9.99553E-05 9.99553E-05 9.99553E-05
9.99556E-05 9.99556E-05 9.99556E-05 0.63759 9.99556E-05 9.99556E-05 0.181892 0.179283 0.000735805
0.0344344 9.99553E-05 9.99553E-05 0.686801 9.99553E-05 9.99553E-05 0.199013 9.99553E-05 0.0792514
9.99376E-05 9.99376E-05 0.941048 9.99376E-05 9.99376E-05 9.99376E-05 9.99376E-05 0.0582525 9.99376E-05
9.99464E-05 9.99464E-05 0.264822 9.99464E-05 9.99464E-05 9.99464E-05 9.99464E-05 0.0079218 0.726656
9.99553E-05 9.99553E-05 0.183365 0.455294 9.99553E-05 9.99553E-05 0.352764 0.00807656 9.99553E-05
0.0911128 9.99554E-05 0.38561 9.99554E-05 9.99554E-05 9.99554E-05 9.99554E-05 0.277648 0.24513
9.99373E-05 9.99373E-05 0.813245 9.99373E-05 9.99373E-05 9.99373E-05 0.186056 9.99373E-05 9.99373E-05
9.99643E-05 9.99643E-05 0.88428 0.056169 9.99643E-05 0.000247693 0.0412585 9.99643E-05 0.0176444
9.99374E-05 9.99374E-05 0.900447 9.99374E-05 0.0988533 9.99374E-05 9.99374E-05 9.99374E-05 9.99374E-05
9.99642E-05 9.99642E-05 0.0423249 0.162211 0.495856 0.246722 9.99642E-05 0.0524859 9.99642E-05
9.994E-05 9.994E-05 9.994E-05 0.263611 0.469739 9.994E-05 9.994E-05 0.26605 9.994E-05
0.109815 9.99733E-05 0.0168195 0.139503 0.0536608 0.211797 0.468104 9.99733E-05 9.99733E-05
9.99643E-05 0.0688046 0.612714 0.271498 9.99643E-05 0.0345988 0.0119851 9.99643E-05 9.99643E-05
9.99463E-05 9.99463E-05 0.498647 9.99463E-05 9.99463E-05 9.99463E-05 0.255459 9.99463E-05 0.245294
9.996E-05 0.0119591 9.996E-05 0.0306217 0.659874 9.996E-05 9.996E-05 0.050257 0.246888
0.0966729 0.0358891 9.99733E-05 9.99733E-05 0.25558 0.00291218 0.228215 9.99733E-05 0.380431
9.99463E-05 9.99463E-05 0.220184 9.99463E-05 9.99463E-05 9.99463E-05 0.0124797 9.99463E-05 0.766737
9.99644E-05 9.99644E-05 0.352303 9.99644E-05 0.140881 0.16008 9.99644E-05 0.269854 0.0764827
0.00124019 0.000924901 0.159821 9.99642E-05 0.457207 9.99642E-05 9.99642E-05 0.380407 9.99642E-05
9.99554E-05 9.99554E-05 0.516158 9.99554E-05 0.0388179 9.99554E-05 0.0628661 9.99554E-05 0.381658
9.99643E-05 9.99643E-05 0.304718 0.00924907 9.99643E-05 9.99643E-05 0.315285 0.162134 0.208214
9.99554E-05 9.99554E-05 9.99554E-05 0.790921 0.0737085 9.99554E-05 0.0816572 0.0532134 9.99554E-05
0.0371529 9.99642E-05 0.287973 0.309944 0.213865 9.99642E-05 9.99642E-05 9.99642E-05 0.150666
0.158599 9.99732E-05 9.99732E-05 9.99732E-05 0.075875 0.175364 0.206331 0.0414319 0.3421
0.382753 9.99552E-05 9.99552E-05 9.99552E-05 9.99552E-05 0.0129091 0.0454198 9.99552E-05 0.558418
0.406985 9.99554E-05 9.99554E-05 0.110165 0.453228 0.0291214 9.99554E-05 9.99554E-05 9.99554E-05
9.99553E-05 9.99553E-05 9.99553E-05 0.11214 0.000421834 0.764175 9.99553E-05 9.99553E-05 0.122764
0.0182321 9.99467E-05 9.99467E-05 9.99467E-05 9.99467E-05 0.897482 9.99467E-05 9.99467E-05 0.0836865
9.99464E-05 9.99464E-05 0.854491 9.99464E-05 9.99464E-05 0.130476 9.99464E-05 0.0144332 9.99464E-05
9.99555E-05 9.99555E-05 0.230177 9.99555E-05 9.99555E-05 0.417946 9.99555E-05 0.246067 0.105311
0.94654 0.0527607 9.99373E-05 9.99373E-05 9.99373E-05 9.99373E-05 9.99373E-05 9.99373E-05 9.99373E-05
9.99378E-05 9.99378E-05 9.99378E-05 9.99378E-05 9.99378E-05 0.388414 9.99378E-05 0.610887 9.99378E-05
9.99464E-05 9.99464E-05 9.99464E-05 0.471058 9.99464E-05 0.217441 9.99464E-05 9.99464E-05 0.310901
9.99467E-05 9.99467E-05 9.99467E-05 0.622596 0.206634 9.99467E-05 9.99467E-05 0.17017 9.99467E-05
0.106371 9.99643E-05 9.99643E-05 0.0302536 9.99643E-05 9.99643E-05 0.531557 0.162382 0.169036
0.0447612 9.99552E-05 9.99552E-05 0.680073 0.25618 9.99552E-05 9.99552E-05 0.0184859 9.99552E-05
9.99555E-05 9.99555E-05 0.196203 0.505697 9.99555E-05 9.99555E-05 0.188546 9.99555E-05 0.109054
9.99641E-05 0.042408 0.124283 0.496293 0.252793 9.99641E-05 9.99641E-05 9.99641E-05 0.0838234
9.99555E-05 9.99555E-05 0.206243 0.675907 0.0545698 9.99555E-05 9.99555E-05 0.0627808 9.99555E-05
9.99462E-05 9.99462E-05 0.406869 9.99462E-05 9.99462E-05 9.99462E-05 9.99462E-05 0.163387 0.429145
9.99463E-05 9.99463E-05 9.99463E-05 0.160709 9.99463E-05 0.0752617 9.99463E-05 9.99463E-05 0.76343
9.99463E-05 9.99463E-05 9.99463E-05 0.232887 9.99463E-05 9.99463E-05 0.521199 9.99463E-05 0.245313
0.255712 9.99376E-05 9.99376E-05 9.99376E-05 9.99376E-05 9.99376E-05 9.99376E-05 0.743589 9.99376E-05
9.99463E-05 9.99463E-05 9.99463E-05 9.99463E-05 9.99463E-05 9.99463E-05 0.654166 0.11711 0.228124
9.99464E-05 9.99464E-05 9.99464E-05 9.99464E-05 9.99464E-05 0.341615 0.46584 9.99464E-05 0.191946
9.99644E-05 9.99644E-05 9.99644E-05 0.0513716 0.0946045 0.0152408 9.99644E-05 0.157527 0.680856
9.99556E-05 0.0283637 0.148884 9.99556E-05 9.99556E-05 9.99556E-05 9.99556E-05 0.684307 0.137946
9.99465E-05 9.99465E-05 9.99465E-05 0.123539 9.99465E-05 0.631526 0.244336 9.99465E-05 9.99465E-05
0.274057 0.0231469 9.99643E-05 9.99643E-05 0.0670781 0.246512 9.99643E-05 0.388806 9.99643E-05
9.99375E-05 9.99375E-05 9.99375E-05 9.99375E-05 9.99375E-05 0.948606 9.99375E-05 0.0506943 9.99375E-05
0.132904 9.99643E-05 0.508832 0.0804937 0.0452573 9.99643E-05 9.99643E-05 0.232113 9.99643E-05
9.996E-05 0.0592809 0.412919 9.996E-05 0.00314396 0.299683 9.996E-05 0.224574 9.996E-05
9.99643E-05 0.0323169 9.99643E-05 0.157124 0.268633 0.506881 9.99643E-05 0.0346462 9.99643E-05
9.996E-05 9.996E-05 9.996E-05 0.275164 0.307516 9.996E-05 0.0786708 0.0872172 0.251032
0.470616 9.99553E-05 0.11246 9.99553E-05 9.99553E-05 9.99553E-05 0.0676309 0.348793 9.99553E-05
9.99733E-05 0.0245523 0.0171928 0.210236 0.280532 9.99733E-05 0.411987 9.99733E-05 0.0551997
0.0495639 9.99814E-05 0.166994 9.99814E-05 0.180668 0.0201752 9.99814E-05 0.101107 0.481192
0.0542561 9.99643E-05 9.99643E-05 0.550511 9.99643E-05 0.126208 0.0411006 9.99643E-05 0.227525
9.99553E-05 9.99553E-05 0.329662 9.99553E-05 0.399004 0.0619782 9.99553E-05 9.99553E-05 0.208856
9.99642E-05 9.99642E-05 0.175113 9.99642E-05 0.0873436 0.2392 0.235351 9.99642E-05 0.262593
0.233994 0.653287 9.99461E-05 9.99461E-05 9.99461E-05 9.99461E-05 9.99461E-05 9.99461E-05 0.112118
9.99554E-05 9.99554E-05 9.99554E-05 0.35914 0.332326 0.0958519 9.99554E-05 9.99554E-05 0.212182
0.0531292 9.99552E-05 0.0688625 9.99552E-05 0.730233 0.147276 9.99552E-05 9.99552E-05 9.99552E-05
9.99555E-05 9.99555E-05 9.99555E-05 0.289608 9.99555E-05 0.329317 9.99555E-05 0.0473024 0.333273
9.99376E-05 9.99376E-05 0.319013 9.99376E-05 9.99376E-05 9.99376E-05 0.680287 9.99376E-05 9.99376E-05
0.197568 9.99556E-05 9.99556E-05 9.99556E-05 9.99556E-05 0.140272 9.99556E-05 0.0209401 0.64072
9.99462E-05 9.99462E-05 0.104815 9.99462E-05 9.99462E-05 9.99462E-05 0.509155 9.99462E-05 0.38543
9.99379E-05 9.99379E-05 0.820305 9.99379E-05 9.99379E-05 9.99379E-05 9.99379E-05 0.178996 9.99379E-05
9.99554E-05 9.99554E-05 0.0056562 0.0605283 0.534245 9.99554E-05 9.99554E-05 9.99554E-05 0.399071
9.99733E-05 0.0554398 0.287145 0.41254 0.0122849 9.99733E-05 9.99733E-05 0.0312989 0.200991
0.133972 9.99555E-05 9.99555E-05 9.99555E-05 9.99555E-05 0.0958283 9.99555E-05 0.169025 0.600675
9.995E-05 9.995E-05 0.0814108 9.995E-05 0.0119462 9.995E-05 9.995E-05 0.879462 0.0266812
9.99553E-05 9.99553E-05 9.99553E-05 0.316185 9.99553E-05 0.0655268 9.99553E-05 0.237128 0.380661
0.123549 9.99642E-05 9.99642E-05 9.99642E-05 0.120704 0.286455 9.99642E-05 0.252667 0.216225
9.99732E-05 0.00947519 0.339612 0.00844965 0.00795036 9.99732E-05 0.361537 0.272675 9.99732E-05
0.0796616 9.99553E-05 0.47034 9.99553E-05 9.99553E-05 9.99553E-05 0.374482 9.99553E-05 0.0750167
0.413192 9.99466E-05 9.99466E-05 9.99466E-05 9.99466E-05 9.99466E-05 0.243905 9.99466E-05 0.342303
9.99554E-05 9.99554E-05 9.99554E-05 0.0636128 9.99554E-05 9.99554E-05 0.158243 0.392955 0.38469
9.99464E-05 9.99464E-05 0.173531 9.99464E-05 0.330338 9.99464E-05 0.495532 9.99464E-05 9.99464E-05
9.99552E-05 0.0265457 9.99552E-05 9.99552E-05 9.99552E-05 0.473911 0.0126449 0.486399 9.99552E-05
9.99643E-05 9.99643E-05 0.258789 9.99643E-05 0.140501 9.99643E-05 0.420763 0.154228 0.0253191
9.99463E-05 9.99463E-05 9.99463E-05 0.261767 0.122683 0.61495 9.99463E-05 9.99463E-05 9.99463E-05
9.99643E-05 9.99643E-05 0.0316565 0.0384843 9.99643E-05 0.454054 0.446227 0.0291788 9.99643E-05
0.254843 9.996E-05 9.996E-05 9.996E-05 9.996E-05 0.108487 0.236272 0.192582 0.207415
9.99642E-05 9.99642E-05 0.012402 0.271544 0.0787031 9.99642E-05 0.26225 0.374701 9.99642E-05
9.994E-05 9.994E-05 0.734637 9.994E-05 0.184403 9.994E-05 9.994E-05 9.994E-05 0.0803598
0.172364 9.99554E-05 9.99554E-05 0.606258 9.99554E-05 0.148906 0.0719716 9.99554E-05 9.99554E-05
9.995E-05 9.995E-05 0.176897 9.995E-05 0.2847 9.995E-05 9.995E-05 0.319785 0.218118
9.99464E-05 9.99464E-05 0.241066 9.99464E-05 0.374609 9.99464E-05 9.99464E-05 9.99464E-05 0.383725
9.99554E-05 9.99554E-05 9.99554E-05 0.379512 0.313302 0.00322444 0.303461 9.99554E-05 9.99554E-05
9.99373E-05 9.99373E-05 9.99373E-05 9.99373E-05 0.318926 9.99373E-05 9.99373E-05 9.99373E-05 0.680374
9.99643E-05 0.0124101 0.296149 0.122965 0.392948 9.99643E-05 9.99643E-05 0.175128 9.99643E-05
0.172761 9.99466E-05 0.512513 0.314126 9.99466E-05 9.99466E-05 9.99466E-05 9.99466E-05 9.99466E-05
9.99465E-05 9.99465E-05 9.99465E-05 9.99465E-05 0.363669 0.249374 9.99465E-05 9.99465E-05 0.386357
9.99469E-05 0.0232194 0.837002 9.99469E-05 9.99469E-05 0.139178 9.99469E-05 9.99469E-05 9.99469E-05
9.99466E-05 9.99466E-05 9.99466E-05 0.195391 9.99466E-05 0.57332 9.99466E-05 9.99466E-05 0.230689
9.99465E-05 9.99465E-05 0.059124 9.99465E-05 0.0446101 9.99465E-05 9.99465E-05 0.895666 9.99465E-05
9.99554E-05 9.99554E-05 0.254186 9.99554E-05 0.206019 9.99554E-05 9.99554E-05 0.287176 0.25212
0.0682209 9.99554E-05 9.99554E-05 9.99554E-05 9.99554E-05 0.0544852 9.99554E-05 0.481758 0.395036
9.99642E-05 9.99642E-05 0.1446 9.99642E-05 0.396838 9.99642E-05 0.154203 0.250011 0.0539484
9.99554E-05 9.99554E-05 0.454617 9.99554E-05 0.11836 9.99554E-05 9.99554E-05 0.0469872 0.379536
0.616699 9.99465E-05 9.99465E-05 9.99465E-05 9.99465E-05 0.125691 9.99465E-05 9.99465E-05 0.25701
9.99642E-05 9.99642E-05 0.615427 0.0102534 0.210463 9.99642E-05 0.0228603 0.140596 9.99642E-05
0.134282 9.99642E-05 0.179597 0.420551 9.99642E-05 9.99642E-05 9.99642E-05 0.13076 0.13441
0.0447104 0.0483354 0.0679288 0.183683 9.99732E-05 0.399576 0.255466 9.99732E-05 9.99732E-05
0.126021 9.99555E-05 9.99555E-05 9.99555E-05 0.537433 9.99555E-05 0.255749 0.0802977 9.99555E-05
9.99553E-05 9.99553E-05 0.652986 9.99553E-05 0.0966882 9.99553E-05 0.12207 0.127756 9.99553E-05
0.202311 9.99554E-05 9.99554E-05 0.0287387 0.443507 9.99554E-05 9.99554E-05 9.99554E-05 0.324944
9.99554E-05 9.99554E-05 0.34015 0.0287332 9.99554E-05 9.99554E-05 9.99554E-05 0.542461 0.0881559
9.99553E-05 9.99553E-05 0.303783 9.99553E-05 0.360017 0.198578 0.137122 9.99553E-05 9.99553E-05
9.99464E-05 9.99464E-05 0.0563205 0.810178 9.99464E-05 9.99464E-05 9.99464E-05 9.99464E-05 0.132902
9.99642E-05 0.0228343 9.99642E-05 0.625508 9.99642E-05 0.127783 9.99642E-05 0.073933 0.149542
0.10614 9.99643E-05 0.16972 9.99643E-05 0.251554 9.99643E-05 0.0892617 9.99643E-05 0.382925
9.99644E-05 9.99644E-05 0.00942124 0.145973 9.99644E-05 0.00783998 0.291052 9.99644E-05 0.545314
0.0335587 9.99642E-05 0.38469 9.99642E-05 0.200974 9.99642E-05 9.99642E-05 0.311084 0.0692942
9.99464E-05 9.99464E-05 9.99464E-05 9.99464E-05 0.0134276 9.99464E-05 0.241007 9.99464E-05 0.744965
0.142774 9.99732E-05 0.18486 0.207168 0.0346883 9.99732E-05 0.0489888 9.99732E-05 0.381221
9.99466E-05 9.99466E-05 0.414876 9.99466E-05 0.505613 9.99466E-05 9.99466E-05 9.99466E-05 0.0789111
9.99467E-05 9.99467E-05 9.99467E-05 9.99467E-05 0.484811 9.99467E-05 0.173336 0.341253 9.99467E-05
9.99553E-05 9.99553E-05 9.99553E-05 0.116945 0.794791 9.99553E-05 0.0567633 0.0310011 9.99553E-05
0.0293542 9.99733E-05 0.127603 0.445922 0.142219 9.99733E-05 0.110022 9.99733E-05 0.144579
9.99462E-05 9.99462E-05 9.99462E-05 0.0699839 9.99462E-05 9.99462E-05 0.341703 9.99462E-05 0.587714
9.99464E-05 9.99464E-05 9.99464E-05 0.478064 9.99464E-05 0.207152 9.99464E-05 9.99464E-05 0.314184
9.994E-05 9.994E-05 9.994E-05 0.156733 0.582981 9.994E-05 0.259686 9.994E-05 9.994E-05
9.99465E-05 9.99465E-05 0.268776 9.99465E-05 9.99465E-05 0.0703423 9.99465E-05 9.99465E-05 0.660282
9.99553E-05 9.99553E-05 0.344635 0.0538182 0.177514 9.99553E-05 9.99553E-05 9.99553E-05 0.423533
9.99466E-05 0.00273662 0.481947 9.99466E-05 0.514716 9.99466E-05 9.99466E-05 9.99466E-05 9.99466E-05
9.99466E-05 9.99466E-05 0.186276 9.99466E-05 9.99466E-05 9.99466E-05 0.415483 9.99466E-05 0.397642
0.0975743 9.99642E-05 0.193959 9.99642E-05 0.175612 9.99642E-05 0.0817729 9.99642E-05 0.450681
0.229629 9.99465E-05 9.99465E-05 0.042475 9.99465E-05 9.99465E-05 0.727297 9.99465E-05 9.99465E-05
0.325927 9.99555E-05 9.99555E-05 9.99555E-05 0.397072 9.99555E-05 0.183931 9.99555E-05 0.0925694
0.0525124 9.99552E-05 9.99552E-05 0.200193 9.99552E-05 0.0207527 0.726042 9.99552E-05 9.99552E-05
9.99377E-05 9.99377E-05 9.99377E-05 0.256907 9.99377E-05 9.99377E-05 0.742394 9.99377E-05 9.99377E-05
