9.999E-05 0.9998 9.999E-05
9.999E-05 9.999E-05 0.9998
0.117576 9.99911E-05 0.882324
0.614081 0.0263779 0.359541
0.139839 9.99911E-05 0.860061
0.937589 0.016739 0.0456721
0.987427 9.99911E-05 0.0124734
0.285623 9.99911E-05 0.714277
0.865934 9.99911E-05 0.133966
0.529055 9.99911E-05 0.470845
0.379942 9.99911E-05 0.619958
0.739892 0.00485405 0.255254
0.13615 0.0762946 0.787555
0.924882 9.99911E-05 0.0750182
0.396395 9.99911E-05 0.603505
0.857807 9.99912E-05 0.142093
0.411015 9.99911E-05 0.588885
0.243135 9.99911E-05 0.756765
0.9998 9.999E-05 9.999E-05
0.407762 9.99911E-05 0.592138
0.450998 9.99911E-05 0.548902
0.142086 9.99911E-05 0.857814
0.996032 0.00386827 9.99911E-05
0.307369 0.00658731 0.686044
9.999E-05 9.999E-05 0.9998
9.999E-05 9.999E-05 0.9998
0.9998 9.999E-05 9.999E-05
0.560509 9.99911E-05 0.439391
0.116988 9.99911E-05 0.882912
0.9998 9.999E-05 9.999E-05
0.448827 9.99911E-05 0.551073
0.515853 9.99911E-05 0.484047
0.993443 9.99911E-05 0.00645727
0.792917 9.99911E-05 0.206983
0.780539 9.99911E-05 0.219361
0.105358 9.99911E-05 0.894542
0.540392 0.136497 0.323111
0.304128 9.99911E-05 0.695772
0.55161 9.99911E-05 0.44829
0.110432 0.0721912 0.817377
0.427851 9.9991E-05 0.572049
0.9998 9.999E-05 9.999E-05
0.999765 0.000135063 9.99911E-05
0.634452 9.99911E-05 0.365448
0.531473 9.99911E-05 0.468427
9.999E-05 9.999E-05 0.9998
0.494543 9.99911E-05 0.505357
0.444118 9.99911E-05 0.555782
9.99911E-05 0.0188342 0.981066
0.316955 0.0759604 0.607085
9.999E-05 9.999E-05 0.9998
9.99911E-05 0.124735 0.875165
0.9998 9.999E-05 9.999E-05
0.644178 9.99911E-05 0.355722
9.99911E-05 0.477647 0.522253
0.765127 9.99912E-05 0.234773
0.0578755 9.99911E-05 0.942024
0.283374 9.99911E-05 0.716526
9.99911E-05 0.0497146 0.950185
0.44777 9.99911E-05 0.55213
0.269372 9.99911E-05 0.730528
0.30046 0.0181622 0.681378
0.506557 9.99911E-05 0.493343
0.918946 9.99911E-05 0.0809544
0.329544 9.99911E-05 0.670356
9.999E-05 9.999E-05 0.9998
0.751627 9.99912E-05 0.248273
0.249923 9.99911E-05 0.749977
9.99911E-05 0.0468825 0.953017
0.717071 9.99911E-05 0.282829
0.92308 0.0768197 9.99911E-05
0.15156 9.99911E-05 0.84834
0.937373 0.0300059 0.032621
0.349006 0.0262614 0.624732
0.9998 9.999E-05 9.999E-05
0.819805 0.180095 9.9991E-05
0.356864 9.99911E-05 0.643036
0.0547278 9.99911E-05 0.945172
0.890023 0.109877 9.99911E-05
0.113099 0.0162684 0.870633
0.819111 9.99911E-05 0.180789
9.99911E-05 0.0260839 0.973816
0.881894 9.99911E-05 0.118006
0.412389 9.99911E-05 0.587511
9.9991E-05 0.859556 0.140344
0.19766 9.99911E-05 0.80224
0.944775 9.99911E-05 0.0551254
9.999E-05 9.999E-05 0.9998
0.730735 9.99911E-05 0.269165
0.508223 9.99912E-05 0.491677
0.234363 9.99911E-05 0.765537
0.954462 0.0454377 9.99911E-05
0.453971 9.99911E-05 0.545929
0.353573 0.0237348 0.622692
0.684958 0.00729179 0.30775
0.992142 9.99911E-05 0.00775837
0.435314 9.99911E-05 0.564586
0.847939 0.022726 0.129336
0.899022 9.99911E-05 0.100878
0.807708 9.99911E-05 0.192193
9.99911E-05 0.0974101 0.90249
0.639042 9.99911E-05 0.360858
0.518906 9.99911E-05 0.480994
0.442843 0.0172275 0.539929
0.844415 9.99911E-05 0.155485
0.134104 9.99911E-05 0.865796
0.178217 9.99911E-05 0.821683
0.0891809 0.0191797 0.891639
0.444465 9.99911E-05 0.555435
0.9998 9.999E-05 9.999E-05
9.999E-05 9.999E-05 0.9998
0.9998 9.999E-05 9.999E-05
0.9998 9.999E-05 9.999E-05
0.181496 9.99911E-05 0.818404
0.542115 9.99911E-05 0.457785
0.9998 9.999E-05 9.999E-05
0.474034 0.119061 0.406904
0.60661 9.99911E-05 0.39329
0.95149 0.0484103 9.99912E-05
0.51785 9.99911E-05 0.48205
0.965399 9.99911E-05 0.0345008
0.9998 9.999E-05 9.999E-05
0.930794 9.99911E-05 0.069106
0.9998 9.999E-05 9.999E-05
0.938543 0.0153278 0.0461294
0.566004 0.229603 0.204394
0.99961 9.99911E-05 0.000290062
0.60659 9.99911E-05 0.39331
0.00290005 0.0764995 0.9206
0.415689 9.99911E-05 0.584211
0.993386 9.99911E-05 0.00651394
0.77737 9.99911E-05 0.22253
0.9998 9.999E-05 9.999E-05
0.407635 9.99911E-05 0.592265
9.999E-05 9.999E-05 0.9998
9.999E-05 9.999E-05 0.9998
0.427677 0.0247851 0.547538
9.999E-05 9.999E-05 0.9998
0.9998 9.999E-05 9.999E-05
0.248896 9.99911E-05 0.751004
0.20446 9.99911E-05 0.79544
0.9998 9.999E-05 9.999E-05
0.791313 9.99912E-05 0.208587
0.625276 9.99911E-05 0.374624
0.240834 9.99911E-05 0.759066
9.999E-05 9.999E-05 0.9998
9.999E-05 9.999E-05 0.9998
0.273758 9.99911E-05 0.726142
0.845663 9.99911E-05 0.154237
0.825188 9.99911E-05 0.174712
0.870673 0.129227 9.99911E-05
0.388299 9.99911E-05 0.611601
0.688229 9.99911E-05 0.311671
9.999E-05 9.999E-05 0.9998
9.99912E-05 0.0632334 0.936667
9.999E-05 9.999E-05 0.9998
9.999E-05 9.999E-05 0.9998
