9.996E-05 9.996E-05 9.996E-05 0.9995 9.996E-05 9.996E-05
0.388756 0.521468 9.99732E-05 9.99732E-05 9.99732E-05 0.0894757
9.99732E-05 0.687592 9.99732E-05 9.99732E-05 0.152727 0.159381
0.308119 0.38624 9.99822E-05 0.0764659 0.228975 9.99822E-05
0.808987 9.99732E-05 0.0638431 9.99732E-05 9.99732E-05 0.12687
0.247269 9.99822E-05 0.171426 9.99822E-05 0.570161 0.0109437
0.203578 9.99643E-05 9.99643E-05 9.99643E-05 0.796022 9.99643E-05
9.99733E-05 0.341513 0.0488502 9.99733E-05 9.99733E-05 0.609337
0.266824 9.99732E-05 0.13384 9.99732E-05 0.599037 9.99732E-05
0.472661 0.165256 0.276073 9.998E-05 0.0858105 9.998E-05
0.0131662 0.356722 0.629118 9.99822E-05 0.00079389 9.99822E-05
9.99643E-05 9.99643E-05 9.99643E-05 9.99643E-05 0.261431 0.738169
0.0540939 0.40432 9.99821E-05 0.00856938 9.99821E-05 0.532816
0.526123 9.99733E-05 9.99733E-05 9.99733E-05 0.237745 0.235832
9.99734E-05 0.0248467 0.559126 9.99734E-05 9.99734E-05 0.415727
0.0313438 9.99733E-05 0.588751 9.99733E-05 0.379605 9.99733E-05
0.718656 0.0879677 0.193077 9.99734E-05 9.99734E-05 9.99734E-05
0.199348 0.288439 0.036001 9.99822E-05 9.99822E-05 0.476013
0.226776 9.99734E-05 0.566429 9.99734E-05 0.206495 9.99734E-05
9.99732E-05 0.679551 0.0126213 9.99732E-05 0.307528 9.99732E-05
0.0507075 0.297413 9.99822E-05 9.99822E-05 0.237831 0.413849
9.99822E-05 0.30706 0.175385 9.99822E-05 0.0633097 0.454046
0.269591 9.99733E-05 9.99733E-05 9.99733E-05 0.595136 0.134973
0.627075 0.372525 9.99644E-05 9.99644E-05 9.99644E-05 9.99644E-05
9.99734E-05 0.713242 0.231672 9.99734E-05 9.99734E-05 0.0547858
0.241705 0.581205 9.99732E-05 9.99732E-05 9.99732E-05 0.17679
0.0382623 9.99733E-05 9.99733E-05 9.99733E-05 0.808448 0.15299
9.99643E-05 0.583239 9.99643E-05 9.99643E-05 0.416361 9.99643E-05
0.0576338 0.202185 0.0469722 9.9991E-05 0.0552507 0.637859
9.99734E-05 0.129602 9.99734E-05 9.99734E-05 0.774143 0.0959553
9.997E-05 0.236111 9.997E-05 9.997E-05 0.578659 0.18493
0.137998 0.251393 9.99732E-05 9.99732E-05 0.610309 9.99732E-05
9.996E-05 9.996E-05 9.996E-05 9.996E-05 0.9995 9.996E-05
0.102243 9.99821E-05 0.300219 9.99821E-05 0.192375 0.404964
0.682184 9.99642E-05 0.317416 9.99642E-05 9.99642E-05 9.99642E-05
0.0196104 0.111392 9.998E-05 9.998E-05 0.245599 0.623199
0.235362 9.99821E-05 0.535876 0.171675 9.99821E-05 0.0568866
9.997E-05 0.305439 9.997E-05 9.997E-05 0.427566 0.266695
0.134599 9.99731E-05 0.74146 9.99731E-05 9.99731E-05 0.123641
9.99911E-05 0.646612 0.115415 0.0672768 0.0917723 0.0788237
0.0202187 0.370245 9.99821E-05 9.99821E-05 0.563299 0.0460375
9.99734E-05 9.99734E-05 0.0649345 9.99734E-05 0.715872 0.218893
9.998E-05 9.998E-05 0.210063 0.0456239 0.60189 0.142223
0.236198 9.996E-05 9.996E-05 9.996E-05 0.763402 9.996E-05
9.997E-05 0.44334 9.997E-05 9.997E-05 0.533699 0.0226614
0.255976 0.287482 9.997E-05 9.997E-05 9.997E-05 0.456241
0.478607 0.302825 9.99732E-05 9.99732E-05 0.218269 9.99732E-05
9.998E-05 0.444469 0.373304 9.998E-05 0.0676935 0.114333
9.99732E-05 0.519426 0.151411 9.99732E-05 9.99732E-05 0.328863
0.892692 0.0624853 9.99734E-05 9.99734E-05 9.99734E-05 0.0445231
0.109904 0.784821 0.104975 9.99732E-05 9.99732E-05 9.99732E-05
9.99646E-05 0.966077 9.99646E-05 9.99646E-05 9.99646E-05 0.0335227
0.0882634 0.322632 9.99733E-05 9.99733E-05 0.588804 9.99733E-05
9.99732E-05 9.99732E-05 0.374304 9.99732E-05 0.373931 0.251465
9.99733E-05 0.0629027 9.99733E-05 0.397254 9.99733E-05 0.539544
0.133655 9.99644E-05 0.865946 9.99644E-05 9.99644E-05 9.99644E-05
0.282693 0.357868 0.297806 9.99821E-05 9.99821E-05 0.0614334
0.285239 9.99733E-05 0.32672 9.99733E-05 9.99733E-05 0.387741
9.997E-05 0.886038 9.997E-05 0.0192557 9.997E-05 0.0944061
0.499288 0.131609 9.99731E-05 9.99731E-05 9.99731E-05 0.368803
0.184256 0.581301 9.99911E-05 0.000985299 0.191023 0.0423348
0.336039 0.222554 9.99821E-05 9.99821E-05 0.00137327 0.439833
0.659084 0.167476 0.0656044 9.998E-05 0.107636 9.998E-05
0.0214881 0.330198 9.997E-05 9.997E-05 0.648014 9.997E-05
0.160657 0.704551 9.99821E-05 0.00181998 0.132772 9.99821E-05
0.175258 0.814614 9.99733E-05 9.99733E-05 9.99733E-05 0.00982792
9.996E-05 9.996E-05 9.996E-05 9.996E-05 0.182409 0.817191
9.997E-05 0.409541 9.997E-05 9.997E-05 0.269059 0.3211
9.997E-05 0.677027 0.103218 9.997E-05 9.997E-05 0.219455
0.036838 0.469032 0.0866787 9.998E-05 0.407251 9.998E-05
9.99823E-05 0.0357275 0.281212 0.0395968 0.643264 9.99823E-05
0.00601716 0.583126 9.99822E-05 9.99822E-05 0.0147729 0.395884
0.109194 9.999E-05 0.193456 0.0538572 0.169871 0.473523
9.99911E-05 0.419065 0.0797901 0.0461763 0.0202085 0.43466
0.0166524 0.047878 9.99733E-05 9.99733E-05 0.93517 9.99733E-05
0.0642956 9.999E-05 0.394056 0.0502266 0.279374 0.211949
9.996E-05 0.490754 9.996E-05 9.996E-05 9.996E-05 0.508847
0.377879 0.314846 0.306976 9.99733E-05 9.99733E-05 9.99733E-05
9.99733E-05 0.139961 0.412189 9.99733E-05 0.44755 9.99733E-05
0.358472 0.0481007 9.999E-05 0.00931316 0.161821 0.422194
9.99643E-05 0.262182 9.99643E-05 9.99643E-05 0.737418 9.99643E-05
9.996E-05 0.521146 9.996E-05 9.996E-05 9.996E-05 0.478454
0.0406313 9.997E-05 0.123741 9.997E-05 0.835328 9.997E-05
9.998E-05 0.272043 0.0355736 9.998E-05 0.304888 0.387296
0.0799607 0.0425174 0.129724 0.747598 9.9982E-05 9.9982E-05
0.077242 0.266974 0.0980812 9.998E-05 9.998E-05 0.557503
9.99732E-05 9.99732E-05 0.373639 9.99732E-05 0.368946 0.257116
9.997E-05 0.344351 0.207016 9.997E-05 9.997E-05 0.448334
9.99644E-05 9.99644E-05 9.99644E-05 9.99644E-05 0.446406 0.553195
9.99733E-05 0.229969 0.729837 0.0398944 9.99733E-05 9.99733E-05
9.99642E-05 0.597496 9.99642E-05 9.99642E-05 0.402104 9.99642E-05
0.327073 9.99734E-05 9.99734E-05 0.0113875 0.66124 9.99734E-05
0.375547 0.113078 0.180572 9.998E-05 0.330604 9.998E-05
0.281417 0.55404 0.164243 9.99733E-05 9.99733E-05 9.99733E-05
9.99822E-05 0.709647 0.00566049 0.0149068 0.269586 9.99822E-05
9.99732E-05 9.99732E-05 0.176746 9.99732E-05 0.699816 0.123138
9.998E-05 0.441779 0.13961 9.998E-05 0.185223 0.233188
0.0913941 9.99822E-05 0.000614426 9.99822E-05 0.655504 0.252288
9.99732E-05 9.99732E-05 0.245033 9.99732E-05 0.511727 0.24294
0.0324542 0.157982 9.998E-05 9.998E-05 0.67756 0.131803
9.99734E-05 0.292481 9.99734E-05 9.99734E-05 0.304665 0.402554
9.99732E-05 0.128882 0.704031 9.99732E-05 0.166788 9.99732E-05
0.173755 9.998E-05 0.128732 9.998E-05 0.450274 0.24704
9.998E-05 0.111579 0.451502 9.998E-05 0.237749 0.19897
0.416362 9.998E-05 0.293271 9.998E-05 0.236963 0.0532041
9.997E-05 0.23543 0.386559 9.997E-05 9.997E-05 0.377711
9.996E-05 0.0740126 9.996E-05 9.996E-05 9.996E-05 0.925588
9.996E-05 0.234963 9.996E-05 9.996E-05 9.996E-05 0.764638
0.185429 9.99732E-05 9.99732E-05 9.99732E-05 0.288519 0.525752
0.0939302 9.99732E-05 9.99732E-05 9.99732E-05 0.867615 0.0381552
0.00523555 0.228662 0.0241659 9.99822E-05 9.99822E-05 0.741737
9.99643E-05 9.99643E-05 0.260471 9.99643E-05 0.739129 9.99643E-05
0.0945955 9.997E-05 0.295165 9.997E-05 0.60994 9.997E-05
0.590395 0.409205 9.99643E-05 9.99643E-05 9.99643E-05 9.99643E-05
9.99732E-05 0.296201 0.30373 9.99732E-05 0.399769 9.99732E-05
0.519127 9.99732E-05 0.220588 9.99732E-05 0.259985 9.99732E-05
0.4112 9.998E-05 9.998E-05 0.0729377 0.126811 0.388852
0.17215 0.147405 9.99822E-05 9.99822E-05 0.372535 0.30771
0.576468 9.99822E-05 9.99822E-05 0.111191 0.0410363 0.271105
0.00996077 0.567224 0.384872 9.99822E-05 0.0377428 9.99822E-05
9.997E-05 9.997E-05 0.245917 9.997E-05 0.435525 0.318257
0.0787344 9.99733E-05 0.0862302 9.99733E-05 0.834735 9.99733E-05
0.139378 0.356986 0.503336 9.99733E-05 9.99733E-05 9.99733E-05
9.99643E-05 9.99643E-05 0.277961 9.99643E-05 0.721639 9.99643E-05
0.354307 0.0316923 9.99911E-05 0.00335075 0.592387 0.0181633
9.999E-05 0.0170889 0.251349 0.13616 0.360542 0.234761
0.407167 0.014792 9.998E-05 9.998E-05 0.509409 0.068432
0.206526 0.289141 9.998E-05 0.0188762 0.485257 9.998E-05
0.124885 0.0822159 9.99822E-05 0.0369105 9.99822E-05 0.755788
9.99733E-05 9.99733E-05 0.208916 9.99733E-05 0.187306 0.603478
0.155378 9.997E-05 9.997E-05 9.997E-05 0.543953 0.300369
0.16655 9.99733E-05 0.203959 9.99733E-05 0.629191 9.99733E-05
0.042934 9.99911E-05 0.0801187 0.00750434 0.740514 0.128829
0.407408 0.161592 9.998E-05 9.998E-05 0.274681 0.156119
0.119895 0.629062 9.99732E-05 9.99732E-05 9.99732E-05 0.250743
0.339837 0.619359 0.0405041 9.997E-05 9.997E-05 9.997E-05
0.160987 0.198082 0.0882244 9.99822E-05 0.552507 9.99822E-05
0.143444 0.856156 9.99644E-05 9.99644E-05 9.99644E-05 9.99644E-05
0.11639 9.99822E-05 0.0827873 9.99822E-05 0.64623 0.154392
9.99733E-05 0.374416 9.99733E-05 9.99733E-05 0.533036 0.0922479
9.998E-05 0.13509 0.092553 9.998E-05 0.32619 0.445967
0.432149 0.180419 9.997E-05 9.997E-05 0.387132 9.997E-05
0.783443 9.99734E-05 9.99734E-05 9.99734E-05 0.0292864 0.186971
0.903739 9.99643E-05 9.99643E-05 9.99643E-05 0.0958614 9.99643E-05
0.328139 0.527525 0.144036 9.997E-05 9.997E-05 9.997E-05
9.998E-05 0.596542 0.0256004 9.998E-05 0.161618 0.216041
0.304657 0.694943 9.99643E-05 9.99643E-05 9.99643E-05 9.99643E-05
0.461111 0.0584568 0.00745234 9.99911E-05 0.15197 0.32091
0.123324 0.402226 9.997E-05 9.997E-05 0.47415 9.997E-05
0.378734 0.082679 0.0132736 9.99911E-05 0.52471 0.000503476
0.463888 9.998E-05 0.250435 0.0238862 0.26159 9.998E-05
9.996E-05 0.638476 9.996E-05 9.996E-05 0.361124 9.996E-05
0.301465 0.0880955 9.99732E-05 9.99732E-05 0.61014 9.99732E-05
0.0722792 0.393031 0.374923 9.998E-05 9.998E-05 0.159567
0.00658615 0.204459 0.47695 9.998E-05 9.998E-05 0.311804
0.0957652 0.688474 9.998E-05 9.998E-05 0.055911 0.15965
9.996E-05 0.488601 0.510999 9.996E-05 9.996E-05 9.996E-05
