9.995E-05 9.995E-05 9.995E-05 0.9994 9.995E-05 9.995E-05 9.995E-05
0.374385 9.99643E-05 9.99643E-05 9.99643E-05 9.99643E-05 0.0458587 0.579357
9.99732E-05 0.0865252 9.99732E-05 0.0600497 0.162602 9.99732E-05 0.690524
0.227086 9.99733E-05 9.99733E-05 0.0183301 9.99733E-05 0.182263 0.572021
0.728368 0.0476564 9.99733E-05 9.99733E-05 9.99733E-05 0.183477 0.0401988
0.0538116 0.145885 9.99644E-05 9.99644E-05 9.99644E-05 0.799904 9.99644E-05
9.99642E-05 0.185394 9.99642E-05 9.99642E-05 0.104519 0.709688 9.99642E-05
9.99644E-05 0.590065 9.99644E-05 9.99644E-05 9.99644E-05 0.253927 0.155609
0.198008 9.99642E-05 9.99642E-05 9.99642E-05 0.314436 0.487156 9.99642E-05
0.163881 9.99643E-05 9.99643E-05 9.99643E-05 9.99643E-05 0.458745 0.376974
9.99644E-05 9.99644E-05 0.00670981 9.99644E-05 9.99644E-05 0.188128 0.804762
9.99644E-05 0.484384 0.041631 9.99644E-05 0.473585 9.99644E-05 9.99644E-05
0.0739698 0.61234 9.99732E-05 0.0148849 9.99732E-05 9.99732E-05 0.298505
0.33519 0.421583 9.99645E-05 9.99645E-05 0.242826 9.99645E-05 9.99645E-05
9.99732E-05 0.0288721 0.699666 9.99732E-05 0.0229338 9.99732E-05 0.248228
9.99554E-05 9.99554E-05 0.48326 9.99554E-05 9.99554E-05 0.51624 9.99554E-05
0.529329 0.0437043 9.99733E-05 9.99733E-05 9.99733E-05 0.092024 0.334643
0.152109 0.0740963 0.0688478 9.99822E-05 0.230129 9.99822E-05 0.474618
0.739022 0.0238302 9.99645E-05 9.99645E-05 0.236748 9.99645E-05 9.99645E-05
9.99643E-05 0.507741 9.99643E-05 9.99643E-05 9.99643E-05 0.0730205 0.418839
9.99644E-05 0.392241 9.99644E-05 9.99644E-05 9.99644E-05 0.5696 0.0377591
9.998E-05 0.29925 0.0674701 0.024728 9.998E-05 0.306057 0.302295
9.99555E-05 9.99555E-05 9.99555E-05 9.99555E-05 0.26524 0.73426 9.99555E-05
0.0892346 0.000785528 9.99734E-05 9.99734E-05 9.99734E-05 0.844476 0.0652036
0.108682 9.99645E-05 0.0795958 9.99645E-05 9.99645E-05 9.99645E-05 0.811322
0.118721 0.233124 0.136375 9.99822E-05 9.99822E-05 0.0135346 0.498045
0.0620566 0.656469 9.99732E-05 9.99732E-05 0.127382 0.153793 9.99732E-05
9.99643E-05 9.99643E-05 9.99643E-05 9.99643E-05 0.400032 0.0501057 0.549462
0.19623 0.686672 9.99642E-05 9.99642E-05 0.116698 9.99642E-05 9.99642E-05
0.0625334 0.130561 9.99733E-05 9.99733E-05 0.646217 9.99733E-05 0.160389
9.99642E-05 0.727221 9.99642E-05 9.99642E-05 0.232386 9.99642E-05 0.0399936
9.99642E-05 0.362129 9.99642E-05 9.99642E-05 0.0687562 0.568715 9.99642E-05
9.99642E-05 0.256857 9.99642E-05 9.99642E-05 0.444972 0.297771 9.99642E-05
0.308155 0.319659 9.99642E-05 9.99642E-05 0.371787 9.99642E-05 9.99642E-05
0.873047 9.99552E-05 9.99552E-05 9.99552E-05 0.126453 9.99552E-05 9.99552E-05
9.99734E-05 0.738284 0.0183733 9.99734E-05 0.096597 0.146446 9.99734E-05
0.320621 0.171699 0.132632 0.120919 9.99821E-05 0.253929 9.99821E-05
9.99553E-05 0.735445 9.99553E-05 9.99553E-05 9.99553E-05 9.99553E-05 0.264055
0.384044 9.99642E-05 0.275439 9.99642E-05 0.340117 9.99642E-05 9.99642E-05
9.99733E-05 9.99733E-05 0.228907 0.000677599 0.522053 9.99733E-05 0.248063
9.99731E-05 0.0290077 9.99731E-05 9.99731E-05 0.183339 0.0653276 0.722026
9.99644E-05 9.99644E-05 0.143971 9.99644E-05 0.650955 0.204674 9.99644E-05
0.0884021 9.99642E-05 0.0597824 9.99642E-05 0.851416 9.99642E-05 9.99642E-05
0.0587318 9.99643E-05 9.99643E-05 9.99643E-05 9.99643E-05 0.60128 0.339589
9.996E-05 0.380239 9.996E-05 9.996E-05 0.0843316 9.996E-05 0.535029
0.390142 0.285259 9.99644E-05 9.99644E-05 9.99644E-05 9.99644E-05 0.324199
0.312733 9.99911E-05 0.119387 0.00725889 0.212084 0.114084 0.234353
9.997E-05 0.0150284 0.178381 9.997E-05 0.471037 9.997E-05 0.335253
9.99643E-05 0.0957187 0.357756 9.99643E-05 9.99643E-05 9.99643E-05 0.546125
0.0724618 0.0868182 0.528013 9.99732E-05 9.99732E-05 0.312407 9.99732E-05
9.99554E-05 9.99554E-05 9.99554E-05 9.99554E-05 9.99554E-05 0.64275 0.35675
9.99822E-05 0.365225 0.0863627 0.0253076 9.99822E-05 0.137223 0.385682
0.044696 0.0602968 9.99911E-05 0.0197285 0.307575 0.301211 0.266392
9.99822E-05 0.183666 0.190045 9.99822E-05 0.325739 0.276872 0.023478
9.99644E-05 0.422608 0.317325 0.259668 9.99644E-05 9.99644E-05 9.99644E-05
0.334727 9.99823E-05 0.096055 9.99823E-05 0.446313 0.0206655 0.10204
0.348457 0.0756334 9.99732E-05 9.99732E-05 9.99732E-05 0.107511 0.468099
0.253374 0.277788 0.101889 9.99822E-05 9.99822E-05 0.242745 0.124005
9.99644E-05 0.4377 0.0746245 9.99644E-05 9.99644E-05 9.99644E-05 0.487276
0.687132 0.217589 9.99643E-05 9.99643E-05 9.99643E-05 9.99643E-05 0.0948791
0.0591829 0.409426 0.0138425 9.99733E-05 9.99733E-05 9.99733E-05 0.517248
0.437313 0.39363 9.996E-05 9.996E-05 9.996E-05 9.996E-05 0.168657
0.586572 0.128594 0.0403032 9.99821E-05 9.99821E-05 0.238464 0.00586775
9.99642E-05 9.99642E-05 9.99642E-05 9.99642E-05 0.353269 0.0264205 0.61991
0.0270853 9.99642E-05 9.99642E-05 9.99642E-05 0.0919881 9.99642E-05 0.880527
9.996E-05 0.293682 0.145511 9.996E-05 9.996E-05 9.996E-05 0.560407
9.99557E-05 0.332295 9.99557E-05 9.99557E-05 0.667205 9.99557E-05 9.99557E-05
9.99642E-05 0.483925 9.99642E-05 9.99642E-05 0.174956 9.99642E-05 0.340719
0.0292705 0.311881 0.118472 9.99733E-05 9.99733E-05 9.99733E-05 0.540077
9.997E-05 9.997E-05 0.132479 9.997E-05 0.327384 0.152818 0.38702
9.99733E-05 9.99733E-05 0.108323 0.0640082 0.745794 9.99733E-05 0.081575
9.99645E-05 0.449379 9.99645E-05 9.99645E-05 9.99645E-05 0.285032 0.265189
0.173852 0.0976149 0.165691 0.0836512 0.198658 0.280433 9.99911E-05
9.99733E-05 0.371094 9.99733E-05 9.99733E-05 0.0818549 0.334163 0.212588
0.0851019 0.153112 9.99733E-05 9.99733E-05 0.750248 9.99733E-05 0.0112386
0.273823 0.167818 9.99821E-05 0.103609 0.0348576 0.419693 9.99821E-05
0.0456445 0.645951 9.99643E-05 9.99643E-05 0.308004 9.99643E-05 9.99643E-05
0.310635 9.99733E-05 0.136007 9.99733E-05 9.99733E-05 0.185563 0.367496
9.99733E-05 9.99733E-05 0.0143962 0.0942599 0.55589 0.335154 9.99733E-05
0.431282 0.135327 9.99822E-05 0.0412659 0.232255 9.99822E-05 0.15967
9.99732E-05 0.062211 9.99732E-05 9.99732E-05 0.568023 0.0709679 0.298498
9.99732E-05 0.321272 0.212765 9.99732E-05 0.091571 9.99732E-05 0.374092
9.99642E-05 9.99642E-05 0.205021 9.99642E-05 0.495673 0.298907 9.99642E-05
9.99644E-05 0.607083 9.99644E-05 9.99644E-05 9.99644E-05 0.152117 0.2404
9.99641E-05 9.99641E-05 9.99641E-05 0.666803 0.0390722 9.99641E-05 0.293725
0.263158 0.251174 0.142977 9.99822E-05 0.00395222 9.99822E-05 0.338539
9.99732E-05 0.108486 0.248485 9.99732E-05 0.604117 0.0386124 9.99732E-05
0.150858 0.324731 0.0570006 9.99734E-05 9.99734E-05 9.99734E-05 0.467111
0.206947 0.70235 9.99643E-05 9.99643E-05 0.0903036 9.99643E-05 9.99643E-05
9.99733E-05 0.10895 0.362941 9.99733E-05 9.99733E-05 0.0910988 0.436711
9.99821E-05 0.0184668 0.17892 9.99821E-05 0.259142 0.0211314 0.52214
0.497081 9.99645E-05 9.99645E-05 9.99645E-05 0.367822 0.134697 9.99645E-05
0.192212 9.99821E-05 0.0652089 9.99821E-05 0.437316 0.249506 0.055557
0.575056 9.99733E-05 0.0364035 9.99733E-05 9.99733E-05 0.00581442 0.382426
9.99733E-05 9.99733E-05 9.99733E-05 0.0302863 0.28824 0.00790671 0.673267
9.99643E-05 9.99643E-05 9.99643E-05 9.99643E-05 0.911206 0.0244645 0.0639297
0.0380211 9.996E-05 9.996E-05 9.996E-05 0.509954 9.996E-05 0.451625
9.99643E-05 9.99643E-05 9.99643E-05 9.99643E-05 0.77439 0.131729 0.0934816
0.174139 0.251241 9.99821E-05 9.99821E-05 0.39061 0.0955687 0.0882413
9.99732E-05 0.336839 0.00946474 9.99732E-05 0.202452 0.450944 9.99732E-05
9.99822E-05 0.38379 0.213817 0.130597 0.05363 9.99822E-05 0.217966
9.99644E-05 9.99644E-05 0.232376 9.99644E-05 0.373818 9.99644E-05 0.393406
0.314978 0.186578 0.159974 9.99911E-05 0.243498 0.0379297 0.0569421
9.99732E-05 0.127705 9.99732E-05 9.99732E-05 0.519386 0.278917 0.0736914
0.43135 9.99643E-05 0.328426 9.99643E-05 9.99643E-05 0.239825 9.99643E-05
9.99732E-05 0.381906 0.220472 9.99732E-05 9.99732E-05 0.268259 0.129062
9.995E-05 0.9994 9.995E-05 9.995E-05 9.995E-05 9.995E-05 9.995E-05
9.99732E-05 0.537458 0.0804703 9.99732E-05 0.165133 9.99732E-05 0.216639
0.115821 0.694959 9.996E-05 9.996E-05 0.18882 9.996E-05 9.996E-05
0.17793 0.0759718 9.99732E-05 9.99732E-05 0.466683 0.279116 9.99732E-05
0.235976 0.603587 9.99644E-05 9.99644E-05 9.99644E-05 0.160037 9.99644E-05
0.121754 9.99732E-05 0.0178618 9.99732E-05 0.763537 9.99732E-05 0.0965468
0.139865 9.99911E-05 0.00529548 0.0726635 0.000314433 0.656332 0.125429
0.110791 0.0277658 9.99733E-05 9.99733E-05 9.99733E-05 0.342638 0.518505
9.99642E-05 9.99642E-05 0.227442 9.99642E-05 0.126304 9.99642E-05 0.645854
0.584114 9.99732E-05 9.99732E-05 0.0242894 0.0978097 0.293487 9.99732E-05
0.234539 0.359571 0.169294 0.0253263 9.99822E-05 0.211069 9.99822E-05
0.264258 0.260193 0.0456104 9.99822E-05 0.321493 9.99822E-05 0.108246
0.549303 0.23378 9.99734E-05 0.0879482 9.99734E-05 0.128669 9.99734E-05
9.998E-05 0.0834797 0.0298196 9.998E-05 0.176413 0.0859192 0.624168
9.995E-05 9.995E-05 9.995E-05 9.995E-05 0.9994 9.995E-05 9.995E-05
9.99643E-05 9.99643E-05 0.126091 9.99643E-05 0.845101 0.0284075 9.99643E-05
0.24089 9.99733E-05 0.0452058 9.99733E-05 0.0964364 9.99733E-05 0.617168
9.99554E-05 9.99554E-05 9.99554E-05 9.99554E-05 0.805996 0.193505 9.99554E-05
0.135552 9.99822E-05 0.0905883 9.99822E-05 0.339723 0.341542 0.0923945
9.99822E-05 0.0833426 0.363671 0.15588 0.377512 0.0193942 9.99822E-05
0.323698 0.288166 9.99732E-05 9.99732E-05 0.279598 0.108238 9.99732E-05
0.271147 9.99733E-05 9.99733E-05 9.99733E-05 0.0773645 0.134048 0.51714
9.99733E-05 0.346884 9.99733E-05 0.0355559 9.99733E-05 0.572839 0.0444217
9.99554E-05 9.99554E-05 0.644522 9.99554E-05 0.354978 9.99554E-05 9.99554E-05
9.99643E-05 0.441826 9.99643E-05 9.99643E-05 0.512805 0.0449692 9.99643E-05
9.99643E-05 9.99643E-05 0.180989 9.99643E-05 0.170007 0.648605 9.99643E-05
0.0637079 0.00275931 9.99822E-05 9.99822E-05 0.768202 0.144766 0.020365
0.402293 0.40729 9.99642E-05 9.99642E-05 0.190017 9.99642E-05 9.99642E-05
0.314691 0.379052 9.996E-05 9.996E-05 9.996E-05 9.996E-05 0.305857
0.525346 0.0706574 9.99643E-05 9.99643E-05 9.99643E-05 9.99643E-05 0.403597
0.0568561 9.998E-05 0.317235 9.998E-05 0.372037 0.0492869 0.204385
9.99555E-05 9.99555E-05 9.99555E-05 9.99555E-05 9.99555E-05 0.1447 0.8548
9.99642E-05 9.99642E-05 0.00746975 9.99642E-05 0.609207 0.382924 9.99642E-05
9.997E-05 9.997E-05 0.212406 9.997E-05 0.271225 0.0584773 0.457592
9.99821E-05 0.392086 0.23784 0.000631352 0.247617 9.99821E-05 0.121627
0.28276 9.99822E-05 0.033304 9.99822E-05 0.457699 0.0789292 0.147109
0.599934 0.140707 9.997E-05 9.997E-05 0.257566 0.00149228 9.997E-05
0.599337 9.99553E-05 9.99553E-05 9.99553E-05 9.99553E-05 0.400164 9.99553E-05
0.255307 0.119146 0.28955 9.99732E-05 9.99732E-05 9.99732E-05 0.335698
9.99642E-05 0.233222 0.0908666 9.99642E-05 9.99642E-05 9.99642E-05 0.675512
0.0317645 0.110099 9.99732E-05 9.99732E-05 9.99732E-05 0.147758 0.710079
0.309977 0.0404554 0.181625 9.99821E-05 0.43073 9.99821E-05 0.0370121
9.99732E-05 0.0465821 9.99732E-05 0.0641787 0.385877 9.99732E-05 0.503062
0.378013 9.99732E-05 9.99732E-05 9.99732E-05 0.0704963 0.258457 0.292734
0.708121 9.99645E-05 9.99645E-05 9.99645E-05 0.182988 0.108491 9.99645E-05
9.99733E-05 0.419274 9.99733E-05 9.99733E-05 0.0197233 0.0704821 0.490221
0.034354 9.99731E-05 9.99731E-05 9.99731E-05 0.17833 0.448387 0.33863
9.99733E-05 0.305234 0.367449 9.99733E-05 9.99733E-05 0.0508968 0.27612
9.995E-05 9.995E-05 0.9994 9.995E-05 9.995E-05 9.995E-05 9.995E-05
0.0236946 0.457876 9.99821E-05 9.99821E-05 0.0842724 0.053171 0.380786
9.996E-05 0.212972 0.510071 9.996E-05 9.996E-05 9.996E-05 0.276558
