9.99201E-05 9.99201E-05 0.999101 9.99201E-05 9.99201E-05 9.99201E-05 9.99201E-05 9.99201E-05 9.99201E-05 9.99201E-05
9.99463E-05 0.139117 9.99463E-05 9.99463E-05 9.99463E-05 0.454115 0.0507471 9.99463E-05 0.355422 9.99463E-05
9.99285E-05 0.937047 9.99285E-05 9.99285E-05 9.99285E-05 9.99285E-05 9.99285E-05 0.0621532 9.99285E-05 9.99285E-05
0.389283 0.00126619 9.99733E-05 0.0774307 9.99733E-05 0.0879794 0.0154647 9.99733E-05 0.299428 0.128848
9.99376E-05 9.99376E-05 9.99376E-05 9.99376E-05 0.28557 9.99376E-05 9.99376E-05 9.99376E-05 0.653008 0.0607225
0.39427 9.99553E-05 9.99553E-05 0.180061 0.233762 9.99553E-05 0.0208464 9.99553E-05 9.99553E-05 0.17056
0.104678 9.99464E-05 9.99464E-05 0.364949 9.99464E-05 9.99464E-05 9.99464E-05 9.99464E-05 0.0546815 0.475091
0.0967155 0.0132733 9.99554E-05 0.366995 9.99554E-05 0.319391 9.99554E-05 0.203126 9.99554E-05 9.99554E-05
9.99372E-05 0.180718 9.99372E-05 9.99372E-05 9.99372E-05 9.99372E-05 9.99372E-05 0.398272 9.99372E-05 0.420311
0.400604 9.99642E-05 9.99642E-05 0.0112372 9.99642E-05 0.0648874 9.99642E-05 0.0603835 0.0828606 0.379628
0.248112 0.318853 9.99465E-05 9.99465E-05 9.99465E-05 0.157109 9.99465E-05 9.99465E-05 9.99465E-05 0.275326
9.99285E-05 0.222363 9.99285E-05 9.99285E-05 9.99285E-05 9.99285E-05 9.99285E-05 0.776837 9.99285E-05 9.99285E-05
0.13783 0.337123 9.99643E-05 9.99643E-05 0.0723704 0.0608759 9.99643E-05 0.27319 0.11821 9.99643E-05
0.312493 9.99376E-05 9.99376E-05 9.99376E-05 9.99376E-05 9.99376E-05 9.99376E-05 0.39631 0.290498 9.99376E-05
9.99557E-05 0.517904 9.99557E-05 0.0141469 0.0243916 9.99557E-05 0.432832 9.99557E-05 9.99557E-05 0.0102258
9.99466E-05 9.99466E-05 9.99466E-05 9.99466E-05 9.99466E-05 0.198245 0.108467 9.99466E-05 0.0675734 0.625115
9.99465E-05 9.99465E-05 9.99465E-05 0.149642 9.99465E-05 0.264955 0.0443601 9.99465E-05 0.540443 9.99465E-05
9.99463E-05 0.256509 9.99463E-05 9.99463E-05 9.99463E-05 0.192822 0.128531 9.99463E-05 0.421538 9.99463E-05
0.22181 9.99376E-05 9.99376E-05 9.99376E-05 9.99376E-05 9.99376E-05 9.99376E-05 0.674855 0.102635 9.99376E-05
0.051736 0.416842 9.99553E-05 0.23611 0.240215 0.054598 9.99553E-05 9.99553E-05 9.99553E-05 9.99553E-05
0.463353 0.129603 9.99373E-05 9.99373E-05 0.406344 9.99373E-05 9.99373E-05 9.99373E-05 9.99373E-05 9.99373E-05
9.99464E-05 0.266971 9.99464E-05 9.99464E-05 0.502445 0.111836 9.99464E-05 0.118149 9.99464E-05 9.99464E-05
9.99554E-05 9.99554E-05 9.99554E-05 0.165187 0.0203089 9.99554E-05 0.255023 9.99554E-05 0.223841 0.33514
0.0155363 9.99554E-05 9.99554E-05 9.99554E-05 0.551183 0.131947 9.99554E-05 9.99554E-05 0.222643 0.0781919
9.9929E-05 0.589166 9.9929E-05 9.9929E-05 9.9929E-05 0.410035 9.9929E-05 9.9929E-05 9.9929E-05 9.9929E-05
9.99463E-05 0.458254 9.99463E-05 9.99463E-05 0.0413753 0.377346 9.99463E-05 9.99463E-05 0.122425 9.99463E-05
0.260562 9.99286E-05 9.99286E-05 0.738639 9.99286E-05 9.99286E-05 9.99286E-05 9.99286E-05 9.99286E-05 9.99286E-05
9.99464E-05 0.636038 9.99464E-05 0.179741 9.99464E-05 9.99464E-05 0.13639 9.99464E-05 9.99464E-05 0.0472315
9.99554E-05 0.470788 9.99554E-05 0.290239 0.0653122 9.99554E-05 9.99554E-05 0.156752 0.0164094 9.99554E-05
0.245152 0.617918 9.99465E-05 9.99465E-05 9.99465E-05 9.99465E-05 0.0874273 9.99465E-05 0.0489033 9.99465E-05
9.99285E-05 0.000221766 9.99285E-05 0.998979 9.99285E-05 9.99285E-05 9.99285E-05 9.99285E-05 9.99285E-05 9.99285E-05
9.99201E-05 9.99201E-05 9.99201E-05 0.999101 9.99201E-05 9.99201E-05 9.99201E-05 9.99201E-05 9.99201E-05 9.99201E-05
9.99201E-05 9.99201E-05 9.99201E-05 0.999101 9.99201E-05 9.99201E-05 9.99201E-05 9.99201E-05 9.99201E-05 9.99201E-05
0.0325139 0.0761019 9.99643E-05 0.310878 0.117051 9.99643E-05 0.220325 9.99643E-05 9.99643E-05 0.242731
0.00504493 9.99462E-05 9.99462E-05 9.99462E-05 9.99462E-05 9.99462E-05 0.18969 0.230488 0.574177 9.99462E-05
9.99466E-05 9.99466E-05 9.99466E-05 9.99466E-05 0.38701 0.309613 0.0227383 9.99466E-05 9.99466E-05 0.280039
0.323761 9.99731E-05 0.0730641 0.137229 0.162869 9.99731E-05 9.99731E-05 0.0549984 0.177461 0.0703175
9.99373E-05 0.273278 0.00344109 0.722581 9.99373E-05 9.99373E-05 9.99373E-05 9.99373E-05 9.99373E-05 9.99373E-05
9.99283E-05 9.99283E-05 9.99283E-05 9.99283E-05 9.99283E-05 9.99283E-05 0.68918 9.99283E-05 9.99283E-05 0.310021
9.99468E-05 0.263021 9.99468E-05 0.1536 9.99468E-05 0.0037916 0.578988 9.99468E-05 9.99468E-05 9.99468E-05
0.212601 0.461105 9.99642E-05 0.16126 9.99642E-05 0.0976208 0.00784335 9.99642E-05 9.99642E-05 0.0591697
0.266088 0.25865 9.99644E-05 0.0294459 9.99644E-05 9.99644E-05 9.99644E-05 0.221457 0.113701 0.110258
9.99552E-05 0.256064 0.0632859 9.99552E-05 9.99552E-05 9.99552E-05 0.364082 0.210008 9.99552E-05 0.106061
0.436565 0.0243438 9.99463E-05 0.287219 9.99463E-05 9.99463E-05 9.99463E-05 9.99463E-05 9.99463E-05 0.251273
0.558561 0.275476 9.99374E-05 9.99374E-05 9.99374E-05 0.165264 9.99374E-05 9.99374E-05 9.99374E-05 9.99374E-05
9.99554E-05 0.337563 9.99554E-05 0.0302253 0.0469015 0.13843 9.99554E-05 9.99554E-05 0.44638 9.99554E-05
9.99553E-05 0.25474 9.99553E-05 0.151453 0.0372009 9.99553E-05 9.99553E-05 9.99553E-05 0.448644 0.107462
9.99374E-05 9.99374E-05 9.99374E-05 0.0160236 9.99374E-05 0.0457721 0.937505 9.99374E-05 9.99374E-05 9.99374E-05
9.99642E-05 0.224174 9.99642E-05 0.00499799 0.162256 0.228039 0.098377 9.99642E-05 9.99642E-05 0.281757
9.99377E-05 9.99377E-05 9.99377E-05 9.99377E-05 9.99377E-05 0.465809 9.99377E-05 9.99377E-05 0.228894 0.304597
9.99553E-05 0.00999831 9.99553E-05 0.0548794 0.674721 0.170438 9.99553E-05 9.99553E-05 9.99553E-05 0.0894632
9.99466E-05 0.162067 9.99466E-05 0.038392 0.763238 0.0357041 9.99466E-05 9.99466E-05 9.99466E-05 9.99466E-05
0.585796 9.99375E-05 9.99375E-05 0.292365 9.99375E-05 9.99375E-05 9.99375E-05 9.99375E-05 0.121139 9.99375E-05
0.218383 9.99464E-05 9.99464E-05 9.99464E-05 0.385819 9.99464E-05 0.198083 0.197115 9.99464E-05 9.99464E-05
9.99286E-05 9.99286E-05 0.314867 9.99286E-05 9.99286E-05 0.684334 9.99286E-05 9.99286E-05 9.99286E-05 9.99286E-05
9.99555E-05 9.99555E-05 9.99555E-05 9.99555E-05 0.209683 9.99555E-05 0.145043 0.627256 0.0119143 0.00560384
9.99463E-05 0.140864 9.99463E-05 9.99463E-05 0.446448 9.99463E-05 9.99463E-05 9.99463E-05 0.262051 0.150038
9.99644E-05 0.0293685 9.99644E-05 9.99644E-05 0.006239 0.0993308 9.99644E-05 0.134198 0.363249 0.367215
9.99373E-05 0.0723255 9.99373E-05 9.99373E-05 9.99373E-05 0.682631 9.99373E-05 0.244344 9.99373E-05 9.99373E-05
9.99374E-05 0.21105 9.99374E-05 9.99374E-05 0.108329 9.99374E-05 9.99374E-05 9.99374E-05 0.679922 9.99374E-05
0.11908 0.449882 9.99554E-05 0.235057 0.0164298 0.179052 9.99554E-05 9.99554E-05 9.99554E-05 9.99554E-05
9.99284E-05 0.493488 9.99284E-05 9.99284E-05 9.99284E-05 9.99284E-05 9.99284E-05 9.99284E-05 0.505713 9.99284E-05
0.185631 9.99463E-05 9.99463E-05 9.99463E-05 9.99463E-05 0.197498 9.99463E-05 0.0563179 0.559953 9.99463E-05
0.280696 0.389872 9.99463E-05 0.271145 9.99463E-05 9.99463E-05 0.0576873 9.99463E-05 9.99463E-05 9.99463E-05
9.99463E-05 0.448845 9.99463E-05 9.99463E-05 0.0360495 9.99463E-05 0.237571 9.99463E-05 0.276935 9.99463E-05
9.99463E-05 0.319564 9.99463E-05 9.99463E-05 9.99463E-05 0.526459 0.0420049 9.99463E-05 0.111372 9.99463E-05
9.99467E-05 9.99467E-05 9.99467E-05 0.00137683 9.99467E-05 0.0827673 0.010373 0.904883 9.99467E-05 9.99467E-05
9.99464E-05 0.321074 9.99464E-05 0.365782 9.99464E-05 0.222495 0.0900483 9.99464E-05 9.99464E-05 9.99464E-05
9.99463E-05 0.0227335 9.99463E-05 9.99463E-05 0.186898 0.507186 0.282584 9.99463E-05 9.99463E-05 9.99463E-05
9.99553E-05 0.329549 9.99553E-05 9.99553E-05 9.99553E-05 9.99553E-05 0.313215 0.0615028 0.178182 0.117051
0.15812 0.146797 0.0515641 0.0282036 9.99733E-05 9.99733E-05 0.0458179 0.550556 9.99733E-05 0.0186418
9.99465E-05 0.0114955 9.99465E-05 0.190295 0.544833 0.252778 9.99465E-05 9.99465E-05 9.99465E-05 9.99465E-05
0.0794502 9.99555E-05 0.0225598 9.99555E-05 0.362088 9.99555E-05 9.99555E-05 0.191563 9.99555E-05 0.343839
9.99374E-05 9.99374E-05 9.99374E-05 9.99374E-05 0.849914 9.99374E-05 0.0996982 0.0496883 9.99374E-05 9.99374E-05
9.99554E-05 0.469002 9.99554E-05 0.0279395 0.136721 9.99554E-05 9.99554E-05 0.00216365 0.363673 9.99554E-05
0.222291 9.99641E-05 0.0162424 0.0732058 0.251337 9.99641E-05 9.99641E-05 0.281388 9.99641E-05 0.155135
9.99552E-05 9.99552E-05 9.99552E-05 0.226692 0.400031 9.99552E-05 0.222868 0.0518935 0.098016 9.99552E-05
9.99465E-05 0.463816 9.99465E-05 9.99465E-05 0.0369625 0.0358643 9.99465E-05 9.99465E-05 9.99465E-05 0.462758
0.114442 9.99643E-05 0.0632949 9.99643E-05 0.127363 0.12956 0.262164 0.302776 9.99643E-05 9.99643E-05
0.0344279 0.516199 9.99645E-05 0.00689918 9.99645E-05 9.99645E-05 0.150608 9.99645E-05 0.275177 0.0162891
9.99464E-05 0.533772 9.99464E-05 0.0954318 9.99464E-05 9.99464E-05 0.268903 9.99464E-05 9.99464E-05 0.101293
9.99464E-05 0.40784 9.99464E-05 9.99464E-05 0.212636 9.99464E-05 9.99464E-05 0.159689 0.219235 9.99464E-05
9.99375E-05 9.99375E-05 9.99375E-05 0.422753 9.99375E-05 9.99375E-05 0.384992 9.99375E-05 9.99375E-05 0.191556
9.99554E-05 0.304392 9.99554E-05 0.4754 0.112343 0.0320653 9.99554E-05 9.99554E-05 9.99554E-05 0.075299
9.9946E-05 0.0708067 0.602153 9.9946E-05 9.9946E-05 0.298393 9.9946E-05 9.9946E-05 9.9946E-05 0.0280478
0.0337327 0.645098 9.99465E-05 9.99465E-05 0.303947 9.99465E-05 9.99465E-05 9.99465E-05 9.99465E-05 0.0166227
9.99463E-05 9.99463E-05 9.99463E-05 0.216071 0.0454099 9.99463E-05 0.562493 9.99463E-05 9.99463E-05 0.175427
9.99375E-05 0.205629 9.99375E-05 9.99375E-05 0.634624 9.99375E-05 0.159047 9.99375E-05 9.99375E-05 9.99375E-05
0.687859 0.0808136 9.99553E-05 0.190615 9.99553E-05 0.0377242 9.99553E-05 0.00248861 9.99553E-05 9.99553E-05
9.997E-05 0.149476 9.997E-05 0.031523 0.387505 0.0802827 0.0188538 0.112429 9.997E-05 0.21963
0.0809756 0.352004 9.99551E-05 0.137974 9.99551E-05 0.400925 9.99551E-05 9.99551E-05 9.99551E-05 0.0276213
0.489645 0.122395 9.99377E-05 9.99377E-05 9.99377E-05 9.99377E-05 9.99377E-05 9.99377E-05 0.38726 9.99377E-05
9.99374E-05 9.99374E-05 9.99374E-05 9.99374E-05 9.99374E-05 9.99374E-05 0.48813 9.99374E-05 0.187342 0.323828
0.00393348 0.165606 0.0551483 9.99643E-05 9.99643E-05 0.190876 9.99643E-05 9.99643E-05 0.385162 0.198874
0.254806 0.140863 9.99466E-05 9.99466E-05 9.99466E-05 0.0491905 0.554541 9.99466E-05 9.99466E-05 9.99466E-05
9.99283E-05 0.244254 9.99283E-05 9.99283E-05 9.99283E-05 9.99283E-05 9.99283E-05 0.754947 9.99283E-05 9.99283E-05
9.99555E-05 0.65381 9.99555E-05 0.0173081 9.99555E-05 0.00792776 0.203223 0.117232 9.99555E-05 9.99555E-05
0.243524 0.109361 9.99464E-05 9.99464E-05 0.00057059 9.99464E-05 0.645945 9.99464E-05 9.99464E-05 9.99464E-05
0.618494 0.235243 9.99553E-05 0.0135107 9.99553E-05 9.99553E-05 9.99553E-05 0.0539992 9.99553E-05 0.0782536
0.365507 9.99462E-05 9.99462E-05 0.187984 9.99462E-05 0.292442 9.99462E-05 0.153468 9.99462E-05 9.99462E-05
0.0636685 0.548516 0.0392499 0.00374604 9.99556E-05 0.34432 9.99556E-05 9.99556E-05 9.99556E-05 9.99556E-05
0.0427727 0.315385 0.00181479 9.99643E-05 9.99643E-05 9.99643E-05 0.434409 0.190835 9.99643E-05 0.0143845
9.99644E-05 0.310416 9.99644E-05 0.387305 9.99644E-05 9.99644E-05 0.0453281 0.00819265 0.0837787 0.16458
9.99552E-05 0.0238799 9.99552E-05 9.99552E-05 0.261112 9.99552E-05 0.12987 0.579702 0.0049364 9.99552E-05
0.067329 9.99554E-05 9.99554E-05 9.99554E-05 9.99554E-05 0.195173 9.99554E-05 0.185668 0.311642 0.239689
9.99374E-05 9.99374E-05 9.99374E-05 0.0517947 0.68059 9.99374E-05 9.99374E-05 9.99374E-05 9.99374E-05 0.266916
0.0254605 9.99642E-05 9.99642E-05 0.145601 0.381244 0.266041 9.99642E-05 0.173581 0.00767149 9.99642E-05
9.99552E-05 0.140552 9.99552E-05 9.99552E-05 0.20917 0.222457 0.0486911 0.37863 9.99552E-05 9.99552E-05
0.019646 0.0967069 9.99641E-05 0.198805 9.99641E-05 0.124362 9.99641E-05 0.463281 0.0968 9.99641E-05
0.00156135 0.359063 9.99554E-05 0.295819 9.99554E-05 9.99554E-05 9.99554E-05 9.99554E-05 0.228641 0.114416
0.298926 9.99374E-05 9.99374E-05 9.99374E-05 0.355068 0.345306 9.99374E-05 9.99374E-05 9.99374E-05 9.99374E-05
0.119628 0.411494 9.99731E-05 0.0532818 9.99731E-05 9.99731E-05 0.0989205 0.0917768 0.0348006 0.189798
0.194208 9.99284E-05 9.99284E-05 9.99284E-05 9.99284E-05 9.99284E-05 9.99284E-05 9.99284E-05 9.99284E-05 0.804993
9.99464E-05 9.99464E-05 9.99464E-05 0.195978 9.99464E-05 0.415703 9.99464E-05 9.99464E-05 0.196268 0.191451
0.0822384 0.368668 9.99462E-05 9.99462E-05 9.99462E-05 9.99462E-05 0.155399 9.99462E-05 9.99462E-05 0.393095
0.251202 9.994E-05 9.994E-05 0.0144493 9.994E-05 9.994E-05 9.994E-05 9.994E-05 0.193389 0.540359
0.602927 9.99644E-05 9.99644E-05 0.0029155 0.0368563 9.99644E-05 9.99644E-05 0.0879187 0.261712 0.00727074
9.99554E-05 0.689596 9.99554E-05 9.99554E-05 0.149031 9.99554E-05 0.0466958 9.99554E-05 0.0449137 0.0692636
0.865615 9.99288E-05 9.99288E-05 9.99288E-05 9.99288E-05 9.99288E-05 9.99288E-05 9.99288E-05 0.133586 9.99288E-05
0.271883 9.99374E-05 9.99374E-05 9.99374E-05 0.143404 9.99374E-05 0.584014 9.99374E-05 9.99374E-05 9.99374E-05
9.99286E-05 9.99286E-05 9.99286E-05 9.99286E-05 9.99286E-05 9.99286E-05 0.465156 0.534044 9.99286E-05 9.99286E-05
0.334247 0.0368919 9.99642E-05 9.99642E-05 9.99642E-05 9.99642E-05 0.324755 0.141229 0.0224231 0.140054
0.180943 0.0248087 9.99643E-05 9.99643E-05 0.0376122 0.0695569 0.616924 0.0697558 9.99643E-05 9.99643E-05
9.99464E-05 9.99464E-05 9.99464E-05 0.0993419 9.99464E-05 9.99464E-05 0.432083 0.187776 9.99464E-05 0.280199
0.24702 0.125804 0.00380817 0.0890343 0.0666219 9.99732E-05 9.99732E-05 9.99732E-05 0.323021 0.144392
0.126804 0.144061 0.137936 9.99643E-05 0.3122 9.99643E-05 0.159642 9.99643E-05 9.99643E-05 0.118957
0.175581 9.99552E-05 9.99552E-05 0.260016 9.99552E-05 9.99552E-05 0.194798 0.0811658 0.287939 9.99552E-05
0.150712 0.476599 9.99554E-05 9.99554E-05 9.99554E-05 9.99554E-05 9.99554E-05 0.00608687 0.250172 0.115929
0.24653 9.99465E-05 9.99465E-05 9.99465E-05 0.213301 0.265221 9.99465E-05 9.99465E-05 9.99465E-05 0.274348
9.99554E-05 9.99554E-05 9.99554E-05 0.0388748 9.99554E-05 0.0803617 0.21183 0.16535 9.99554E-05 0.503084
9.99464E-05 9.99464E-05 9.99464E-05 0.54755 9.99464E-05 9.99464E-05 0.108677 0.258406 0.0847671 9.99464E-05
9.99377E-05 0.088444 9.99377E-05 9.99377E-05 9.99377E-05 9.99377E-05 9.99377E-05 9.99377E-05 0.00145568 0.909401
0.111344 0.0114886 0.035903 0.0885378 9.99732E-05 0.0141686 9.99732E-05 0.423269 0.314988 9.99732E-05
0.060299 9.99463E-05 9.99463E-05 0.194741 9.99463E-05 9.99463E-05 0.529999 9.99463E-05 0.214362 9.99463E-05
9.99373E-05 0.483112 9.99373E-05 9.99373E-05 9.99373E-05 0.0562768 9.99373E-05 9.99373E-05 0.459912 9.99373E-05
9.99553E-05 0.466792 9.99553E-05 9.99553E-05 0.136513 0.125652 9.99553E-05 0.0481632 0.222379 9.99553E-05
9.99464E-05 0.144636 9.99464E-05 0.257096 9.99464E-05 9.99464E-05 0.0579259 9.99464E-05 9.99464E-05 0.539742
9.99464E-05 0.425998 9.99464E-05 9.99464E-05 9.99464E-05 0.326252 0.023618 9.99464E-05 9.99464E-05 0.223532
0.326869 9.99552E-05 9.99552E-05 0.145147 9.99552E-05 9.99552E-05 0.0481716 0.231196 9.99552E-05 0.248118
9.99464E-05 0.197659 9.99464E-05 9.99464E-05 9.99464E-05 0.225606 0.171628 9.99464E-05 9.99464E-05 0.404508
9.99464E-05 0.624017 9.99464E-05 0.216579 0.0940778 9.99464E-05 9.99464E-05 9.99464E-05 9.99464E-05 0.0647266
9.99377E-05 9.99377E-05 9.99377E-05 0.0815875 9.99377E-05 9.99377E-05 0.173311 9.99377E-05 0.744402 9.99377E-05
9.99376E-05 9.99376E-05 9.99376E-05 0.171323 9.99376E-05 9.99376E-05 9.99376E-05 0.359162 0.468815 9.99376E-05
9.99465E-05 0.103035 9.99465E-05 0.119523 9.99465E-05 9.99465E-05 9.99465E-05 9.99465E-05 0.333432 0.44341
0.0267331 0.0788142 9.99643E-05 0.173881 9.99643E-05 0.337178 0.0712705 9.99643E-05 0.311724 9.99643E-05
9.99462E-05 0.629628 9.99462E-05 0.0657188 9.99462E-05 0.227787 9.99462E-05 9.99462E-05 9.99462E-05 0.0762662
9.99464E-05 0.0248727 9.99464E-05 0.298764 0.3539 9.99464E-05 9.99464E-05 9.99464E-05 0.321863 9.99464E-05
9.99554E-05 0.244544 9.99554E-05 9.99554E-05 9.99554E-05 0.0877226 0.0559974 9.99554E-05 0.256483 0.354753
0.036774 0.383763 0.0114706 0.362541 9.99732E-05 9.99732E-05 0.104698 0.0280236 0.0724301 9.99732E-05
0.0402022 0.0834213 9.99553E-05 0.263436 9.99553E-05 9.99553E-05 9.99553E-05 9.99553E-05 0.162898 0.449543
0.226895 9.99376E-05 9.99376E-05 0.213869 9.99376E-05 9.99376E-05 9.99376E-05 9.99376E-05 0.558537 9.99376E-05
9.99378E-05 0.53423 9.99378E-05 0.362771 9.99378E-05 0.102299 9.99378E-05 9.99378E-05 9.99378E-05 9.99378E-05
9.99553E-05 0.296748 9.99553E-05 0.265098 9.99553E-05 0.100492 9.99553E-05 9.99553E-05 0.115706 0.221456
9.99286E-05 9.99286E-05 9.99286E-05 0.247316 9.99286E-05 0.751885 9.99286E-05 9.99286E-05 9.99286E-05 9.99286E-05
9.99466E-05 9.99466E-05 0.0348546 9.99466E-05 9.99466E-05 0.501519 0.0453707 9.99466E-05 9.99466E-05 0.417656
9.99462E-05 0.0772142 9.99462E-05 0.150574 9.99462E-05 0.60739 0.164222 9.99462E-05 9.99462E-05 9.99462E-05
9.99466E-05 0.0562663 9.99466E-05 0.133696 0.158238 0.6512 9.99466E-05 9.99466E-05 9.99466E-05 9.99466E-05
