9.996E-05 9.996E-05 0.9995 9.996E-05 9.996E-05 9.996E-05
9.99643E-05 9.99643E-05 9.99643E-05 9.99643E-05 0.793006 0.206595
0.21839 0.289386 0.0101722 9.99911E-05 0.445516 0.0364362
0.321691 0.0524088 9.99822E-05 9.99822E-05 0.516944 0.108756
9.99733E-05 0.136865 9.99733E-05 9.99733E-05 0.01639 0.846445
0.140732 0.426608 9.99822E-05 0.286981 9.99822E-05 0.14548
0.38377 0.562768 9.99732E-05 9.99732E-05 9.99732E-05 0.0531614
9.99822E-05 0.261564 9.99822E-05 0.25291 0.393862 0.0914646
0.575985 9.99642E-05 9.99642E-05 9.99642E-05 9.99642E-05 0.423615
9.99821E-05 0.133141 9.99821E-05 0.155434 0.471613 0.239612
0.314729 0.303351 9.99733E-05 9.99733E-05 0.38162 9.99733E-05
0.000889391 0.158122 9.99822E-05 0.428852 9.99822E-05 0.411936
9.99821E-05 0.302836 9.99821E-05 0.164288 0.188659 0.344017
9.99644E-05 9.99644E-05 9.99644E-05 0.466406 9.99644E-05 0.533195
0.791375 0.146804 9.997E-05 9.997E-05 0.0615207 9.997E-05
0.767224 0.124321 9.99734E-05 0.108156 9.99734E-05 9.99734E-05
9.99644E-05 9.99644E-05 9.99644E-05 9.99644E-05 0.48685 0.51275
0.00497151 9.99822E-05 9.99822E-05 0.00412689 0.795232 0.19547
9.99822E-05 9.99822E-05 0.00715859 0.378397 0.0239178 0.590327
9.996E-05 0.770391 9.996E-05 9.996E-05 0.229209 9.996E-05
9.99732E-05 0.550065 9.99732E-05 0.262789 0.186846 9.99732E-05
9.99733E-05 0.334457 9.99733E-05 0.295478 0.369765 9.99733E-05
0.56765 9.99644E-05 9.99644E-05 0.43195 9.99644E-05 9.99644E-05
9.997E-05 9.997E-05 9.997E-05 0.256329 0.5274 0.215972
9.99645E-05 9.99645E-05 9.99645E-05 9.99645E-05 0.937024 0.0625762
0.119222 0.121329 9.99911E-05 0.0127867 0.612524 0.134038
9.99732E-05 0.679562 9.99732E-05 0.152674 9.99732E-05 0.167464
0.616274 0.085981 9.99821E-05 0.1046 0.192944 9.99821E-05
9.99732E-05 0.776841 9.99732E-05 0.0144636 9.99732E-05 0.208395
0.515825 0.0408571 9.99822E-05 0.299772 9.99822E-05 0.143346
0.1045 0.8951 9.99642E-05 9.99642E-05 9.99642E-05 9.99642E-05
0.0987559 0.618302 9.99822E-05 0.0306141 0.252128 9.99822E-05
0.347065 0.652536 9.99643E-05 9.99643E-05 9.99643E-05 9.99643E-05
0.059368 0.472323 9.99821E-05 0.157024 9.99821E-05 0.311085
0.0654461 9.99732E-05 9.99732E-05 0.0288588 9.99732E-05 0.905395
9.99734E-05 0.626257 9.99734E-05 0.245087 0.128356 9.99734E-05
9.99785E-05 0.32284 0.0888903 9.99785E-05 9.99785E-05 0.58797
0.0892807 0.910319 9.99642E-05 9.99642E-05 9.99642E-05 9.99642E-05
0.637531 9.996E-05 9.996E-05 9.996E-05 9.996E-05 0.362069
0.68086 9.99733E-05 0.0356269 9.99733E-05 0.283213 9.99733E-05
0.342433 0.215139 9.998E-05 0.0482042 0.394023 9.998E-05
0.696904 9.996E-05 9.996E-05 0.302696 9.996E-05 9.996E-05
0.692367 9.998E-05 0.0296219 0.0922775 9.998E-05 0.185534
0.588249 0.116531 9.99911E-05 0.0779048 0.151302 0.0659139
9.998E-05 0.534787 0.0223144 0.2707 0.171999 9.998E-05
9.99732E-05 0.0360836 9.99732E-05 9.99732E-05 0.520215 0.443401
0.313812 9.997E-05 9.997E-05 9.997E-05 0.273977 0.411912
0.34877 9.99732E-05 9.99732E-05 0.484998 0.165933 9.99732E-05
0.243871 0.151151 9.997E-05 9.997E-05 0.604678 9.997E-05
0.185917 9.99822E-05 9.99822E-05 0.278304 0.0275994 0.50798
9.99644E-05 0.208811 9.99644E-05 9.99644E-05 0.790789 9.99644E-05
9.99645E-05 0.700493 9.99645E-05 9.99645E-05 0.299107 9.99645E-05
0.0409054 0.103471 9.999E-05 0.465288 0.240251 0.149984
0.282388 0.332034 9.997E-05 0.385278 9.997E-05 9.997E-05
9.99822E-05 0.495844 0.37785 9.99822E-05 0.0778523 0.0482531
0.212926 9.999E-05 0.0051111 0.451291 0.164124 0.166448
0.0274283 0.443411 9.998E-05 9.998E-05 0.303027 0.225933
9.99823E-05 0.475932 9.99823E-05 0.021297 0.0492892 0.453282
9.998E-05 0.0343578 0.021406 0.18784 0.756197 9.998E-05
9.99643E-05 9.99643E-05 9.99643E-05 9.99643E-05 0.296814 0.702786
0.00242856 0.677195 9.99733E-05 9.99733E-05 0.320077 9.99733E-05
0.107027 0.277764 0.00959323 9.999E-05 0.152267 0.453249
0.0889166 9.99732E-05 9.99732E-05 9.99732E-05 0.386081 0.524703
0.629841 0.26999 9.99821E-05 9.99821E-05 0.0661114 0.0338578
0.308869 0.132185 0.0281448 9.998E-05 0.530602 9.998E-05
9.99644E-05 9.99644E-05 9.99644E-05 9.99644E-05 0.987066 0.0125336
9.996E-05 9.996E-05 9.996E-05 0.9995 9.996E-05 9.996E-05
0.133227 0.474151 9.99821E-05 0.221156 0.171266 9.99821E-05
0.0556133 9.99822E-05 0.0134665 0.119762 0.810958 9.99822E-05
0.64566 9.997E-05 9.997E-05 0.151031 0.203009 9.997E-05
0.464784 0.167244 0.0464502 0.321321 9.998E-05 9.998E-05
9.99733E-05 0.207585 9.99733E-05 0.325496 0.466619 9.99733E-05
0.298311 9.99822E-05 0.0204393 0.410606 9.99822E-05 0.270444
9.99822E-05 0.195117 0.0174266 0.60268 0.184577 9.99822E-05
0.33687 0.30515 9.998E-05 0.0850848 9.998E-05 0.272695
9.99821E-05 0.438042 0.0372014 0.168865 9.99821E-05 0.355692
9.998E-05 0.564239 9.998E-05 0.158688 0.237554 0.0393197
0.241422 0.38094 9.998E-05 9.998E-05 0.173221 0.204217
0.30834 9.99911E-05 0.0678825 0.562438 0.00393605 0.0573039
0.324337 0.095605 9.998E-05 9.998E-05 0.271041 0.308818
0.620022 0.379578 9.99643E-05 9.99643E-05 9.99643E-05 9.99643E-05
0.249175 0.0679408 9.99822E-05 9.99822E-05 0.46962 0.213064
0.936469 0.063131 9.99643E-05 9.99643E-05 9.99643E-05 9.99643E-05
0.0773629 0.781301 9.99822E-05 0.0459358 0.0951998 9.99822E-05
9.99731E-05 0.129091 0.701138 9.99731E-05 0.169471 9.99731E-05
0.0624107 0.522085 9.998E-05 9.998E-05 0.103682 0.311623
0.716393 9.99643E-05 9.99643E-05 0.283207 9.99643E-05 9.99643E-05
9.99822E-05 0.307075 0.0288974 0.286753 0.377074 9.99822E-05
9.99732E-05 0.62447 9.99732E-05 0.352343 9.99732E-05 0.0228866
0.210304 0.456648 0.0616852 9.998E-05 0.271163 9.998E-05
0.45097 0.238049 9.997E-05 9.997E-05 0.310681 9.997E-05
0.335483 9.99644E-05 9.99644E-05 9.99644E-05 9.99644E-05 0.664117
0.686003 9.997E-05 9.997E-05 9.997E-05 0.165819 0.147878
0.3579 9.998E-05 0.0426959 9.998E-05 0.281796 0.317408
0.183526 9.99822E-05 0.0739394 0.355207 0.387128 9.99822E-05
0.688836 0.0311538 9.99732E-05 0.279711 9.99732E-05 9.99732E-05
0.495389 0.23334 9.99732E-05 9.99732E-05 0.270971 9.99732E-05
0.495473 9.99642E-05 9.99642E-05 0.504127 9.99642E-05 9.99642E-05
0.149836 0.195771 9.998E-05 0.427547 9.998E-05 0.226646
0.296513 0.039344 9.9991E-05 0.654241 0.00266099 0.0071404
0.141938 0.440743 0.093266 9.998E-05 0.323852 9.998E-05
0.42989 0.151667 0.0112721 0.0635257 0.343545 9.999E-05
0.47343 0.194307 9.998E-05 9.998E-05 0.0879647 0.244099
0.210184 9.99822E-05 9.99822E-05 0.450792 0.310457 0.0283674
0.423989 9.99733E-05 9.99733E-05 0.167469 9.99733E-05 0.408243
9.997E-05 0.656679 9.997E-05 9.997E-05 0.223091 0.11993
9.997E-05 0.283222 9.997E-05 0.59157 0.124908 9.997E-05
9.998E-05 0.26063 0.0689638 0.497745 0.172461 9.998E-05
9.998E-05 0.191729 9.998E-05 0.437599 0.0728622 0.297609
0.268476 0.531201 9.997E-05 9.997E-05 9.997E-05 0.200024
9.998E-05 0.441109 9.998E-05 0.0982285 0.148038 0.312424
0.615539 9.997E-05 9.997E-05 0.114282 9.997E-05 0.269879
0.634844 0.159514 9.997E-05 9.997E-05 9.997E-05 0.205342
9.99733E-05 0.142019 9.99733E-05 9.99733E-05 0.753063 0.104619
0.75901 9.99642E-05 9.99642E-05 9.99642E-05 0.24059 9.99642E-05
0.26884 0.155517 9.99822E-05 0.0131135 9.99822E-05 0.56233
0.270908 0.0508958 0.0545373 0.309169 9.999E-05 0.31439
0.357917 0.448195 0.0123588 9.999E-05 0.0540495 0.12738
9.998E-05 0.168892 0.0833042 0.356447 9.998E-05 0.391157
0.134925 9.997E-05 9.997E-05 0.441932 0.422843 9.997E-05
0.447893 9.99732E-05 9.99732E-05 0.522424 0.0293828 9.99732E-05
0.780502 9.99732E-05 9.99732E-05 0.204685 9.99732E-05 0.0145136
0.261184 9.997E-05 9.997E-05 0.257327 0.481189 9.997E-05
0.745899 9.99732E-05 9.99732E-05 0.216787 9.99732E-05 0.0370147
0.577623 9.998E-05 0.0220333 0.284987 0.115157 9.998E-05
0.4074 0.142043 0.14627 0.304088 9.998E-05 9.998E-05
0.256056 0.0658945 9.99911E-05 0.124636 0.269296 0.284017
0.0710991 9.998E-05 9.998E-05 0.0167612 0.431867 0.480073
9.998E-05 0.555638 0.0962778 9.998E-05 0.0630204 0.284864
0.685995 0.0684709 0.00039735 0.0591727 9.99911E-05 0.185864
0.169778 0.292311 9.998E-05 0.417087 9.998E-05 0.120624
0.625614 9.996E-05 9.996E-05 9.996E-05 9.996E-05 0.373986
0.475015 9.999E-05 0.040873 0.174442 0.100266 0.209304
0.320905 0.0805186 9.999E-05 0.0408941 0.128568 0.429015
9.99821E-05 0.046311 9.99821E-05 0.0216291 0.5045 0.42736
0.0621823 0.123455 0.0315558 9.999E-05 0.545995 0.236712
0.65872 9.997E-05 9.997E-05 9.997E-05 0.132063 0.208918
0.205314 9.99644E-05 9.99644E-05 9.99644E-05 0.794286 9.99644E-05
0.482443 9.99821E-05 9.99821E-05 0.442819 0.0425385 0.0319997
0.623836 0.0151843 9.997E-05 9.997E-05 0.36068 9.997E-05
0.24602 0.748646 0.00503472 9.99732E-05 9.99732E-05 9.99732E-05
0.642209 9.99644E-05 9.99644E-05 9.99644E-05 9.99644E-05 0.357391
0.149546 9.99822E-05 9.99822E-05 0.308491 0.00159688 0.540166
0.338828 9.997E-05 9.997E-05 9.997E-05 0.0646887 0.596184
0.112121 9.99733E-05 9.99733E-05 9.99733E-05 0.663505 0.224074
0.110421 0.41977 9.997E-05 9.997E-05 0.46951 9.997E-05
9.99732E-05 0.135165 9.99732E-05 9.99732E-05 0.830376 0.0341595
0.445126 0.0555525 9.99822E-05 9.99822E-05 0.0978142 0.401307
0.52453 0.228783 0.0617702 9.998E-05 0.184717 9.998E-05
0.480912 0.196865 9.99794E-05 9.99794E-05 9.99794E-05 0.321923
0.161491 0.136677 9.997E-05 9.997E-05 9.997E-05 0.701532
0.115253 0.545643 9.99733E-05 9.99733E-05 0.338805 9.99733E-05
0.352424 9.998E-05 9.998E-05 0.311331 0.213809 0.122235
9.997E-05 0.280902 9.997E-05 0.0893663 0.629432 9.997E-05
0.533433 0.0271848 9.998E-05 9.998E-05 0.435776 0.00340666
9.997E-05 0.186286 9.997E-05 0.0916832 0.721731 9.997E-05
9.99644E-05 0.398347 9.99644E-05 9.99644E-05 0.601253 9.99644E-05
