0.9997 9.998E-05 9.998E-05 9.998E-05
9.998E-05 9.998E-05 9.998E-05 0.9997
0.100939 9.99911E-05 0.321297 0.577664
0.0558919 9.99911E-05 0.374993 0.569015
9.99823E-05 9.99823E-05 0.212983 0.786817
9.99911E-05 0.415318 0.525947 0.0586356
9.99822E-05 0.0873466 0.912453 9.99822E-05
9.998E-05 9.998E-05 9.998E-05 0.9997
9.999E-05 0.176474 0.59878 0.224647
9.99822E-05 9.99822E-05 0.629676 0.370124
9.99822E-05 9.99822E-05 0.244996 0.754804
9.999E-05 0.273057 0.585024 0.141819
0.0619566 9.99911E-05 0.183871 0.754072
9.999E-05 0.195132 0.689188 0.11558
9.999E-05 0.481077 0.284733 0.23409
9.99822E-05 0.566037 0.433763 9.99822E-05
9.99911E-05 0.404737 0.0466618 0.548501
9.99822E-05 0.0287692 9.99822E-05 0.971031
9.99911E-05 0.0889026 0.731388 0.179609
0.0873266 9.9991E-05 0.323075 0.589499
9.99822E-05 9.99822E-05 0.508367 0.491433
9.99823E-05 0.358077 9.99823E-05 0.641723
9.99822E-05 0.673969 0.325831 9.99822E-05
9.99822E-05 0.296563 9.99822E-05 0.703237
0.0876971 9.99822E-05 9.99822E-05 0.912103
0.0794047 0.043806 9.99911E-05 0.876689
0.0226298 9.99822E-05 0.97717 9.99822E-05
0.0710181 0.283672 0.47231 0.173
9.99911E-05 0.0190512 0.187953 0.792896
9.99822E-05 0.473557 0.526243 9.99822E-05
9.99821E-05 9.99821E-05 0.519168 0.480632
9.99822E-05 9.99822E-05 0.780835 0.218965
9.99911E-05 0.139212 0.846389 0.0142989
9.99911E-05 0.0700554 0.477446 0.452399
9.99911E-05 0.287543 0.343079 0.369278
9.99822E-05 0.457827 9.99822E-05 0.541973
0.0755282 9.99911E-05 0.387944 0.536428
9.99821E-05 9.99821E-05 0.480154 0.519646
9.99821E-05 0.713794 9.99821E-05 0.286006
0.0989034 0.614162 9.99911E-05 0.286835
9.9991E-05 0.0631453 0.632111 0.304643
9.99822E-05 0.284527 0.715273 9.99822E-05
0.0203308 0.498686 0.480884 9.99911E-05
9.99821E-05 0.222062 0.777738 9.99821E-05
0.0396134 9.99911E-05 0.600264 0.360023
0.0372483 9.99822E-05 9.99822E-05 0.962552
9.99911E-05 0.178465 0.391727 0.429707
9.99822E-05 0.872902 9.99822E-05 0.126898
0.0955352 0.135736 9.99911E-05 0.768629
9.998E-05 0.9997 9.998E-05 9.998E-05
9.99822E-05 0.212849 9.99822E-05 0.786951
0.0122898 9.99911E-05 0.121765 0.865845
9.99822E-05 9.99822E-05 0.847108 0.152692
9.99911E-05 0.243861 0.254162 0.501877
0.447619 0.341847 9.99911E-05 0.210434
9.99911E-05 0.385629 0.231412 0.382859
9.99821E-05 9.99821E-05 0.100853 0.898947
9.998E-05 9.998E-05 9.998E-05 0.9997
0.0419908 0.292739 9.99911E-05 0.66517
9.99821E-05 0.208417 9.99821E-05 0.791383
9.99822E-05 9.99822E-05 0.25228 0.74752
0.0116642 0.206926 9.99911E-05 0.78131
9.99822E-05 9.99822E-05 0.414681 0.585119
9.99821E-05 9.99821E-05 0.93865 0.06115
9.99821E-05 9.99821E-05 0.185104 0.814696
9.99822E-05 0.0160683 9.99822E-05 0.983732
9.998E-05 0.9997 9.998E-05 9.998E-05
9.9991E-05 0.416962 0.244872 0.338066
9.99821E-05 0.543779 9.99821E-05 0.456021
9.99822E-05 0.496656 0.503144 9.99822E-05
0.153626 9.99822E-05 0.846174 9.99822E-05
9.99822E-05 0.196508 9.99822E-05 0.803292
9.99911E-05 0.809702 0.159883 0.0303156
9.99822E-05 0.489103 9.99822E-05 0.510697
9.99822E-05 9.99822E-05 0.786878 0.212922
9.99911E-05 0.0618558 0.539128 0.398916
0.0023745 0.335 9.99911E-05 0.662526
9.99911E-05 0.048721 0.306693 0.644486
0.136928 0.835752 0.0272205 9.99911E-05
9.99911E-05 0.210282 0.424261 0.365357
9.99911E-05 0.298349 0.416839 0.284712
0.0255258 0.0691658 9.99911E-05 0.905208
9.99821E-05 0.378444 0.621356 9.99821E-05
0.0178801 0.21464 0.299308 0.468172
0.746533 0.214153 9.9991E-05 0.0392136
9.99822E-05 9.99822E-05 0.361369 0.638431
9.99821E-05 0.784281 0.215519 9.99821E-05
9.99822E-05 0.155564 9.99822E-05 0.844236
9.99911E-05 0.114796 0.830933 0.0541709
0.0997415 0.197602 0.407085 0.295571
0.0377667 0.277129 0.436984 0.24812
9.998E-05 9.998E-05 0.9997 9.998E-05
9.99821E-05 0.745439 0.254361 9.99821E-05
0.0769375 0.0787211 0.399702 0.444639
0.171258 0.58817 0.179103 0.0614678
9.99911E-05 0.238113 0.685401 0.0763864
9.99822E-05 9.99822E-05 0.165934 0.833866
0.0202447 0.603184 0.376472 9.99911E-05
9.99822E-05 9.99822E-05 0.890133 0.109668
9.99821E-05 0.582191 0.417609 9.99821E-05
0.139364 0.301338 0.0897703 0.469528
0.0737698 0.268094 0.389884 0.268253
9.99911E-05 0.344674 0.512246 0.14298
9.99821E-05 0.608631 9.99821E-05 0.391169
9.99822E-05 0.789903 0.209897 9.99822E-05
9.99911E-05 0.171456 0.0301283 0.798315
9.99822E-05 0.305075 9.99822E-05 0.694725
9.99821E-05 0.52051 9.99821E-05 0.47929
9.99911E-05 0.201332 0.3964 0.402168
9.998E-05 9.998E-05 0.9997 9.998E-05
9.998E-05 9.998E-05 9.998E-05 0.9997
9.998E-05 9.998E-05 0.9997 9.998E-05
9.998E-05 9.998E-05 0.9997 9.998E-05
9.99911E-05 0.0653159 0.175998 0.758586
9.99911E-05 0.179531 0.471998 0.348371
9.99822E-05 9.99822E-05 0.761307 0.238494
0.0285122 0.0493332 0.498313 0.423841
9.99822E-05 9.99822E-05 0.630635 0.369165
0.0756325 9.99912E-05 0.557289 0.366979
9.99911E-05 0.402071 0.0824177 0.515411
9.99822E-05 0.891989 0.107811 9.99822E-05
9.99821E-05 0.224984 0.774816 9.99821E-05
9.99822E-05 0.811402 9.99822E-05 0.188398
0.00249162 0.545658 0.45175 9.99911E-05
9.99822E-05 0.431576 0.568224 9.99822E-05
0.162955 0.285775 0.291778 0.259493
9.99911E-05 0.46975 0.309113 0.221037
0.132948 9.99911E-05 0.722414 0.144539
9.99822E-05 9.99822E-05 0.0352951 0.964505
9.99822E-05 0.880551 9.99822E-05 0.119249
9.99911E-05 0.612715 0.290144 0.0970402
9.99822E-05 0.188407 0.811393 9.99822E-05
9.99911E-05 0.289216 0.609475 0.101209
9.99911E-05 0.717496 0.0909101 0.191494
9.99822E-05 0.0904636 9.99822E-05 0.909336
9.998E-05 9.998E-05 9.998E-05 0.9997
9.99822E-05 0.652491 0.347309 9.99822E-05
9.99911E-05 0.493489 0.098304 0.408107
9.99911E-05 0.279942 0.679424 0.0405337
0.000597945 0.184399 0.402905 0.412098
9.99821E-05 9.99821E-05 0.524477 0.475323
9.99822E-05 0.148528 0.851272 9.99822E-05
9.99823E-05 0.896008 0.103792 9.99823E-05
9.99911E-05 0.324584 0.571357 0.103959
0.0269452 0.371386 9.99911E-05 0.601569
9.99821E-05 9.99821E-05 0.332312 0.667488
9.998E-05 9.998E-05 9.998E-05 0.9997
9.99911E-05 0.185362 0.234151 0.580387
0.0794845 0.0337254 0.514955 0.371835
9.99821E-05 9.99821E-05 0.809533 0.190267
9.99823E-05 9.99823E-05 0.940311 0.0594895
0.0694786 0.0798706 0.639214 0.211437
9.99911E-05 0.322615 0.56543 0.111855
9.99822E-05 0.292875 9.99822E-05 0.706925
0.0345431 0.561631 9.99911E-05 0.403726
9.99821E-05 0.452487 9.99821E-05 0.547313
0.0224463 9.99822E-05 9.99822E-05 0.977354
