0.922669 9.99917E-05 0.0772313
9.999E-05 9.999E-05 0.9998
0.406265 9.99911E-05 0.593635
0.429505 9.99911E-05 0.570395
9.99911E-05 0.170012 0.829888
0.576564 0.364482 0.0589539
0.689668 0.310232 9.99911E-05
9.999E-05 0.373493 0.626407
0.505177 0.494723 9.99911E-05
0.178699 0.562063 0.259238
0.457124 0.0241634 0.518713
9.99911E-05 0.97843 0.0214697
9.99911E-05 0.468701 0.531199
0.105071 0.842259 0.0526702
0.506804 9.99911E-05 0.493096
0.690666 0.309234 9.99911E-05
0.274619 0.284957 0.440424
0.0780571 0.0277958 0.894147
0.171062 0.828838 9.99911E-05
0.43106 9.99911E-05 0.56884
0.0780966 0.304229 0.617674
0.0124869 0.20258 0.784933
0.530334 0.469566 9.99911E-05
9.99911E-05 0.695111 0.304789
9.999E-05 9.999E-05 0.9998
9.999E-05 9.999E-05 0.9998
0.643854 0.356046 9.99911E-05
0.730902 9.99911E-05 0.268998
9.99911E-05 0.369063 0.630837
0.54868 0.45122 9.99911E-05
0.517654 9.99911E-05 0.482246
0.682251 0.0822481 0.235501
0.80683 0.193071 9.99911E-05
0.462617 0.503313 0.0340696
0.353491 0.596228 0.0502815
9.99911E-05 0.320944 0.678956
0.170074 0.569408 0.260518
0.552395 9.9991E-05 0.447505
0.570716 0.255041 0.174243
0.561121 9.99911E-05 0.438779
0.509398 9.9991E-05 0.490502
0.931605 0.0682952 9.99911E-05
0.762976 0.236924 9.99911E-05
0.67771 0.32219 9.99911E-05
0.463524 9.99911E-05 0.536376
9.999E-05 9.999E-05 0.9998
0.401951 0.150553 0.447496
0.55335 9.99911E-05 0.44655
0.200624 9.99911E-05 0.799276
9.99911E-05 0.926265 0.0736354
0.207839 9.99911E-05 0.792061
0.326391 9.99911E-05 0.673509
0.525949 0.301214 0.172837
0.294937 0.674777 0.0302862
9.99912E-05 0.0354668 0.964433
0.25761 0.652738 0.0896517
0.177321 9.99911E-05 0.822579
9.99911E-05 0.531626 0.468274
9.99911E-05 0.178353 0.821547
9.99911E-05 0.514618 0.485282
0.164135 9.99911E-05 0.835765
0.116672 0.471901 0.411427
9.99911E-05 0.511072 0.488828
0.939436 9.99911E-05 0.0604644
0.413518 9.9991E-05 0.586382
9.999E-05 9.999E-05 0.9998
9.999E-05 0.9998 9.999E-05
0.338732 9.99911E-05 0.661168
0.0159848 0.0167481 0.967267
0.786515 0.0765611 0.136924
0.86809 0.13181 9.99911E-05
0.161028 0.0105267 0.828445
9.999E-05 0.9998 9.999E-05
0.110398 0.297032 0.59257
0.537788 0.370372 0.09184
0.262114 0.737786 9.99911E-05
0.141872 0.11895 0.739178
0.330214 0.0128398 0.656947
0.39814 0.60176 9.99911E-05
0.245684 9.99911E-05 0.754216
0.844316 9.99911E-05 0.155584
9.999E-05 9.999E-05 0.9998
0.9998 9.999E-05 9.999E-05
0.250122 0.079514 0.670364
9.999E-05 9.999E-05 0.9998
0.169176 0.20951 0.621313
0.862557 0.137343 9.99911E-05
9.99911E-05 0.156663 0.843237
0.174841 0.605813 0.219346
0.380085 9.99911E-05 0.619815
0.541323 9.99911E-05 0.458577
0.451728 0.548172 9.99911E-05
0.706319 9.99911E-05 0.293581
0.502185 9.99911E-05 0.497715
0.728578 0.0874827 0.183939
0.562726 0.437174 9.99911E-05
0.505858 0.0174382 0.476703
0.64678 0.254252 0.0989673
0.456451 0.543449 9.99911E-05
0.300263 0.699637 9.99911E-05
0.109197 9.99911E-05 0.890703
0.679149 0.0560296 0.264822
0.566323 0.264397 0.16928
0.358721 0.489147 0.152132
0.125714 0.874186 9.99911E-05
0.0352722 0.137799 0.826929
9.99911E-05 0.576672 0.423228
9.99911E-05 0.246566 0.753334
0.0490619 0.608686 0.342252
0.812985 0.186915 9.99911E-05
9.99911E-05 0.272488 0.727412
0.9998 9.999E-05 9.999E-05
0.742291 0.257609 9.99911E-05
0.198616 9.99911E-05 0.801284
0.736846 9.99911E-05 0.263054
0.345161 0.654739 9.99911E-05
0.046947 0.334396 0.618657
0.391676 0.344297 0.264027
0.093227 0.906673 9.99912E-05
0.495206 0.0317751 0.473019
0.433006 0.566894 9.99911E-05
0.665567 0.334333 9.99911E-05
0.452808 0.259239 0.287953
0.824004 0.175896 9.99911E-05
0.507458 0.492442 9.99911E-05
0.5232 0.228093 0.248707
0.417916 0.581984 9.99911E-05
0.307148 0.423072 0.26978
9.99911E-05 0.455833 0.544067
0.413627 0.536035 0.0503385
0.342643 0.657257 9.99911E-05
0.679954 0.319946 9.99911E-05
0.524602 0.475298 9.99911E-05
0.2612 0.412794 0.326006
9.99911E-05 0.0418317 0.958068
9.999E-05 9.999E-05 0.9998
0.825925 9.99911E-05 0.173975
0.276271 9.99911E-05 0.723629
0.58861 0.41129 9.99911E-05
0.579244 9.99911E-05 0.420656
0.474605 9.99911E-05 0.525295
0.908293 9.99911E-05 0.091607
0.290343 0.709557 9.99911E-05
0.45086 0.337124 0.212015
0.148081 0.139398 0.712521
0.349824 9.9991E-05 0.650076
9.999E-05 9.999E-05 0.9998
0.324597 0.20779 0.467613
0.821569 9.99911E-05 0.178331
0.534928 0.314665 0.150406
0.867535 9.99911E-05 0.132365
0.682603 9.99911E-05 0.317297
0.649111 0.168085 0.182804
9.999E-05 9.999E-05 0.9998
9.999E-05 9.999E-05 0.9998
0.0817815 0.0575643 0.860654
9.999E-05 9.999E-05 0.9998
