9.996E-05 9.996E-05 9.996E-05 9.996E-05 9.996E-05 0.9995
0.328729 9.99642E-05 0.670872 9.99642E-05 9.99642E-05 9.99642E-05
0.750034 9.99733E-05 0.0742103 9.99733E-05 0.175456 9.99733E-05
0.332324 9.99822E-05 0.173976 0.213505 0.279995 9.99822E-05
9.99644E-05 9.99644E-05 0.653647 0.345953 9.99644E-05 9.99644E-05
9.99822E-05 0.528256 0.221731 0.046522 0.203291 9.99822E-05
9.99643E-05 9.99643E-05 9.99643E-05 0.171759 0.827841 9.99643E-05
9.99643E-05 9.99643E-05 0.642398 9.99643E-05 0.357202 9.99643E-05
9.997E-05 9.997E-05 0.115478 0.359138 0.525084 9.997E-05
9.99733E-05 0.0663507 0.302649 9.99733E-05 0.6307 9.99733E-05
0.607458 9.99733E-05 0.157282 0.23496 9.99733E-05 9.99733E-05
9.99822E-05 0.145487 0.197593 0.167539 0.489181 9.99822E-05
0.156934 0.0365675 0.323378 9.99911E-05 0.477687 0.00533359
9.99822E-05 0.0552935 0.0557265 0.243722 0.645058 9.99822E-05
0.735825 9.99735E-05 0.0943027 0.169573 9.99735E-05 9.99735E-05
0.124561 0.0404012 9.99823E-05 0.548592 0.286246 9.99823E-05
9.99734E-05 9.99734E-05 0.479315 0.203536 0.316849 9.99734E-05
0.178674 9.99732E-05 0.33644 0.484586 9.99732E-05 9.99732E-05
9.99734E-05 0.367909 0.136302 9.99734E-05 0.495489 9.99734E-05
0.443273 9.99732E-05 0.209612 9.99732E-05 0.346815 9.99732E-05
0.139505 0.409582 0.392758 9.99821E-05 0.0579548 9.99821E-05
0.298415 0.265916 0.435369 9.99732E-05 9.99732E-05 9.99732E-05
9.99732E-05 0.457148 9.99732E-05 0.491575 0.0509764 9.99732E-05
9.99733E-05 0.234346 0.497317 0.268037 9.99733E-05 9.99733E-05
0.285932 9.99645E-05 0.713668 9.99645E-05 9.99645E-05 9.99645E-05
0.255978 9.99732E-05 0.704564 9.99732E-05 0.039158 9.99732E-05
9.99643E-05 9.99643E-05 9.99643E-05 0.0117518 0.987848 9.99643E-05
0.847229 9.99642E-05 9.99642E-05 9.99642E-05 0.152371 9.99642E-05
9.99643E-05 9.99643E-05 0.341116 9.99643E-05 0.658484 9.99643E-05
0.143451 0.340547 9.99733E-05 9.99733E-05 0.515702 9.99733E-05
0.13022 9.99821E-05 0.0482838 0.0662347 0.755062 9.99821E-05
0.0649139 9.99643E-05 9.99643E-05 9.99643E-05 0.934686 9.99643E-05
0.109548 9.99732E-05 9.99732E-05 0.0376459 0.852506 9.99732E-05
9.99821E-05 0.116527 0.285698 0.13143 0.466145 9.99821E-05
9.99732E-05 0.0187206 0.237016 0.743964 9.99732E-05 9.99732E-05
9.99733E-05 0.569307 0.260932 0.169461 9.99733E-05 9.99733E-05
9.99822E-05 0.27665 0.496507 9.99822E-05 0.160939 0.0657042
0.426643 9.99641E-05 9.99641E-05 9.99641E-05 0.572958 9.99641E-05
0.106212 0.122266 0.0105411 0.76078 9.99821E-05 9.99821E-05
0.897212 9.99733E-05 9.99733E-05 0.0135289 9.99733E-05 0.0889588
0.589323 9.99732E-05 0.0125695 9.99732E-05 0.397808 9.99732E-05
0.339768 0.242276 9.99732E-05 0.417656 9.99732E-05 9.99732E-05
9.99732E-05 0.31521 9.99732E-05 0.34961 0.33488 9.99732E-05
0.0643324 9.99732E-05 9.99732E-05 0.125648 0.809719 9.99732E-05
0.156637 9.99733E-05 0.198841 9.99733E-05 0.644223 9.99733E-05
9.996E-05 9.996E-05 0.77028 9.996E-05 0.22932 9.996E-05
0.464405 9.99732E-05 0.107456 0.42784 9.99732E-05 9.99732E-05
0.313719 0.449713 9.99732E-05 0.236268 9.99732E-05 9.99732E-05
0.731317 9.99732E-05 0.223699 9.99732E-05 9.99732E-05 0.0446845
9.99822E-05 0.340148 0.198553 0.43032 9.99822E-05 0.0307788
0.575607 9.99643E-05 0.423993 9.99643E-05 9.99643E-05 9.99643E-05
0.925594 9.99644E-05 9.99644E-05 9.99644E-05 9.99644E-05 0.0740062
0.117152 0.386291 9.99732E-05 9.99732E-05 0.496257 9.99732E-05
0.329793 0.459964 9.997E-05 9.997E-05 0.209943 9.997E-05
0.0983043 9.998E-05 0.333553 0.0371851 9.998E-05 0.530758
0.135426 0.638506 0.106404 0.119465 9.99822E-05 9.99822E-05
0.393709 9.99732E-05 0.362387 0.243603 9.99732E-05 9.99732E-05
0.0813527 9.99645E-05 0.918247 9.99645E-05 9.99645E-05 9.99645E-05
0.396971 0.246503 0.356226 9.99732E-05 9.99732E-05 9.99732E-05
9.99731E-05 0.024581 0.685146 0.289973 9.99731E-05 9.99731E-05
0.455791 9.99733E-05 0.248405 9.99733E-05 0.295505 9.99733E-05
0.0957834 9.99911E-05 0.396338 0.0645322 0.438207 0.00504037
9.998E-05 9.998E-05 0.454841 0.224231 0.293357 0.0273716
0.293918 9.99642E-05 9.99642E-05 9.99642E-05 0.705682 9.99642E-05
0.8608 9.99642E-05 0.1388 9.99642E-05 9.99642E-05 9.99642E-05
0.698106 0.06167 0.239925 9.997E-05 9.997E-05 9.997E-05
0.0437412 0.530343 0.0129017 0.158177 0.254737 9.99911E-05
0.321199 0.473297 9.99821E-05 0.000877282 0.204427 9.99821E-05
0.386243 0.100449 0.384342 0.128767 9.998E-05 9.998E-05
0.578878 9.99643E-05 9.99643E-05 0.420722 9.99643E-05 9.99643E-05
0.442131 9.99647E-05 9.99647E-05 9.99647E-05 0.557469 9.99647E-05
9.99733E-05 0.108259 0.867144 9.99733E-05 0.0242964 9.99733E-05
9.99822E-05 0.798679 0.00225397 0.160834 9.99822E-05 0.0380328
0.263111 0.596272 0.140316 9.99732E-05 9.99732E-05 9.99732E-05
0.0856938 0.0914759 9.99821E-05 0.540528 0.282102 9.99821E-05
9.99732E-05 0.519569 0.0563051 9.99732E-05 0.423826 9.99732E-05
0.478235 0.0645417 0.456923 9.99732E-05 9.99732E-05 9.99732E-05
0.406352 9.99733E-05 0.377541 9.99733E-05 0.215807 9.99733E-05
9.99643E-05 0.773932 9.99643E-05 0.225668 9.99643E-05 9.99643E-05
0.132903 9.998E-05 0.427567 0.3891 0.0502299 9.998E-05
0.576969 0.046679 9.99821E-05 0.283254 0.0928981 9.99821E-05
0.533497 9.99732E-05 0.398866 0.0673364 9.99732E-05 9.99732E-05
0.422083 0.0156133 9.99821E-05 0.287966 0.274138 9.99821E-05
0.287782 9.99732E-05 0.194808 9.99732E-05 0.51711 9.99732E-05
0.0763525 0.188257 9.9973E-05 9.9973E-05 9.9973E-05 0.735091
0.0376246 9.99822E-05 0.479752 0.187529 0.294894 9.99822E-05
0.0433082 0.353292 9.99821E-05 0.468027 0.135173 9.99821E-05
0.279017 0.482141 0.238541 9.99732E-05 9.99732E-05 9.99732E-05
9.99643E-05 0.354228 9.99643E-05 9.99643E-05 0.645372 9.99643E-05
0.569695 0.425156 9.99734E-05 9.99734E-05 0.00484914 9.99734E-05
0.789438 0.00481936 9.99732E-05 9.99732E-05 0.205443 9.99732E-05
9.99645E-05 9.99645E-05 9.99645E-05 0.272305 0.727296 9.99645E-05
0.205372 0.115537 9.99821E-05 0.640164 0.0387277 9.99821E-05
0.19626 9.99911E-05 0.154795 0.346692 0.239829 0.062324
0.594074 0.396459 9.99733E-05 9.99733E-05 9.99733E-05 0.00916747
0.0855457 0.210763 9.99821E-05 0.257446 0.446045 9.99821E-05
0.33679 9.998E-05 0.262464 0.296431 0.104114 9.998E-05
0.110022 0.432907 9.99821E-05 0.112251 0.34462 9.99821E-05
9.99821E-05 0.354083 0.0823484 0.0200259 0.543343 9.99821E-05
0.0873384 0.394461 9.99732E-05 9.99732E-05 0.517901 9.99732E-05
0.590717 0.280471 0.128512 9.99733E-05 9.99733E-05 9.99733E-05
0.480218 0.300862 9.99733E-05 9.99733E-05 0.218621 9.99733E-05
0.00823428 0.0343331 0.200383 0.462707 0.294242 9.99911E-05
0.183249 0.459206 0.292281 9.99911E-05 0.0600288 0.00513566
9.99822E-05 0.367208 0.0427671 0.540108 0.0497167 9.99822E-05
0.315657 0.237253 0.44679 9.997E-05 9.997E-05 9.997E-05
9.99732E-05 0.358317 0.441303 9.99732E-05 0.20008 9.99732E-05
0.251978 0.538365 0.209357 9.99731E-05 9.99731E-05 9.99731E-05
9.99732E-05 0.0139449 0.371778 9.99732E-05 0.613978 9.99732E-05
9.99667E-05 9.99667E-05 9.99667E-05 0.33273 0.66687 9.99667E-05
9.99642E-05 0.233156 0.766444 9.99642E-05 9.99642E-05 9.99642E-05
0.142823 9.99732E-05 9.99732E-05 0.374311 0.482565 9.99732E-05
9.99644E-05 9.99644E-05 9.99644E-05 0.195679 0.803921 9.99644E-05
0.0172047 9.99733E-05 0.467601 0.514894 9.99733E-05 9.99733E-05
0.671171 9.99732E-05 9.99732E-05 0.230884 0.0976451 9.99732E-05
9.99732E-05 9.99732E-05 0.0389484 0.314736 0.646016 9.99732E-05
9.998E-05 0.0723649 0.254724 9.998E-05 0.555972 0.116739
0.449876 9.99822E-05 0.143261 0.390094 9.99822E-05 0.0165689
9.99822E-05 0.477892 0.00417591 9.99822E-05 0.451372 0.0663598
0.447492 0.473272 0.0789359 9.99733E-05 9.99733E-05 9.99733E-05
9.997E-05 0.637881 9.997E-05 0.192604 0.169215 9.997E-05
0.100811 0.0246305 9.99821E-05 0.507079 0.367279 9.99821E-05
0.332588 0.600161 9.99733E-05 0.0669511 9.99733E-05 9.99733E-05
0.0919783 0.303696 9.998E-05 0.28898 0.315146 9.998E-05
0.108303 0.196346 9.99822E-05 0.510997 0.184154 9.99822E-05
0.300928 0.494433 9.998E-05 0.105756 9.998E-05 0.0986834
9.99821E-05 0.14185 0.198661 0.270337 0.388953 9.99821E-05
9.998E-05 9.998E-05 0.344032 0.181786 0.453749 0.0202333
9.99733E-05 9.99733E-05 0.696014 9.99733E-05 0.248573 0.0551123
0.106491 9.99822E-05 0.312555 0.562515 0.0182393 9.99822E-05
9.99732E-05 0.200234 9.99732E-05 0.0496777 0.749789 9.99732E-05
9.99644E-05 9.99644E-05 9.99644E-05 0.802197 0.197404 9.99644E-05
0.121806 0.344209 9.99821E-05 0.198113 0.335672 9.99821E-05
0.110882 0.329521 9.99821E-05 0.39432 0.165077 9.99821E-05
0.293942 9.99733E-05 0.663522 0.0422364 9.99733E-05 9.99733E-05
0.319553 9.99732E-05 0.507154 0.172993 9.99732E-05 9.99732E-05
0.494634 9.99822E-05 9.99822E-05 0.319801 0.176097 0.00926889
0.68107 9.99822E-05 0.225954 0.0635856 0.0291907 9.99822E-05
9.99732E-05 0.368528 9.99732E-05 0.198466 0.432705 9.99732E-05
0.634448 9.99643E-05 9.99643E-05 0.365152 9.99643E-05 9.99643E-05
0.436735 9.99821E-05 0.207559 0.00588198 0.349624 9.99821E-05
0.239285 9.99733E-05 9.99733E-05 0.757255 0.00315986 9.99733E-05
9.997E-05 9.997E-05 0.254143 0.499247 0.24631 9.997E-05
9.99732E-05 9.99732E-05 0.0368593 0.653532 0.309308 9.99732E-05
0.269913 9.99733E-05 0.352767 0.37702 9.99733E-05 9.99733E-05
0.649282 9.99731E-05 0.286445 9.99731E-05 0.0639727 9.99731E-05
0.665461 9.996E-05 0.334139 9.996E-05 9.996E-05 9.996E-05
0.0150473 9.99822E-05 0.35573 0.558786 0.0702367 9.99822E-05
0.589695 9.99732E-05 9.99732E-05 0.20895 0.201056 9.99732E-05
9.99732E-05 9.99732E-05 0.205775 0.248507 0.545418 9.99732E-05
9.997E-05 9.997E-05 9.997E-05 0.453506 0.519604 0.026591
0.425495 9.99644E-05 9.99644E-05 9.99644E-05 0.574105 9.99644E-05
0.0280613 0.0377934 0.019652 0.524652 0.389741 9.99911E-05
0.529579 9.99733E-05 0.447821 0.0223004 9.99733E-05 9.99733E-05
0.432114 9.99734E-05 0.250888 0.316698 9.99734E-05 9.99734E-05
0.267861 0.100007 0.398647 9.998E-05 0.233285 9.998E-05
0.391654 9.99645E-05 0.607946 9.99645E-05 9.99645E-05 9.99645E-05
