9.994E-05 0.9993 9.994E-05 9.994E-05 9.994E-05 9.994E-05 9.994E-05 9.994E-05
0.150047 9.99553E-05 0.673282 9.99553E-05 0.176171 9.99553E-05 9.99553E-05 9.99553E-05
9.99553E-05 9.99553E-05 0.0615063 0.335604 0.60239 9.99553E-05 9.99553E-05 9.99553E-05
9.99644E-05 9.99644E-05 0.156649 9.99644E-05 0.492944 0.337101 9.99644E-05 0.0129054
9.99466E-05 9.99466E-05 0.858167 9.99466E-05 9.99466E-05 9.99466E-05 0.141233 9.99466E-05
9.99553E-05 9.99553E-05 9.99553E-05 9.99553E-05 9.99553E-05 0.229848 0.490001 0.279651
9.99464E-05 9.99464E-05 9.99464E-05 9.99464E-05 9.99464E-05 0.509597 9.99464E-05 0.489803
0.340205 9.99643E-05 9.99643E-05 9.99643E-05 0.213939 0.189739 0.255717 9.99643E-05
9.99731E-05 9.99731E-05 0.0546191 0.464311 0.0350866 0.034096 9.99731E-05 0.411587
9.99732E-05 9.99732E-05 0.211503 0.052226 0.300363 0.382369 0.0532394 9.99732E-05
9.99555E-05 9.99555E-05 9.99555E-05 0.0933534 0.852102 9.99555E-05 9.99555E-05 0.0540446
0.00647809 9.99553E-05 9.99553E-05 0.819369 9.99553E-05 9.99553E-05 0.173653 9.99553E-05
0.352236 0.00754365 0.101093 0.335233 0.0673184 0.136376 9.99821E-05 9.99821E-05
0.061375 9.99644E-05 0.0760024 0.529527 9.99644E-05 0.332695 9.99644E-05 9.99644E-05
9.99645E-05 9.99645E-05 0.0400227 9.99645E-05 0.481901 9.99645E-05 0.00419158 0.473484
0.093159 9.99468E-05 9.99468E-05 9.99468E-05 9.99468E-05 9.99468E-05 9.99468E-05 0.906241
9.99467E-05 9.99467E-05 0.608296 9.99467E-05 9.99467E-05 0.391104 9.99467E-05 9.99467E-05
0.101244 9.99822E-05 0.469845 0.0478367 0.111818 9.99822E-05 0.213815 0.0552413
9.99466E-05 9.99466E-05 0.148162 0.851238 9.99466E-05 9.99466E-05 9.99466E-05 9.99466E-05
9.99553E-05 9.99553E-05 9.99553E-05 9.99553E-05 0.407293 0.394611 0.197596 9.99553E-05
0.0286485 9.99642E-05 0.0161432 9.99642E-05 9.99642E-05 0.325373 0.629435 9.99642E-05
0.105451 9.99733E-05 9.99733E-05 0.0381565 0.263617 9.99733E-05 0.5867 0.00577547
9.99465E-05 9.99465E-05 9.99465E-05 9.99465E-05 9.99465E-05 9.99465E-05 0.225611 0.773789
9.99643E-05 9.99643E-05 0.0664997 9.99643E-05 9.99643E-05 0.141691 0.647279 0.14413
9.99556E-05 9.99556E-05 0.345893 9.99556E-05 0.619658 9.99556E-05 0.0339492 9.99556E-05
0.0784254 9.99732E-05 0.394459 0.00972572 0.389411 9.99732E-05 0.127679 9.99732E-05
9.99554E-05 9.99554E-05 9.99554E-05 0.204918 9.99554E-05 0.69339 9.99554E-05 0.101192
9.99643E-05 9.99643E-05 0.0306945 0.0403678 0.626311 0.302227 9.99643E-05 9.99643E-05
0.469542 9.99642E-05 0.0884847 0.427727 9.99642E-05 0.0138462 9.99642E-05 9.99642E-05
9.99733E-05 9.99733E-05 0.0570423 0.287458 0.34458 0.266237 0.0443839 9.99733E-05
0.488245 9.99462E-05 9.99462E-05 9.99462E-05 9.99462E-05 0.511155 9.99462E-05 9.99462E-05
0.186702 9.99463E-05 9.99463E-05 9.99463E-05 9.99463E-05 0.812698 9.99463E-05 9.99463E-05
0.0905929 9.99553E-05 9.99553E-05 9.99553E-05 9.99553E-05 0.669745 9.99553E-05 0.239162
9.99642E-05 9.99642E-05 0.196592 0.165982 9.99642E-05 9.99642E-05 0.451856 0.185171
9.99553E-05 9.99553E-05 0.741521 0.234374 9.99553E-05 9.99553E-05 9.99553E-05 0.0236051
0.828098 9.99556E-05 9.99556E-05 9.99556E-05 9.99556E-05 9.99556E-05 0.134103 0.0372999
0.185747 0.168955 0.0693539 0.142859 9.9991E-05 0.391348 0.0395435 0.00209337
0.390015 9.99552E-05 9.99552E-05 9.99552E-05 0.217788 0.391698 9.99552E-05 9.99552E-05
9.99732E-05 0.0449269 0.274567 0.0788876 0.0247993 9.99732E-05 9.99732E-05 0.576519
0.192678 9.99556E-05 9.99556E-05 9.99556E-05 0.542426 9.99556E-05 9.99556E-05 0.264397
9.99552E-05 9.99552E-05 0.0265532 9.99552E-05 0.535434 0.437513 9.99552E-05 9.99552E-05
9.99643E-05 0.0317802 9.99643E-05 0.205469 9.99643E-05 9.99643E-05 0.0769149 0.685436
9.99642E-05 0.0372255 9.99642E-05 0.307883 9.99642E-05 0.161366 9.99642E-05 0.493125
9.99642E-05 9.99642E-05 0.0239105 9.99642E-05 0.0261063 0.843424 9.99642E-05 0.106159
0.233094 9.99555E-05 9.99555E-05 9.99555E-05 0.214164 0.552242 9.99555E-05 9.99555E-05
0.162541 9.99643E-05 0.622213 9.99643E-05 0.0346522 9.99643E-05 0.180194 9.99643E-05
9.99732E-05 9.99732E-05 0.507831 0.0186522 0.241381 0.0665083 9.99732E-05 0.165328
0.415446 9.99554E-05 9.99554E-05 9.99554E-05 0.201225 9.99554E-05 9.99554E-05 0.382829
0.302498 9.99643E-05 9.99643E-05 9.99643E-05 0.534557 9.99643E-05 0.00305392 0.159492
0.248416 9.99733E-05 0.132829 0.0835165 9.99733E-05 9.99733E-05 0.347878 0.18706
9.99464E-05 9.99464E-05 9.99464E-05 9.99464E-05 0.474351 9.99464E-05 0.52505 9.99464E-05
0.12425 9.99734E-05 9.99734E-05 9.99734E-05 0.578757 0.0280224 0.268431 0.000239642
9.99643E-05 9.99643E-05 0.0758789 9.99643E-05 0.0640892 0.804489 0.0551433 9.99643E-05
9.99733E-05 9.99733E-05 9.99733E-05 0.205011 0.0684516 0.0359134 0.483675 0.206649
0.614198 0.365186 9.99553E-05 9.99553E-05 9.99553E-05 9.99553E-05 9.99553E-05 0.0201161
9.99734E-05 9.99734E-05 0.00143794 0.672661 0.194656 0.0287881 0.102158 9.99734E-05
9.99554E-05 9.99554E-05 0.596813 9.99554E-05 0.386376 9.99554E-05 9.99554E-05 0.0163119
9.99644E-05 9.99644E-05 0.502467 0.19234 0.129392 9.99644E-05 0.175402 9.99644E-05
0.690503 0.00477498 9.99554E-05 9.99554E-05 0.304223 9.99554E-05 9.99554E-05 9.99554E-05
9.99464E-05 9.99464E-05 0.883835 9.99464E-05 9.99464E-05 9.99464E-05 0.115565 9.99464E-05
0.118723 0.0504828 0.216174 0.190288 0.217084 0.207048 9.99822E-05 9.99822E-05
0.0335463 0.0185286 0.603264 9.99821E-05 0.0374406 0.142657 0.164363 9.99821E-05
0.120696 9.99732E-05 0.446711 0.0937949 9.99732E-05 0.239141 9.99732E-05 0.0993567
9.99463E-05 9.99463E-05 9.99463E-05 9.99463E-05 0.674682 0.324719 9.99463E-05 9.99463E-05
9.99552E-05 9.99552E-05 0.227044 9.99552E-05 0.700103 0.0723524 9.99552E-05 9.99552E-05
0.483966 9.99553E-05 0.184344 9.99553E-05 0.331191 9.99553E-05 9.99553E-05 9.99553E-05
0.432876 9.99466E-05 9.99466E-05 0.566524 9.99466E-05 9.99466E-05 9.99466E-05 9.99466E-05
0.559287 9.99731E-05 0.05398 9.99731E-05 0.229473 0.0628095 9.99731E-05 0.0941501
0.304275 9.99643E-05 0.0377207 9.99643E-05 0.419536 9.99643E-05 0.238068 9.99643E-05
9.99554E-05 9.99554E-05 0.142354 9.99554E-05 0.551469 9.99554E-05 9.99554E-05 0.305678
9.99644E-05 0.0366237 9.99644E-05 0.646795 0.204784 0.111397 9.99644E-05 9.99644E-05
9.99555E-05 9.99555E-05 0.0612239 9.99555E-05 9.99555E-05 0.267394 0.670882 9.99555E-05
9.99644E-05 0.0050239 9.99644E-05 0.533638 9.99644E-05 9.99644E-05 0.348752 0.112185
9.99643E-05 9.99643E-05 9.99643E-05 0.0769936 0.228023 0.219989 0.474594 9.99643E-05
9.99821E-05 9.99821E-05 0.117099 0.429358 0.100666 0.160284 0.038811 0.153582
9.996E-05 0.0327914 9.996E-05 0.44387 9.996E-05 0.196791 0.326147 9.996E-05
0.297179 9.998E-05 0.222471 0.0871629 0.124457 9.998E-05 0.243078 0.0254515
0.0746517 9.99733E-05 0.287494 0.229627 0.164152 9.99733E-05 9.99733E-05 0.243776
0.504348 0.0460744 9.99733E-05 0.0788199 9.99733E-05 0.152725 9.99733E-05 0.217732
0.0188955 9.99644E-05 0.522636 9.99644E-05 9.99644E-05 0.293224 9.99644E-05 0.164845
0.175649 9.99643E-05 9.99643E-05 9.99643E-05 0.0462695 0.0759003 9.99643E-05 0.701781
0.049922 9.99732E-05 0.142376 0.215538 0.361903 9.99732E-05 0.229962 9.99732E-05
9.99464E-05 9.99464E-05 9.99464E-05 9.99464E-05 9.99464E-05 0.196915 9.99464E-05 0.802485
0.145117 9.99732E-05 9.99732E-05 9.99732E-05 0.419258 0.247677 0.183629 0.00401923
0.0849675 0.781328 0.011128 0.0669146 0.0553619 9.99731E-05 9.99731E-05 9.99731E-05
9.99553E-05 9.99553E-05 0.0989095 9.99553E-05 0.377388 9.99553E-05 0.523202 9.99553E-05
0.0352668 9.99732E-05 9.99732E-05 0.0358586 9.99732E-05 0.241148 0.0189455 0.668481
0.037402 9.99644E-05 0.0159177 9.99644E-05 0.407472 9.99644E-05 0.538808 9.99644E-05
0.359831 9.99643E-05 9.99643E-05 0.103442 9.99643E-05 0.294932 0.241396 9.99643E-05
0.177496 9.99645E-05 9.99645E-05 0.0386568 0.625519 9.99645E-05 0.157929 9.99645E-05
0.114019 9.99553E-05 9.99553E-05 9.99553E-05 0.748512 9.99553E-05 9.99553E-05 0.136969
9.99466E-05 9.99466E-05 0.202962 9.99466E-05 9.99466E-05 0.796438 9.99466E-05 9.99466E-05
9.99553E-05 9.99553E-05 0.254214 9.99553E-05 0.102816 9.99553E-05 9.99553E-05 0.64247
9.99644E-05 9.99644E-05 0.360025 9.99644E-05 0.151603 0.140514 9.99644E-05 0.347459
9.99466E-05 9.99466E-05 9.99466E-05 9.99466E-05 0.639954 0.359446 9.99466E-05 9.99466E-05
9.99553E-05 9.99553E-05 9.99553E-05 0.738666 0.00376991 9.99553E-05 9.99553E-05 0.257064
9.99732E-05 9.99732E-05 0.0707828 0.118958 0.553626 9.99732E-05 0.0838855 0.172448
9.99732E-05 9.99732E-05 0.018113 9.99732E-05 0.160206 0.17371 0.35701 0.290661
0.095184 9.99732E-05 9.99732E-05 0.40853 0.030145 0.330558 0.135283 9.99732E-05
0.456922 9.99732E-05 9.99732E-05 0.0425258 0.0291057 0.372478 9.99732E-05 0.0986682
0.458206 0.119849 9.99645E-05 9.99645E-05 0.336186 0.0853596 9.99645E-05 9.99645E-05
9.99466E-05 9.99466E-05 9.99466E-05 0.339778 0.659623 9.99466E-05 9.99466E-05 9.99466E-05
0.230727 9.99643E-05 0.121939 0.0971064 9.99643E-05 9.99643E-05 9.99643E-05 0.549827
9.99554E-05 9.99554E-05 9.99554E-05 0.752685 0.189219 9.99554E-05 0.0575964 9.99554E-05
0.284572 9.99822E-05 0.148038 0.106134 9.99822E-05 0.0370199 0.0159183 0.408119
0.238175 9.99732E-05 0.0887632 9.99732E-05 0.109252 0.22379 0.33972 9.99732E-05
0.498997 9.99553E-05 9.99553E-05 0.135742 9.99553E-05 9.99553E-05 0.364761 9.99553E-05
0.392092 9.99642E-05 9.99642E-05 0.280784 0.190642 9.99642E-05 0.136081 9.99642E-05
0.364649 9.99641E-05 0.148475 0.439047 9.99641E-05 0.0474291 9.99641E-05 9.99641E-05
0.0030722 9.99732E-05 0.136694 9.99732E-05 9.99732E-05 0.293444 0.0448871 0.521602
0.12522 9.99554E-05 9.99554E-05 9.99554E-05 9.99554E-05 0.000889211 0.873391 9.99554E-05
9.99642E-05 9.99642E-05 9.99642E-05 0.414292 0.238142 0.115981 9.99642E-05 0.231185
9.99644E-05 9.99644E-05 9.99644E-05 0.00220412 0.142963 0.385549 9.99644E-05 0.468884
0.255589 9.99643E-05 0.32318 9.99643E-05 0.274189 0.146642 9.99643E-05 9.99643E-05
9.99463E-05 9.99463E-05 9.99463E-05 9.99463E-05 0.739887 9.99463E-05 9.99463E-05 0.259514
9.99732E-05 9.99732E-05 0.323121 0.131347 9.99732E-05 0.297605 0.0186729 0.228954
0.0971265 0.0988671 0.218791 0.0278938 9.99822E-05 0.463273 0.0938489 9.99822E-05
9.99732E-05 9.99732E-05 0.118396 0.0759055 0.142611 9.99732E-05 0.418535 0.244252
9.99646E-05 0.0198343 0.129866 9.99646E-05 9.99646E-05 0.501379 0.348521 9.99646E-05
9.99645E-05 9.99645E-05 0.180752 9.99645E-05 0.462745 0.284221 0.0718816 9.99645E-05
0.0834971 9.99733E-05 9.99733E-05 0.413338 0.00553009 0.0416785 9.99733E-05 0.455656
9.99643E-05 9.99643E-05 9.99643E-05 0.256112 0.0562536 0.120386 9.99643E-05 0.566848
9.99556E-05 9.99556E-05 0.326015 0.180695 0.49279 9.99556E-05 9.99556E-05 9.99556E-05
9.99554E-05 9.99554E-05 9.99554E-05 0.20317 9.99554E-05 0.126694 9.99554E-05 0.669636
9.99822E-05 0.0128005 0.139523 0.099721 0.159582 0.2374 9.99822E-05 0.350774
9.99644E-05 0.174081 9.99644E-05 9.99644E-05 9.99644E-05 0.455638 0.0845316 0.285349
9.99731E-05 9.99731E-05 0.269835 0.0709699 9.99731E-05 0.338936 0.0738118 0.246147
9.99643E-05 9.99643E-05 0.458567 0.0289696 0.313893 0.198171 9.99643E-05 9.99643E-05
9.99466E-05 9.99466E-05 9.99466E-05 9.99466E-05 9.99466E-05 0.0766825 0.922718 9.99466E-05
0.0989481 9.99733E-05 0.0652031 0.0905244 9.99733E-05 9.99733E-05 0.0224368 0.722588
0.308355 9.99643E-05 9.99643E-05 0.250808 9.99643E-05 0.423517 9.99643E-05 0.0169196
9.99555E-05 9.99555E-05 9.99555E-05 0.141467 9.99555E-05 0.102236 9.99555E-05 0.755797
9.99733E-05 9.99733E-05 0.0915809 0.500219 0.0431385 0.271657 9.99733E-05 0.0931044
0.205446 9.99553E-05 0.454102 9.99553E-05 9.99553E-05 9.99553E-05 9.99553E-05 0.339952
0.106367 9.99642E-05 0.604856 9.99642E-05 0.228263 0.0601141 9.99642E-05 9.99642E-05
9.99732E-05 9.99732E-05 0.364379 0.339683 0.156211 9.99732E-05 0.132613 0.00681426
0.0836127 9.99643E-05 9.99643E-05 0.0178303 0.402598 9.99643E-05 9.99643E-05 0.49556
0.101026 9.99554E-05 0.315256 9.99554E-05 0.583219 9.99554E-05 9.99554E-05 9.99554E-05
0.0119769 9.99732E-05 9.99732E-05 0.0781705 9.99732E-05 0.46327 0.0959354 0.350347
0.0576184 9.99553E-05 9.99553E-05 9.99553E-05 0.438361 9.99553E-05 9.99553E-05 0.50352
0.0838079 9.99731E-05 9.99731E-05 0.217616 0.232833 9.99731E-05 0.185544 0.2799
9.99554E-05 9.99554E-05 0.367489 9.99554E-05 9.99554E-05 0.0476458 9.99554E-05 0.584365
0.0385624 9.99733E-05 0.608932 0.231536 9.99733E-05 0.00104251 9.99733E-05 0.119627
9.99464E-05 9.99464E-05 0.595243 9.99464E-05 9.99464E-05 9.99464E-05 9.99464E-05 0.404157
0.172549 0.0343035 0.342635 9.99733E-05 0.374686 9.99733E-05 9.99733E-05 0.0755271
0.337843 9.99463E-05 9.99463E-05 9.99463E-05 0.661557 9.99463E-05 9.99463E-05 9.99463E-05
0.0405901 9.99554E-05 0.529305 9.99554E-05 0.429605 9.99554E-05 9.99554E-05 9.99554E-05
0.0179244 9.99643E-05 0.316879 9.99643E-05 9.99643E-05 9.99643E-05 0.200219 0.464577
9.99643E-05 0.0634924 0.26247 9.99643E-05 0.555919 9.99643E-05 9.99643E-05 0.117718
9.99732E-05 9.99732E-05 0.254664 0.0332408 0.211552 0.273052 9.99732E-05 0.227192
9.99644E-05 0.00488856 0.198374 9.99644E-05 9.99644E-05 0.696197 9.99644E-05 0.100141
0.424672 9.99555E-05 9.99555E-05 9.99555E-05 0.435206 0.139622 9.99555E-05 9.99555E-05
0.13343 9.99731E-05 0.136113 9.99731E-05 0.141271 0.204472 9.99731E-05 0.384414
0.9993 9.994E-05 9.994E-05 9.994E-05 9.994E-05 9.994E-05 9.994E-05 9.994E-05
0.35655 9.99557E-05 9.99557E-05 9.99557E-05 9.99557E-05 9.99557E-05 0.0718866 0.571064
0.74878 9.99552E-05 0.109756 9.99552E-05 0.140964 9.99552E-05 9.99552E-05 9.99552E-05
0.745873 9.99555E-05 0.047939 9.99555E-05 0.205688 9.99555E-05 9.99555E-05 9.99555E-05
