9.997E-05 9.997E-05 9.997E-05 0.9996 9.997E-05
0.080229 0.902692 0.0168796 9.99822E-05 9.99822E-05
0.352317 0.47151 0.133974 0.0420997 9.99911E-05
0.30381 0.135764 0.142545 0.0597048 0.358176
9.99822E-05 0.226747 0.310116 9.99822E-05 0.462937
0.302892 9.99732E-05 9.99732E-05 9.99732E-05 0.696808
0.449999 9.99732E-05 0.549701 9.99732E-05 9.99732E-05
0.338494 0.661206 9.99733E-05 9.99733E-05 9.99733E-05
0.16282 9.99821E-05 0.637505 9.99821E-05 0.199475
0.269037 0.11775 0.0824323 9.99911E-05 0.530681
0.407401 9.99822E-05 0.192109 9.99822E-05 0.40029
0.0568259 0.220667 0.686898 0.0355095 9.99911E-05
0.396575 0.548143 9.99911E-05 0.044142 0.0110403
0.103966 0.153082 0.50289 9.99911E-05 0.239962
0.426815 9.99823E-05 0.546181 0.0268048 9.99823E-05
0.0309185 9.99734E-05 0.968782 9.99734E-05 9.99734E-05
9.99822E-05 0.639583 0.080112 9.99822E-05 0.280105
9.999E-05 0.343774 0.517572 0.0343661 0.104188
0.252921 0.287486 0.173332 9.99911E-05 0.286161
0.909435 0.0902648 9.99732E-05 9.99732E-05 9.99732E-05
0.146239 0.247493 9.99821E-05 9.99821E-05 0.606068
0.127877 0.422251 0.155113 9.99911E-05 0.294659
9.99821E-05 9.99821E-05 0.766014 0.0123961 0.22139
9.99732E-05 0.135871 9.99732E-05 9.99732E-05 0.863829
9.99734E-05 0.812306 9.99734E-05 9.99734E-05 0.187394
0.168468 0.831232 9.99732E-05 9.99732E-05 9.99732E-05
0.790872 9.99822E-05 0.206223 0.00270528 9.99822E-05
0.5698 0.0234955 0.384483 9.99911E-05 0.022122
0.656036 0.343664 9.99732E-05 9.99732E-05 9.99732E-05
0.679779 0.200189 0.119832 9.99822E-05 9.99822E-05
0.984161 0.0155387 9.99732E-05 9.99732E-05 9.99732E-05
0.944443 9.99733E-05 9.99733E-05 9.99733E-05 0.0552566
0.85627 9.99733E-05 0.14343 9.99733E-05 9.99733E-05
0.305635 9.99822E-05 0.555108 9.99822E-05 0.139056
9.99821E-05 0.0855754 0.588539 9.99821E-05 0.325685
0.207879 0.668233 0.123688 9.99823E-05 9.99823E-05
0.21958 0.153571 9.99822E-05 9.99822E-05 0.62665
0.9996 9.997E-05 9.997E-05 9.997E-05 9.997E-05
9.99732E-05 9.99732E-05 0.949147 9.99732E-05 0.050553
0.264587 0.200513 0.377719 0.157082 9.99911E-05
0.713324 0.0918944 0.132556 9.99911E-05 0.0621257
0.140561 0.000497032 0.726314 9.99911E-05 0.132528
0.329026 0.113541 0.557232 9.99822E-05 9.99822E-05
0.471349 9.99821E-05 0.168095 9.99821E-05 0.360357
0.856479 0.106089 9.99822E-05 9.99822E-05 0.0372317
9.99822E-05 0.756568 0.208762 9.99822E-05 0.0344699
0.0823101 0.0521544 0.439089 0.0387958 0.387651
0.237962 0.470202 0.291636 9.99822E-05 9.99822E-05
0.240008 0.306242 0.272972 0.180678 9.9991E-05
9.99823E-05 0.423986 0.294633 9.99823E-05 0.281182
9.99732E-05 0.594079 9.99732E-05 9.99732E-05 0.405621
0.383948 0.294801 9.99911E-05 0.0909596 0.230192
0.564509 0.0246765 9.99822E-05 9.99822E-05 0.410614
0.287756 9.99822E-05 0.00704339 9.99822E-05 0.705001
9.99731E-05 0.252021 9.99731E-05 0.747679 9.99731E-05
9.99733E-05 9.99733E-05 0.231678 9.99733E-05 0.768022
0.526652 0.200341 9.99822E-05 9.99822E-05 0.272807
0.00861725 0.590917 0.33392 9.99911E-05 0.0664455
0.0490129 0.950687 9.99733E-05 9.99733E-05 9.99733E-05
9.99732E-05 0.813891 0.185809 9.99732E-05 9.99732E-05
0.584995 0.414705 9.99733E-05 9.99733E-05 9.99733E-05
0.0822479 0.720203 0.197349 9.99821E-05 9.99821E-05
9.99822E-05 0.436557 0.200825 9.99822E-05 0.362418
0.963315 9.99822E-05 0.0197235 9.99822E-05 0.0167616
0.458624 0.541076 9.99732E-05 9.99732E-05 9.99732E-05
0.143537 0.856163 9.99732E-05 9.99732E-05 9.99732E-05
9.99734E-05 0.353079 0.646621 9.99734E-05 9.99734E-05
0.460691 0.539009 9.99732E-05 9.99732E-05 9.99732E-05
0.0591498 0.928693 9.99822E-05 9.99822E-05 0.0119572
0.356965 9.99734E-05 0.642735 9.99734E-05 9.99734E-05
0.73715 9.99735E-05 0.26255 9.99735E-05 9.99735E-05
0.206453 0.593606 9.99822E-05 9.99822E-05 0.199741
9.99911E-05 0.146227 0.441961 0.135818 0.275893
0.136062 0.64522 0.0229099 0.0104468 0.185361
0.430613 9.99822E-05 0.385694 9.99822E-05 0.183493
0.151893 0.0281765 0.0406396 9.99911E-05 0.779191
0.21829 0.602433 0.179077 9.99822E-05 9.99822E-05
0.353096 0.389915 0.256789 9.99822E-05 9.99822E-05
9.99822E-05 0.54886 0.35165 0.0992908 9.99822E-05
0.0799018 0.470354 0.384209 0.0654359 9.99911E-05
0.561612 0.289034 0.149154 9.99821E-05 9.99821E-05
9.99821E-05 0.639705 0.266543 0.0935522 9.99821E-05
0.379072 9.99733E-05 0.620628 9.99733E-05 9.99733E-05
0.604575 0.395126 9.99732E-05 9.99732E-05 9.99732E-05
9.9973E-05 0.164171 9.9973E-05 0.835529 9.9973E-05
0.222748 0.135049 0.239202 9.99911E-05 0.402901
0.255227 9.99822E-05 0.706445 0.0381281 9.99822E-05
9.99733E-05 0.745724 9.99733E-05 9.99733E-05 0.253976
0.71863 9.99733E-05 9.99733E-05 9.99733E-05 0.28107
0.43754 9.99822E-05 9.99822E-05 0.0477569 0.514503
0.587565 0.264825 0.119563 0.0279468 9.9991E-05
0.609755 9.99735E-05 9.99735E-05 9.99735E-05 0.389945
0.0433775 0.24348 0.706827 9.99911E-05 0.006215
0.0424624 0.382161 0.10548 0.00163834 0.468258
0.560872 0.272316 9.99911E-05 0.0332688 0.133443
0.222741 0.00114209 0.775917 9.99822E-05 9.99822E-05
0.124898 0.435495 0.439407 9.99822E-05 9.99822E-05
0.114193 0.207837 0.450242 9.99911E-05 0.227629
0.630541 9.99821E-05 0.0539518 9.99821E-05 0.315307
0.499734 0.336713 0.0913145 9.99911E-05 0.0721381
0.263391 0.539957 9.99822E-05 0.196452 9.99822E-05
0.509406 0.171108 0.0830252 9.99911E-05 0.23636
0.179088 9.99733E-05 0.820612 9.99733E-05 9.99733E-05
9.99733E-05 0.612826 0.386874 9.99733E-05 9.99733E-05
9.99822E-05 0.204059 0.597307 9.99822E-05 0.198434
0.264253 0.156318 0.0970077 9.99911E-05 0.482322
0.200572 0.799128 9.99733E-05 9.99733E-05 9.99733E-05
9.99821E-05 0.808706 0.146216 0.0448782 9.99821E-05
0.36322 0.340614 0.295967 9.99821E-05 9.99821E-05
0.680346 9.99733E-05 0.319354 9.99733E-05 9.99733E-05
9.99733E-05 0.711413 9.99733E-05 9.99733E-05 0.288287
0.540274 9.99732E-05 0.459426 9.99732E-05 9.99732E-05
0.535549 9.99822E-05 0.219557 9.99822E-05 0.244694
0.255447 0.359345 9.99822E-05 9.99822E-05 0.385008
0.458078 9.99822E-05 0.451596 9.99822E-05 0.0901267
0.108367 9.99821E-05 0.468921 9.99821E-05 0.422513
0.0252871 9.99911E-05 0.312883 0.0603194 0.60141
0.503148 0.146571 0.246345 0.00258121 0.101355
9.99734E-05 9.99734E-05 9.99734E-05 0.037622 0.962078
0.236782 0.518949 9.99822E-05 9.99822E-05 0.244068
9.99733E-05 0.423359 0.576341 9.99733E-05 9.99733E-05
0.213375 9.99732E-05 0.786325 9.99732E-05 9.99732E-05
9.99823E-05 0.587561 0.331719 9.99823E-05 0.0805202
0.252027 9.99733E-05 0.747673 9.99733E-05 9.99733E-05
9.99821E-05 0.0515676 0.650185 9.99821E-05 0.298047
0.12979 9.99911E-05 0.12942 0.28344 0.457249
0.20757 0.478238 0.313992 9.99821E-05 9.99821E-05
0.296878 9.99911E-05 0.21823 0.105422 0.37937
9.99821E-05 0.297358 9.99821E-05 0.0743617 0.62808
9.99733E-05 9.99733E-05 0.886973 9.99733E-05 0.112727
0.590984 0.171067 0.237749 9.99822E-05 9.99822E-05
9.99733E-05 9.99733E-05 0.888807 9.99733E-05 0.110893
0.16373 0.327371 0.508699 9.99822E-05 9.99822E-05
0.237151 0.545413 0.217236 9.99822E-05 9.99822E-05
9.997E-05 0.9996 9.997E-05 9.997E-05 9.997E-05
0.101188 0.555075 9.99822E-05 9.99822E-05 0.343537
0.390216 9.99822E-05 0.570885 0.0386984 9.99822E-05
0.160764 0.838936 9.99733E-05 9.99733E-05 9.99733E-05
0.210232 0.127686 0.661883 9.99821E-05 9.99821E-05
0.256032 9.99821E-05 0.647174 0.0965942 9.99821E-05
0.625787 9.99821E-05 0.324672 0.0493409 9.99821E-05
0.189817 9.99822E-05 0.739682 9.99822E-05 0.0703013
9.99734E-05 0.276512 0.723188 9.99734E-05 9.99734E-05
0.0672924 9.99821E-05 0.709713 9.99821E-05 0.222794
9.99911E-05 0.476886 0.302267 0.0768314 0.143916
0.710711 0.177348 0.0475511 0.06429 9.9991E-05
0.252581 0.42909 9.99822E-05 9.99822E-05 0.318129
9.99822E-05 0.242271 0.739661 9.99822E-05 0.0178676
0.698516 0.0933939 0.170712 0.0372785 9.99911E-05
0.363622 9.99821E-05 0.468053 9.99821E-05 0.168125
0.427203 9.99823E-05 0.412176 9.99823E-05 0.160422
0.9996 9.997E-05 9.997E-05 9.997E-05 9.997E-05
0.468503 0.0127236 0.518574 9.99821E-05 9.99821E-05
0.116284 0.558765 0.275848 0.0490035 9.99911E-05
9.99911E-05 0.116093 0.75002 0.0391224 0.0946653
0.37437 0.62533 9.99732E-05 9.99732E-05 9.99732E-05
0.362842 0.527033 9.99823E-05 9.99823E-05 0.109925
