0.9995 9.996E-05 9.996E-05 9.996E-05 9.996E-05 9.996E-05
9.99643E-05 0.0875649 9.99643E-05 0.912035 9.99643E-05 9.99643E-05
9.99821E-05 0.619315 0.25784 0.0564107 0.066235 9.99821E-05
0.0040402 0.322093 0.0432 0.247229 0.383338 9.99911E-05
9.99644E-05 9.99644E-05 9.99644E-05 0.684966 9.99644E-05 0.314634
0.0393499 0.0972465 0.061165 0.00559551 0.444296 0.352347
9.99732E-05 0.164816 9.99732E-05 9.99732E-05 0.54217 0.292714
9.99733E-05 0.305073 9.99733E-05 0.348705 9.99733E-05 0.345922
9.99642E-05 9.99642E-05 9.99642E-05 9.99642E-05 0.200766 0.798834
0.0395975 0.100143 9.99911E-05 0.0922227 0.237097 0.53084
9.99822E-05 0.560229 0.298076 0.122215 0.0192799 9.99822E-05
9.99821E-05 0.00900811 0.0258846 9.99821E-05 0.0691369 0.89577
9.99821E-05 0.442166 0.10835 0.0069771 9.99821E-05 0.442307
9.99644E-05 9.99644E-05 9.99644E-05 9.99644E-05 0.339673 0.659927
9.99644E-05 0.424549 0.575051 9.99644E-05 9.99644E-05 9.99644E-05
9.99645E-05 9.99645E-05 9.99645E-05 9.99645E-05 0.67255 0.32705
9.99733E-05 9.99733E-05 9.99733E-05 0.621952 0.247181 0.130567
9.99822E-05 0.0443248 0.355229 0.512223 0.0880231 9.99822E-05
9.99822E-05 9.99822E-05 0.105657 0.168035 0.00239499 0.723713
9.99732E-05 0.655336 9.99732E-05 0.132086 0.212279 9.99732E-05
9.999E-05 0.188939 0.0734342 0.428869 0.289199 0.0194599
0.0256065 0.250751 0.055271 0.459454 9.99911E-05 0.208818
9.99733E-05 9.99733E-05 0.178334 9.99733E-05 0.627182 0.194184
9.99822E-05 9.99822E-05 0.041652 0.637597 0.0051863 0.315365
9.99734E-05 0.165127 0.0456529 0.78892 9.99734E-05 9.99734E-05
9.99733E-05 0.0251241 9.99733E-05 0.894127 0.0804491 9.99733E-05
9.99733E-05 0.283152 9.99733E-05 9.99733E-05 0.434057 0.282491
9.99732E-05 0.490373 0.0122695 9.99732E-05 0.497058 9.99732E-05
9.99821E-05 0.65077 0.109122 0.111611 9.99821E-05 0.128297
9.99822E-05 0.241306 0.0774457 9.99822E-05 0.60644 0.0746078
9.99732E-05 0.66581 9.99732E-05 0.00840015 0.32549 9.99732E-05
9.99732E-05 0.53376 9.99732E-05 9.99732E-05 0.408037 0.0579038
9.99643E-05 0.298204 9.99643E-05 9.99643E-05 0.701396 9.99643E-05
9.999E-05 0.0889793 0.447795 0.0154661 0.270571 0.177089
9.99821E-05 9.99821E-05 0.351347 0.251288 0.247774 0.149391
9.99734E-05 0.367227 9.99734E-05 0.301527 9.99734E-05 0.330946
0.205833 9.99821E-05 9.99821E-05 0.251521 0.255589 0.286857
9.996E-05 0.9995 9.996E-05 9.996E-05 9.996E-05 9.996E-05
9.99642E-05 9.99642E-05 0.784567 9.99642E-05 0.215033 9.99642E-05
9.99734E-05 0.680114 0.148271 9.99734E-05 0.171315 9.99734E-05
9.99821E-05 0.685654 0.0847735 9.99821E-05 0.170104 0.0592685
9.99644E-05 9.99644E-05 0.276119 9.99644E-05 0.723481 9.99644E-05
0.0124333 9.99732E-05 0.259094 9.99732E-05 0.728172 9.99732E-05
9.99732E-05 0.399886 9.99732E-05 9.99732E-05 0.237507 0.362307
0.0654957 0.462377 9.99822E-05 0.130229 0.341699 9.99822E-05
9.99822E-05 0.199054 0.169248 0.612755 9.99822E-05 0.0187426
9.99821E-05 0.0630227 9.99821E-05 0.467968 0.353072 0.115737
9.99733E-05 9.99733E-05 0.228276 0.150218 0.621206 9.99733E-05
9.99732E-05 0.515247 0.216501 0.267952 9.99732E-05 9.99732E-05
9.996E-05 9.996E-05 9.996E-05 9.996E-05 9.996E-05 0.9995
9.99732E-05 0.213943 9.99732E-05 0.653961 0.131797 9.99732E-05
0.0539469 0.71684 9.99823E-05 0.0827226 0.14629 9.99823E-05
0.133006 9.99731E-05 9.99731E-05 0.288347 0.578347 9.99731E-05
9.99733E-05 0.0946483 0.625574 9.99733E-05 9.99733E-05 0.279478
0.283869 0.420396 9.99823E-05 0.0478698 9.99823E-05 0.247665
9.99822E-05 9.99822E-05 0.68928 0.16992 0.0455208 0.0950789
9.99821E-05 0.367182 0.120721 0.439346 0.0725516 9.99821E-05
9.99733E-05 0.0252827 9.99733E-05 0.622323 9.99733E-05 0.352094
9.99733E-05 0.536877 9.99733E-05 0.248443 9.99733E-05 0.21438
9.99732E-05 9.99732E-05 0.0475362 0.845927 0.106237 9.99732E-05
9.99822E-05 0.553475 0.16286 0.194247 0.0892171 9.99822E-05
9.99911E-05 0.330379 0.156835 0.275206 0.0771565 0.160324
9.99733E-05 9.99733E-05 9.99733E-05 0.584293 0.0801232 0.335284
0.0578628 0.443499 9.99821E-05 0.0155206 0.482917 9.99821E-05
9.99821E-05 0.40793 0.00272187 0.27487 0.314278 9.99821E-05
9.99733E-05 0.622969 0.0467516 0.329979 9.99733E-05 9.99733E-05
9.99645E-05 9.99645E-05 9.99645E-05 9.99645E-05 0.00852294 0.991077
9.99821E-05 0.620339 9.99821E-05 0.143766 0.128317 0.107377
9.99732E-05 0.32409 0.106067 0.569544 9.99732E-05 9.99732E-05
9.99822E-05 0.267714 0.206038 9.99822E-05 0.496825 0.0292236
0.158808 0.0585097 9.99822E-05 9.99822E-05 0.637558 0.144924
9.99822E-05 0.0736036 0.0790374 0.733001 0.114159 9.99822E-05
0.0311164 9.99733E-05 0.445696 9.99733E-05 9.99733E-05 0.522888
0.0345165 0.153703 0.354773 0.175413 0.279203 0.00239159
9.99733E-05 9.99733E-05 9.99733E-05 0.142614 0.752391 0.104695
0.12162 9.99821E-05 0.20324 9.99821E-05 0.0350076 0.639933
9.99821E-05 0.0912082 0.0831903 0.538551 0.286851 9.99821E-05
9.99911E-05 0.525731 0.00548344 0.139191 0.0126237 0.316871
0.206224 9.99821E-05 0.274888 0.0860503 9.99821E-05 0.432638
9.99822E-05 0.149698 0.342551 0.207272 0.300279 9.99822E-05
9.99732E-05 0.179781 9.99732E-05 0.0606029 0.759316 9.99732E-05
9.99732E-05 0.481971 0.238945 0.278785 9.99732E-05 9.99732E-05
9.996E-05 9.996E-05 9.996E-05 9.996E-05 0.9995 9.996E-05
9.99822E-05 0.738057 0.0465825 0.0457342 0.169426 9.99822E-05
0.828418 0.0766324 0.0946499 9.9973E-05 9.9973E-05 9.9973E-05
9.99732E-05 0.473074 0.443251 0.0833755 9.99732E-05 9.99732E-05
9.99643E-05 9.99643E-05 0.301935 9.99643E-05 0.697665 9.99643E-05
9.99733E-05 0.226482 0.695643 0.0775754 9.99733E-05 9.99733E-05
9.99822E-05 0.326716 0.224823 9.99822E-05 0.0165558 0.431705
9.99644E-05 0.39059 0.60901 9.99644E-05 9.99644E-05 9.99644E-05
9.99642E-05 0.969694 9.99642E-05 9.99642E-05 0.029906 9.99642E-05
0.103564 9.99822E-05 9.99822E-05 0.208915 0.370836 0.316485
9.99732E-05 0.0554793 9.99732E-05 0.0312439 0.912977 9.99732E-05
9.99644E-05 9.99644E-05 9.99644E-05 0.714521 0.285079 9.99644E-05
0.125479 0.41635 9.99733E-05 9.99733E-05 0.457871 9.99733E-05
9.99821E-05 0.0283033 0.338396 9.99821E-05 0.248891 0.38421
9.99821E-05 0.281851 0.235415 0.264054 0.21848 9.99821E-05
9.99643E-05 9.99643E-05 0.455148 9.99643E-05 0.544452 9.99643E-05
0.0362046 0.146554 0.280266 9.99911E-05 0.287937 0.248938
9.99732E-05 0.378124 9.99732E-05 9.99732E-05 0.201455 0.420122
0.0548833 0.519982 9.99823E-05 0.241398 0.183537 9.99823E-05
0.0596215 0.321157 0.38956 9.99822E-05 0.229462 9.99822E-05
9.99822E-05 0.371762 0.150718 9.99822E-05 0.227726 0.249595
9.99911E-05 0.0835547 0.108997 0.0751272 0.254246 0.477975
9.99822E-05 9.99822E-05 0.130178 0.152746 0.0898329 0.627043
9.99821E-05 0.0544472 0.287217 0.482399 9.99821E-05 0.175736
9.99732E-05 0.280316 9.99732E-05 0.391901 9.99732E-05 0.327483
9.99821E-05 0.326991 0.258074 0.209123 9.99821E-05 0.205612
9.99642E-05 0.310311 9.99642E-05 9.99642E-05 9.99642E-05 0.68929
9.996E-05 9.996E-05 9.996E-05 9.996E-05 0.9995 9.996E-05
9.99821E-05 0.126751 0.230177 0.456274 9.99821E-05 0.186597
9.99733E-05 0.108898 0.0346627 9.99733E-05 0.856139 9.99733E-05
9.99733E-05 0.291872 9.99733E-05 9.99733E-05 0.335125 0.372703
9.99733E-05 0.357559 9.99733E-05 0.57466 9.99733E-05 0.0674813
9.99732E-05 0.537826 0.350519 9.99732E-05 0.111356 9.99732E-05
0.0093951 9.99821E-05 9.99821E-05 0.243722 0.201099 0.545585
0.0961645 0.136269 0.239859 9.99821E-05 9.99821E-05 0.527508
9.99733E-05 0.291699 0.295161 9.99733E-05 0.41284 9.99733E-05
0.190869 9.99911E-05 0.261788 0.313082 0.151268 0.082893
9.99733E-05 9.99733E-05 0.318745 0.352053 0.328902 9.99733E-05
9.99911E-05 0.0599496 0.20733 0.177977 0.120123 0.43452
9.99732E-05 9.99732E-05 0.153629 9.99732E-05 0.760693 0.0853777
9.99732E-05 9.99732E-05 0.281299 0.472285 0.246116 9.99732E-05
9.99822E-05 0.152371 0.195789 9.99822E-05 0.640579 0.011061
9.99732E-05 9.99732E-05 9.99732E-05 0.148552 0.572566 0.278583
0.118487 9.99733E-05 0.647757 9.99733E-05 0.233456 9.99733E-05
9.99731E-05 9.99731E-05 9.99731E-05 0.208921 0.560459 0.230321
0.00344963 0.171395 9.99911E-05 0.399967 0.33196 0.0931286
0.00722991 0.209001 9.99822E-05 0.333743 9.99822E-05 0.449827
9.99822E-05 0.130131 0.520204 9.99822E-05 0.162959 0.186505
9.99732E-05 0.0556215 9.99732E-05 9.99732E-05 0.52638 0.417699
9.99644E-05 9.99644E-05 9.99644E-05 9.99644E-05 0.650713 0.348887
9.99733E-05 9.99733E-05 9.99733E-05 0.0337709 0.602291 0.363638
9.99732E-05 0.0850814 0.430507 9.99732E-05 0.484112 9.99732E-05
9.99732E-05 0.128267 9.99732E-05 0.765349 0.106084 9.99732E-05
9.99732E-05 0.0877943 0.332123 0.579783 9.99732E-05 9.99732E-05
0.00717563 0.468469 9.99822E-05 9.99822E-05 0.459288 0.064867
9.99732E-05 0.303984 9.99732E-05 0.407445 0.288271 9.99732E-05
9.99642E-05 9.99642E-05 9.99642E-05 9.99642E-05 0.703355 0.296245
9.99822E-05 0.551076 0.188601 9.99822E-05 0.129666 0.130456
9.99821E-05 0.553892 0.297065 9.99821E-05 0.0962039 0.0526387
9.99645E-05 9.99645E-05 0.0461811 9.99645E-05 0.953419 9.99645E-05
9.99734E-05 9.99734E-05 9.99734E-05 0.0730068 0.220822 0.705871
9.99911E-05 0.0592152 0.0510083 0.0798497 0.2936 0.516227
9.99732E-05 0.214992 0.429254 0.355454 9.99732E-05 9.99732E-05
9.996E-05 0.9995 9.996E-05 9.996E-05 9.996E-05 9.996E-05
9.99732E-05 0.284677 9.99732E-05 0.67374 0.0412832 9.99732E-05
9.99822E-05 9.99822E-05 0.0433238 0.309355 0.394172 0.25295
9.99733E-05 0.186708 9.99733E-05 0.16068 0.652312 9.99733E-05
9.99821E-05 0.24985 9.99821E-05 0.0819818 0.414853 0.253115
0.0123556 9.99734E-05 0.131086 9.99734E-05 0.856259 9.99734E-05
9.996E-05 0.9995 9.996E-05 9.996E-05 9.996E-05 9.996E-05
9.99732E-05 0.133977 9.99732E-05 9.99732E-05 0.62162 0.244103
9.99823E-05 0.607747 0.283704 0.00423624 9.99823E-05 0.104113
9.99734E-05 0.283197 0.554413 0.162091 9.99734E-05 9.99734E-05
9.99821E-05 0.592727 9.99821E-05 0.204525 0.0597826 0.142765
0.00828094 0.555485 0.112426 0.323608 9.99822E-05 9.99822E-05
