9.998E-05 9.998E-05 0.9997 9.998E-05
0.278835 0.720965 9.99821E-05 9.99821E-05
9.99822E-05 0.820987 9.99822E-05 0.178813
0.0289291 0.559262 0.0307143 0.381094
0.813043 0.186757 9.99822E-05 9.99822E-05
0.335934 0.0576091 9.99911E-05 0.606357
0.191652 9.99821E-05 9.99821E-05 0.808148
0.272985 0.696045 9.99911E-05 0.03087
0.690069 9.99821E-05 9.99821E-05 0.309731
0.494193 0.306785 9.99911E-05 0.198921
0.116501 0.833695 9.99911E-05 0.0497039
0.468247 0.324799 9.99911E-05 0.206854
0.305921 0.642921 0.00240199 0.0487561
0.795291 9.99823E-05 9.99823E-05 0.204509
9.99823E-05 0.685125 9.99823E-05 0.314675
0.0687454 0.263934 9.99912E-05 0.66722
0.536114 0.384737 9.99911E-05 0.0790494
0.157229 0.820598 9.99911E-05 0.0220731
0.650054 9.99823E-05 9.99823E-05 0.349747
9.99821E-05 0.676904 9.99821E-05 0.322896
9.99822E-05 0.645909 9.99822E-05 0.353891
0.165467 0.778293 9.99911E-05 0.0561396
0.0660419 9.99823E-05 9.99823E-05 0.933758
0.584926 0.414874 9.99822E-05 9.99822E-05
9.998E-05 0.9997 9.998E-05 9.998E-05
0.350866 0.564351 9.99911E-05 0.0846826
0.107479 9.99822E-05 9.99822E-05 0.892321
9.99821E-05 0.538529 9.99821E-05 0.461271
0.398306 0.588945 9.99911E-05 0.0126493
9.99823E-05 0.443427 9.99823E-05 0.556373
9.99821E-05 0.547809 9.99821E-05 0.451991
9.99822E-05 0.403234 9.99822E-05 0.596566
9.99822E-05 0.118215 9.99822E-05 0.881585
0.47851 0.0477126 9.99911E-05 0.473677
0.98098 9.99821E-05 9.99821E-05 0.01882
0.242984 0.481793 9.99911E-05 0.275122
0.573976 9.99911E-05 0.16619 0.259734
9.99821E-05 0.503117 9.99821E-05 0.496683
0.647897 0.0119369 9.99911E-05 0.340066
9.99911E-05 0.709952 0.0805938 0.209354
9.99821E-05 0.66123 9.99821E-05 0.33857
9.998E-05 9.998E-05 9.998E-05 0.9997
0.0880496 9.99911E-05 0.0255995 0.886251
0.0488724 0.142389 9.99911E-05 0.808639
9.99911E-05 0.268485 0.0270548 0.70436
0.338881 0.660919 9.99822E-05 9.99822E-05
0.570105 0.228267 9.99911E-05 0.201528
9.99822E-05 0.723892 9.99822E-05 0.275908
9.99911E-05 0.924341 0.00266988 0.0728895
0.9997 9.998E-05 9.998E-05 9.998E-05
0.210119 0.789681 9.99821E-05 9.99821E-05
9.99822E-05 0.983459 0.0163411 9.99822E-05
9.99822E-05 0.249596 9.99822E-05 0.750204
0.0933063 0.353745 9.99911E-05 0.552849
9.99822E-05 0.515628 0.484172 9.99822E-05
0.625371 0.200941 9.99911E-05 0.173588
0.262271 0.712485 9.99911E-05 0.0251437
0.612513 0.387287 9.99823E-05 9.99823E-05
0.0464922 0.953308 9.99822E-05 9.99822E-05
0.739124 0.260676 9.99821E-05 9.99821E-05
9.99822E-05 0.691583 9.99822E-05 0.308217
0.610822 0.384409 0.00466981 9.9991E-05
0.76278 0.23702 9.99821E-05 9.99821E-05
9.99821E-05 0.160504 9.99821E-05 0.839296
9.99821E-05 0.710244 9.99821E-05 0.289556
0.0835161 0.916284 9.99822E-05 9.99822E-05
0.647598 0.265672 9.99911E-05 0.0866302
9.99822E-05 0.729889 9.99822E-05 0.269911
0.0175518 0.982248 9.99822E-05 9.99822E-05
9.99822E-05 0.448625 9.99822E-05 0.551175
9.99823E-05 9.99823E-05 0.101872 0.897928
9.998E-05 0.9997 9.998E-05 9.998E-05
0.674693 9.99911E-05 0.141128 0.184079
0.0710476 0.745539 0.0294556 0.153958
0.0725271 9.99821E-05 9.99821E-05 0.927273
0.54289 9.99911E-05 0.0950756 0.361935
0.142511 0.626559 9.99911E-05 0.23083
0.607941 0.220737 9.99911E-05 0.171222
0.265339 0.0314662 0.146427 0.556768
0.339318 0.222328 9.99911E-05 0.438255
9.99822E-05 0.0706755 9.99822E-05 0.929125
0.152974 0.844153 0.00277348 9.99911E-05
0.0293462 9.99822E-05 9.99822E-05 0.970454
9.99821E-05 0.705695 9.99821E-05 0.294105
9.99821E-05 0.419968 0.579832 9.99821E-05
0.0942474 0.905553 9.99823E-05 9.99823E-05
0.194243 9.99822E-05 9.99822E-05 0.805557
0.0740887 0.925711 9.99822E-05 9.99822E-05
0.147941 0.136379 9.99911E-05 0.71558
9.99911E-05 0.768782 0.0998816 0.131236
9.99821E-05 0.579614 9.99821E-05 0.420186
0.228745 9.99911E-05 0.00848875 0.762666
0.338349 9.99821E-05 9.99821E-05 0.661451
0.196415 0.642986 0.0737445 0.0868545
9.99911E-05 0.512238 0.168176 0.319487
0.143193 9.99821E-05 9.99821E-05 0.856607
9.99821E-05 0.537291 9.99821E-05 0.462509
0.0129582 0.336679 9.99911E-05 0.650262
0.0361985 0.251708 9.99911E-05 0.711994
0.232579 0.298255 9.99911E-05 0.469066
9.99823E-05 0.820719 9.99823E-05 0.179081
9.99911E-05 0.503351 0.0182952 0.478254
0.286467 0.133206 9.99911E-05 0.580227
0.473621 0.208438 0.0201452 0.297796
0.775859 9.99822E-05 9.99822E-05 0.223941
0.171091 0.761345 9.99911E-05 0.0674644
0.179479 0.820321 9.99822E-05 9.99822E-05
0.11829 0.88151 9.99822E-05 9.99822E-05
0.634471 0.248134 9.99911E-05 0.117295
9.99822E-05 9.99822E-05 0.0213835 0.978417
0.505592 0.494208 9.99821E-05 9.99821E-05
9.998E-05 9.998E-05 9.998E-05 0.9997
0.32757 9.99822E-05 9.99822E-05 0.672231
0.426751 0.521125 9.99911E-05 0.0520238
0.0427853 0.476409 9.99911E-05 0.480706
0.740926 9.99821E-05 9.99821E-05 0.258874
0.517045 9.99911E-05 0.176462 0.306392
0.12702 0.238056 9.99911E-05 0.634823
0.428425 9.99911E-05 0.316637 0.254838
0.0305927 0.674877 0.014888 0.279643
0.386412 0.15809 9.99911E-05 0.455398
9.99911E-05 0.0475295 0.00907942 0.943291
0.158114 0.732568 9.99911E-05 0.109218
9.998E-05 9.998E-05 9.998E-05 0.9997
0.299973 0.0976226 9.99911E-05 0.602304
9.99911E-05 0.345586 0.211366 0.442948
0.370737 9.99821E-05 9.99821E-05 0.629063
0.0739405 0.324571 0.0663812 0.535107
0.433181 0.472818 0.0939008 9.99911E-05
0.473817 0.247263 9.99911E-05 0.278819
0.402172 9.99822E-05 9.99822E-05 0.597628
0.307832 9.99822E-05 9.99822E-05 0.691968
0.379381 9.99822E-05 9.99822E-05 0.620419
0.358897 0.116866 0.0185437 0.505693
0.0893945 0.910406 9.99821E-05 9.99821E-05
0.355891 0.643909 9.99821E-05 9.99821E-05
0.0388695 0.500831 9.99911E-05 0.4602
9.99822E-05 0.819525 9.99822E-05 0.180275
0.0604096 9.99822E-05 9.99822E-05 0.93939
9.99822E-05 0.676507 9.99822E-05 0.323293
9.99821E-05 0.60225 9.99821E-05 0.39755
0.21118 9.99822E-05 9.99822E-05 0.78862
0.928591 9.99823E-05 9.99823E-05 0.0712086
0.850532 9.99822E-05 9.99822E-05 0.149268
0.348438 0.651362 9.99822E-05 9.99822E-05
9.99821E-05 0.878343 9.99821E-05 0.121457
0.0966765 0.903124 9.99822E-05 9.99822E-05
0.566076 0.00741104 9.99911E-05 0.426413
9.99822E-05 0.432648 9.99822E-05 0.567152
0.236835 0.20255 9.9991E-05 0.560515
0.280762 9.99823E-05 9.99823E-05 0.719038
9.99911E-05 0.523259 0.00631539 0.470326
9.99821E-05 0.303514 9.99821E-05 0.696286
0.120284 0.853646 9.99911E-05 0.02597
0.0750315 0.875752 0.0491161 9.99911E-05
0.223729 0.680884 9.99911E-05 0.0952865
9.998E-05 0.9997 9.998E-05 9.998E-05
