0.9996 9.997E-05 9.997E-05 9.997E-05 9.997E-05
9.99732E-05 0.106673 9.99732E-05 0.893027 9.99732E-05
9.99821E-05 0.451857 0.493601 0.0543425 9.99821E-05
9.999E-05 0.22007 0.185852 0.169284 0.424694
9.99822E-05 9.99822E-05 0.166934 0.639316 0.19355
0.00849101 0.18401 9.99911E-05 0.105539 0.70186
9.99732E-05 0.0127885 9.99732E-05 9.99732E-05 0.986912
9.99822E-05 0.343547 9.99822E-05 0.637098 0.0191546
9.997E-05 9.997E-05 9.997E-05 9.997E-05 0.9996
9.99732E-05 9.99732E-05 9.99732E-05 0.235371 0.764329
9.999E-05 0.516267 0.011621 0.241068 0.230944
9.99822E-05 0.0148103 0.18379 9.99822E-05 0.8012
0.0634748 0.357493 0.233394 0.157428 0.188211
9.99734E-05 0.0625568 9.99734E-05 9.99734E-05 0.937143
9.99734E-05 0.215248 0.784452 9.99734E-05 9.99734E-05
9.99734E-05 9.99734E-05 0.10083 9.99734E-05 0.89887
9.99733E-05 9.99733E-05 9.99733E-05 0.543598 0.456102
9.99733E-05 9.99733E-05 0.714704 0.284996 9.99733E-05
9.99734E-05 9.99734E-05 9.99734E-05 0.220261 0.779439
9.99822E-05 0.627657 0.084879 0.287264 9.99822E-05
9.99822E-05 0.310291 9.99822E-05 0.30843 0.381079
9.99822E-05 0.158813 9.99822E-05 0.401498 0.439489
9.99733E-05 9.99733E-05 0.126382 9.99733E-05 0.873318
9.99733E-05 9.99733E-05 9.99733E-05 0.581509 0.418191
9.99823E-05 0.00644295 0.175176 0.818181 9.99823E-05
9.99821E-05 0.106109 0.26198 0.631711 9.99821E-05
9.99733E-05 0.404462 9.99733E-05 9.99733E-05 0.595238
9.99822E-05 0.716465 0.120952 9.99822E-05 0.162383
0.0382163 0.588355 0.265885 0.107443 9.99911E-05
9.99822E-05 0.413069 0.115408 9.99822E-05 0.471323
9.99732E-05 0.977425 0.0222751 9.99732E-05 9.99732E-05
9.99822E-05 0.707979 9.99822E-05 0.00832074 0.2835
9.99732E-05 0.66371 9.99732E-05 9.99732E-05 0.33599
9.99911E-05 0.0149387 0.690404 0.0795696 0.214987
9.99822E-05 9.99822E-05 0.515752 0.138228 0.34582
9.99911E-05 0.391968 0.000526871 0.347097 0.260308
0.183133 9.99821E-05 9.99821E-05 0.381798 0.434869
9.99732E-05 0.958706 0.0409942 9.99732E-05 9.99732E-05
9.997E-05 9.997E-05 0.9996 9.997E-05 9.997E-05
9.99734E-05 0.65331 0.34639 9.99734E-05 9.99734E-05
9.99821E-05 0.674454 0.0352693 9.99821E-05 0.290077
0.00597163 9.99822E-05 0.262599 9.99822E-05 0.731229
0.0205895 9.99821E-05 0.66332 9.99821E-05 0.31589
9.99731E-05 0.0918355 9.99731E-05 9.99731E-05 0.907865
9.99822E-05 0.785574 9.99822E-05 0.0841791 0.130047
9.99732E-05 9.99732E-05 0.520767 0.478933 9.99732E-05
9.99911E-05 0.0810794 0.203237 0.34181 0.373773
9.99911E-05 0.221325 0.527118 0.0443309 0.207126
9.99822E-05 0.595336 0.315746 0.0887178 9.99822E-05
9.99823E-05 9.99823E-05 0.0267052 0.342311 0.630784
9.99732E-05 0.273569 9.99732E-05 0.726131 9.99732E-05
0.124202 0.863669 9.99822E-05 0.011929 9.99822E-05
0.0983282 0.224109 9.99911E-05 0.148339 0.529124
9.99911E-05 0.00323736 0.483402 0.15539 0.35787
0.483101 0.222443 9.99911E-05 0.222162 0.0721929
0.0466151 9.99911E-05 0.491564 0.29904 0.162681
9.99821E-05 0.434852 0.304389 0.260559 9.99821E-05
9.99822E-05 9.99822E-05 0.222347 0.577559 0.199895
9.99822E-05 0.311433 9.99822E-05 0.483893 0.204475
9.99731E-05 9.99731E-05 0.438306 0.561394 9.99731E-05
9.99822E-05 0.542503 0.144702 0.312595 9.99822E-05
9.99911E-05 0.200491 0.501064 0.121764 0.176581
9.99732E-05 9.99732E-05 9.99732E-05 0.524296 0.475404
9.99732E-05 0.51809 9.99732E-05 9.99732E-05 0.48161
9.99821E-05 0.521896 0.253864 0.224039 9.99821E-05
9.99821E-05 0.27869 0.233715 0.487395 9.99821E-05
9.99735E-05 0.0844368 9.99735E-05 9.99735E-05 0.915263
9.99911E-05 0.591638 0.265197 0.127786 0.015279
9.99911E-05 0.149376 0.236773 0.607267 0.0064843
9.99822E-05 0.298157 0.305219 9.99822E-05 0.396424
0.116817 0.290549 0.0872418 9.99911E-05 0.505292
9.99823E-05 0.075296 9.99823E-05 0.649942 0.274562
0.083595 9.99822E-05 0.307264 9.99822E-05 0.608941
0.0834181 0.385046 0.326719 0.204716 9.99911E-05
9.99822E-05 0.306335 0.255709 9.99822E-05 0.437756
0.130332 9.99821E-05 9.99821E-05 0.137096 0.732372
9.99821E-05 0.467814 0.262469 0.269517 9.99821E-05
9.99911E-05 0.176036 0.0933956 0.394416 0.336052
0.116119 9.99911E-05 0.0639856 0.107118 0.712678
9.99822E-05 0.0131151 0.817924 9.99822E-05 0.168761
9.99821E-05 0.510939 0.222345 9.99821E-05 0.266516
0.0120187 0.327266 0.419118 0.241497 9.99911E-05
9.99822E-05 0.00548073 0.0905376 9.99822E-05 0.903782
9.99822E-05 0.821296 0.130072 0.0484317 9.99822E-05
0.737197 0.0905858 0.172018 9.9982E-05 9.9982E-05
9.99822E-05 0.154277 0.592771 0.252751 9.99822E-05
9.99821E-05 0.0678195 0.713062 9.99821E-05 0.218918
9.99822E-05 0.0227675 0.595426 0.381606 9.99822E-05
0.00853836 0.439051 0.100998 9.99911E-05 0.451313
9.99822E-05 0.20891 0.491812 0.299078 9.99822E-05
9.99821E-05 0.953403 9.99821E-05 0.0353684 0.0110288
0.144223 9.99822E-05 9.99822E-05 0.0117794 0.843797
9.99732E-05 9.99732E-05 0.513594 9.99732E-05 0.486106
9.99822E-05 9.99822E-05 0.00207546 0.593809 0.403916
0.0171153 0.604199 0.0504194 9.99912E-05 0.328166
9.99822E-05 0.0243826 0.318839 9.99822E-05 0.656578
9.99822E-05 0.325215 0.464056 0.210529 9.99822E-05
9.99733E-05 9.99733E-05 0.663651 9.99733E-05 0.336049
9.99911E-05 0.147276 0.019977 0.00775758 0.82489
9.99732E-05 0.417982 9.99732E-05 9.99732E-05 0.581718
0.0406852 0.713541 0.109244 0.136431 9.99912E-05
9.99911E-05 0.231879 0.66567 0.0529412 0.0494105
9.99821E-05 0.15481 0.335249 9.99821E-05 0.509741
9.99822E-05 9.99822E-05 0.179815 0.223513 0.596472
9.99733E-05 9.99733E-05 9.99733E-05 0.168497 0.831203
9.99821E-05 0.184999 0.300151 0.514651 9.99821E-05
9.99822E-05 0.461667 9.99822E-05 0.343989 0.194145
9.99911E-05 0.340185 0.371384 0.190382 0.0979495
9.99911E-05 0.18539 0.0207053 0.137187 0.656618
9.99733E-05 0.284657 9.99733E-05 9.99733E-05 0.715043
0.0528911 0.0319386 0.122553 0.792517 9.99911E-05
9.99821E-05 0.22893 0.119119 9.99821E-05 0.651752
9.99733E-05 0.0583251 9.99733E-05 9.99733E-05 0.941375
9.99822E-05 0.0510536 9.99822E-05 0.568 0.380746
9.99821E-05 0.316354 0.579227 9.99821E-05 0.104219
9.99732E-05 9.99732E-05 9.99732E-05 0.132332 0.867368
0.219183 9.99821E-05 9.99821E-05 0.183893 0.596724
9.99822E-05 0.382444 0.452322 9.99822E-05 0.165034
0.302707 9.99822E-05 9.99822E-05 0.16317 0.533923
9.99822E-05 0.262818 0.486032 0.25095 9.99822E-05
9.99822E-05 9.99822E-05 0.305195 0.0354483 0.659157
9.99732E-05 9.99732E-05 0.109221 9.99732E-05 0.890479
9.99821E-05 9.99821E-05 0.427484 0.402391 0.169925
9.99732E-05 9.99732E-05 0.367056 9.99732E-05 0.632644
0.0175357 0.0806712 9.99822E-05 9.99822E-05 0.901593
0.146074 0.106138 0.703972 9.99911E-05 0.0437163
9.99732E-05 9.99732E-05 9.99732E-05 0.035707 0.963993
0.0208544 0.166877 9.99911E-05 0.261158 0.551011
0.033356 0.0113786 9.99911E-05 0.785034 0.170131
9.99822E-05 0.00192912 0.33017 9.99822E-05 0.667701
9.99732E-05 0.442351 9.99732E-05 9.99732E-05 0.557349
9.997E-05 9.997E-05 9.997E-05 9.997E-05 0.9996
9.99733E-05 0.154772 9.99733E-05 9.99733E-05 0.844928
9.99822E-05 0.0293736 0.891425 9.99822E-05 0.0790018
9.99821E-05 0.154822 0.292596 0.552382 9.99821E-05
9.99821E-05 0.00547164 0.213641 0.780688 9.99821E-05
9.99732E-05 0.250724 9.99732E-05 9.99732E-05 0.748976
9.99821E-05 0.394301 9.99821E-05 0.37135 0.234149
9.99732E-05 9.99732E-05 9.99732E-05 0.0571356 0.942564
9.99822E-05 0.448746 0.251924 9.99822E-05 0.299129
9.99911E-05 0.4402 0.403346 0.0106337 0.14572
9.99733E-05 9.99733E-05 0.406621 9.99733E-05 0.593079
9.99734E-05 9.99734E-05 9.99734E-05 0.0776287 0.922071
9.99822E-05 9.99822E-05 0.0996481 0.0516181 0.848534
0.00288598 0.112381 0.560809 0.323824 9.99911E-05
9.99821E-05 0.833256 9.99821E-05 0.0965098 0.0700339
9.99732E-05 0.432738 9.99732E-05 0.566962 9.99732E-05
9.99822E-05 9.99822E-05 0.25514 0.180738 0.563922
0.0105948 0.804632 0.0905421 9.99911E-05 0.0941312
9.99732E-05 9.99732E-05 9.99732E-05 0.0961453 0.903555
0.0408764 9.99822E-05 0.408047 9.99822E-05 0.550876
9.997E-05 0.9996 9.997E-05 9.997E-05 9.997E-05
9.99732E-05 0.0909465 9.99732E-05 9.99732E-05 0.908754
9.99823E-05 0.408466 0.128604 0.46273 9.99823E-05
0.0342861 9.99823E-05 0.65464 0.310874 9.99823E-05
9.99821E-05 0.474456 9.99821E-05 0.231348 0.293996
9.99733E-05 0.255234 9.99733E-05 0.744466 9.99733E-05
