9.993E-05 9.993E-05 9.993E-05 9.993E-05 0.999201 9.993E-05 9.993E-05 9.993E-05 9.993E-05
9.99465E-05 9.99465E-05 0.292435 9.99465E-05 9.99465E-05 0.0303715 9.99465E-05 0.676594 9.99465E-05
9.99464E-05 9.99464E-05 0.617516 0.22404 9.99464E-05 0.157844 9.99464E-05 9.99464E-05 9.99464E-05
9.99556E-05 9.99556E-05 0.477128 9.99556E-05 9.99556E-05 0.323711 0.190638 0.00802368 9.99556E-05
0.0413607 0.303496 0.377308 0.0164486 9.99644E-05 9.99644E-05 0.260986 9.99644E-05 9.99644E-05
0.621485 0.0816242 9.99643E-05 9.99643E-05 9.99643E-05 0.135776 0.0583437 0.102371 9.99643E-05
9.995E-05 0.341819 9.995E-05 0.0526666 9.995E-05 0.561025 9.995E-05 9.995E-05 0.0439896
0.28783 0.184807 0.0783676 0.323787 9.99643E-05 9.99643E-05 9.99643E-05 0.124808 9.99643E-05
0.0838424 9.99552E-05 9.99552E-05 0.379641 9.99552E-05 0.350601 0.185415 9.99552E-05 9.99552E-05
0.30444 9.99554E-05 9.99554E-05 9.99554E-05 9.99554E-05 0.448835 9.99554E-05 0.225824 0.0204015
0.140027 9.996E-05 0.249838 9.996E-05 9.996E-05 0.41903 9.996E-05 0.015966 0.17474
9.99373E-05 9.99373E-05 0.0679122 0.931388 9.99373E-05 9.99373E-05 9.99373E-05 9.99373E-05 9.99373E-05
9.99554E-05 0.0355311 0.400517 0.164483 9.99554E-05 9.99554E-05 9.99554E-05 0.398969 9.99554E-05
0.265088 9.99464E-05 9.99464E-05 0.518035 9.99464E-05 9.99464E-05 0.216278 9.99464E-05 9.99464E-05
9.99644E-05 0.0475729 0.224599 0.0611492 9.99644E-05 9.99644E-05 0.123892 9.99644E-05 0.542387
9.99374E-05 9.99374E-05 9.99374E-05 9.99374E-05 9.99374E-05 0.239277 9.99374E-05 9.99374E-05 0.760023
9.99733E-05 0.00843769 0.497625 9.99733E-05 9.99733E-05 0.307634 0.0453513 0.0954208 0.0452318
9.99376E-05 9.99376E-05 0.690885 9.99376E-05 9.99376E-05 9.99376E-05 0.308415 9.99376E-05 9.99376E-05
0.437802 0.00644433 9.99644E-05 0.511348 9.99644E-05 0.0349235 9.99644E-05 0.00908291 9.99644E-05
0.184016 0.543495 0.0220633 9.99553E-05 9.99553E-05 9.99553E-05 9.99553E-05 0.249926 9.99553E-05
0.682767 9.99464E-05 0.14921 9.99464E-05 9.99464E-05 9.99464E-05 9.99464E-05 0.167424 9.99464E-05
0.08992 0.171747 0.212502 0.194934 9.99733E-05 0.0684229 9.99733E-05 0.262175 9.99733E-05
0.357821 9.99554E-05 9.99554E-05 9.99554E-05 9.99554E-05 0.314418 0.129406 9.99554E-05 0.197855
0.592534 0.00950663 0.104846 9.99555E-05 9.99555E-05 9.99555E-05 9.99555E-05 0.292614 9.99555E-05
9.99378E-05 9.99378E-05 0.444532 9.99378E-05 9.99378E-05 9.99378E-05 9.99378E-05 0.554769 9.99378E-05
9.995E-05 0.130609 0.257174 9.995E-05 9.995E-05 9.995E-05 0.0935712 0.518146 9.995E-05
0.272804 0.605149 9.99553E-05 0.0869639 9.99553E-05 9.99553E-05 0.0345837 9.99553E-05 9.99553E-05
9.99642E-05 0.243218 0.0180018 9.99642E-05 9.99642E-05 0.599989 9.99642E-05 0.00267273 0.135718
9.99463E-05 0.567015 0.37375 0.0586353 9.99463E-05 9.99463E-05 9.99463E-05 9.99463E-05 9.99463E-05
9.99379E-05 9.99379E-05 0.246862 9.99379E-05 9.99379E-05 0.752439 9.99379E-05 9.99379E-05 9.99379E-05
9.993E-05 0.999201 9.993E-05 9.993E-05 9.993E-05 9.993E-05 9.993E-05 9.993E-05 9.993E-05
9.99374E-05 0.810345 9.99374E-05 9.99374E-05 9.99374E-05 0.188956 9.99374E-05 9.99374E-05 9.99374E-05
9.99465E-05 0.676861 9.99465E-05 0.0265367 9.99465E-05 0.296003 9.99465E-05 9.99465E-05 9.99465E-05
0.0707153 0.195711 0.295416 0.140417 9.99642E-05 9.99642E-05 0.297341 9.99642E-05 9.99642E-05
0.10661 9.99464E-05 0.156801 9.99464E-05 9.99464E-05 9.99464E-05 0.735989 9.99464E-05 9.99464E-05
0.108992 0.32269 9.99556E-05 9.99556E-05 9.99556E-05 9.99556E-05 0.0925483 0.475271 9.99556E-05
0.64695 0.161021 9.99643E-05 9.99643E-05 0.067289 9.99643E-05 0.0317119 9.99643E-05 0.0926292
9.99552E-05 0.671141 9.99552E-05 0.0289563 9.99552E-05 0.245621 0.0537819 9.99552E-05 9.99552E-05
9.99462E-05 9.99462E-05 0.0654591 9.99462E-05 9.99462E-05 9.99462E-05 0.537085 9.99462E-05 0.396856
9.99732E-05 0.251343 0.332928 9.99732E-05 0.060054 0.0517102 0.00492418 9.99732E-05 0.298741
9.99553E-05 0.161063 0.113006 9.99553E-05 9.99553E-05 0.691981 9.99553E-05 0.0334493 9.99553E-05
0.0776644 0.102661 9.99733E-05 0.0170841 9.99733E-05 0.43243 0.146383 9.99733E-05 0.223477
9.99375E-05 9.99375E-05 9.99375E-05 9.99375E-05 9.99375E-05 0.385649 0.613651 9.99375E-05 9.99375E-05
0.355065 0.0399152 9.99464E-05 9.99464E-05 9.99464E-05 0.60442 9.99464E-05 9.99464E-05 9.99464E-05
0.218002 0.0591233 9.99554E-05 9.99554E-05 9.99554E-05 0.28593 9.99554E-05 0.436444 9.99554E-05
9.99465E-05 9.99465E-05 0.924819 9.99465E-05 9.99465E-05 9.99465E-05 0.017026 0.0575553 9.99465E-05
0.0570426 9.99642E-05 0.163924 9.99642E-05 9.99642E-05 0.164248 0.320878 0.293507 9.99642E-05
9.99465E-05 0.254797 9.99465E-05 9.99465E-05 9.99465E-05 9.99465E-05 9.99465E-05 0.207655 0.536949
9.997E-05 0.199958 0.202132 9.997E-05 0.0354773 0.0502179 9.997E-05 0.037291 0.474624
9.99555E-05 9.99555E-05 9.99555E-05 0.146423 9.99555E-05 9.99555E-05 0.345158 0.269297 0.238622
0.102776 0.296872 9.99553E-05 9.99553E-05 9.99553E-05 0.0717202 9.99553E-05 0.528133 9.99553E-05
9.997E-05 0.539273 0.0790835 9.997E-05 0.0392793 0.0438919 9.997E-05 0.159233 0.13894
0.633122 0.128188 9.99554E-05 9.99554E-05 9.99554E-05 0.226916 9.99554E-05 0.0112746 9.99554E-05
0.607719 9.99643E-05 0.0029827 0.0485001 9.99643E-05 0.105714 9.99643E-05 9.99643E-05 0.234685
9.995E-05 0.129382 9.995E-05 9.995E-05 0.357635 9.995E-05 9.995E-05 0.254124 0.25836
0.587382 9.99556E-05 0.163892 9.99556E-05 9.99556E-05 9.99556E-05 0.0950457 9.99556E-05 0.153181
9.99643E-05 0.356809 0.348097 9.99643E-05 9.99643E-05 9.99643E-05 0.149039 0.0513779 0.0942769
0.0221018 0.0185637 0.58545 0.282123 9.99644E-05 9.99644E-05 9.99644E-05 0.091362 9.99644E-05
9.99375E-05 9.99375E-05 9.99375E-05 0.0852021 9.99375E-05 9.99375E-05 9.99375E-05 0.914098 9.99375E-05
9.994E-05 9.994E-05 0.500743 9.994E-05 9.994E-05 9.994E-05 0.365879 0.132778 9.994E-05
9.99554E-05 0.454634 0.386735 9.99554E-05 9.99554E-05 9.99554E-05 9.99554E-05 0.108044 0.0500864
9.99731E-05 0.0403406 0.434646 9.99731E-05 0.0450042 0.0263297 0.435541 0.0178391 9.99731E-05
0.521253 9.99643E-05 0.0976084 9.99643E-05 9.99643E-05 9.99643E-05 0.161947 0.0106934 0.208099
9.99553E-05 0.0455534 9.99553E-05 9.99553E-05 9.99553E-05 0.834208 0.0218998 0.0978386 9.99553E-05
9.99462E-05 0.100784 0.569818 9.99462E-05 9.99462E-05 0.328798 9.99462E-05 9.99462E-05 9.99462E-05
9.99375E-05 9.99375E-05 9.99375E-05 9.99375E-05 9.99375E-05 9.99375E-05 0.0822156 0.917085 9.99375E-05
9.99466E-05 0.17544 9.99466E-05 0.822139 9.99466E-05 9.99466E-05 9.99466E-05 9.99466E-05 0.00182115
9.99643E-05 0.259712 0.0241596 0.00301061 9.99643E-05 0.116182 9.99643E-05 0.596536 9.99643E-05
9.99553E-05 0.0361657 0.298513 9.99553E-05 9.99553E-05 0.0497441 9.99553E-05 0.615078 9.99553E-05
9.99465E-05 9.99465E-05 9.99465E-05 9.99465E-05 9.99465E-05 0.560386 9.99465E-05 0.339177 0.0998371
9.99467E-05 9.99467E-05 9.99467E-05 0.539026 0.0382543 0.42212 9.99467E-05 9.99467E-05 9.99467E-05
0.355762 0.190547 0.207485 9.99554E-05 9.99554E-05 9.99554E-05 9.99554E-05 0.245706 9.99554E-05
0.291262 9.99644E-05 9.99644E-05 0.344594 0.00523879 9.99644E-05 0.33624 9.99644E-05 0.0222652
0.39434 0.212157 0.38338 9.99555E-05 0.0096232 9.99555E-05 9.99555E-05 9.99555E-05 9.99555E-05
9.99464E-05 0.333968 9.99464E-05 9.99464E-05 9.99464E-05 0.0479182 0.617514 9.99464E-05 9.99464E-05
0.813712 9.99553E-05 9.99553E-05 0.138836 0.00440696 9.99553E-05 9.99553E-05 9.99553E-05 0.0425447
9.99464E-05 0.569429 0.367928 0.0620434 9.99464E-05 9.99464E-05 9.99464E-05 9.99464E-05 9.99464E-05
9.996E-05 0.164554 9.996E-05 9.996E-05 9.996E-05 0.17955 0.254064 0.214799 0.186634
0.209355 9.99821E-05 9.99821E-05 0.201107 0.0470048 0.0729771 0.0583323 0.348788 0.062237
9.99643E-05 0.0691422 0.0317128 9.99643E-05 0.0263288 9.99643E-05 0.78716 0.0852561 9.99643E-05
9.99554E-05 0.185254 9.99554E-05 9.99554E-05 9.99554E-05 0.325331 0.266043 0.222873 9.99554E-05
9.995E-05 0.0643369 0.52168 0.174166 9.995E-05 9.995E-05 9.995E-05 9.995E-05 0.239318
9.995E-05 0.215772 9.995E-05 9.995E-05 9.995E-05 0.57999 0.0892239 9.995E-05 0.114515
9.99464E-05 0.438871 0.323786 9.99464E-05 9.99464E-05 0.236743 9.99464E-05 9.99464E-05 9.99464E-05
9.996E-05 0.0736502 9.996E-05 9.996E-05 0.751642 0.0652892 9.996E-05 0.0430075 0.0660114
9.99375E-05 9.99375E-05 0.961728 9.99375E-05 9.99375E-05 0.0375726 9.99375E-05 9.99375E-05 9.99375E-05
9.995E-05 0.0561321 9.995E-05 9.995E-05 9.995E-05 0.0842319 0.564803 9.995E-05 0.294333
0.0227359 0.0277237 0.750822 9.99643E-05 9.99643E-05 9.99643E-05 9.99643E-05 0.0958138 0.102504
0.444095 0.240808 9.99554E-05 0.261419 9.99554E-05 9.99554E-05 9.99554E-05 0.0531784 9.99554E-05
0.285255 0.0103566 9.99554E-05 9.99554E-05 9.99554E-05 9.99554E-05 9.99554E-05 0.10576 0.59813
0.0174147 0.13674 9.997E-05 0.0180739 0.0149281 0.21808 9.997E-05 0.594463 9.997E-05
0.389493 9.99467E-05 9.99467E-05 9.99467E-05 9.99467E-05 0.401291 0.208616 9.99467E-05 9.99467E-05
9.99463E-05 9.99463E-05 9.99463E-05 9.99463E-05 9.99463E-05 0.463483 0.473052 0.0628647 9.99463E-05
0.0987702 9.996E-05 9.996E-05 9.996E-05 9.996E-05 0.274626 0.187439 0.253885 0.18488
9.99466E-05 9.99466E-05 9.99466E-05 9.99466E-05 9.99466E-05 0.580477 9.99466E-05 0.304747 0.114175
9.99553E-05 9.99553E-05 0.143167 0.323723 9.99553E-05 0.449368 0.0832424 9.99553E-05 9.99553E-05
9.99374E-05 9.99374E-05 0.668078 9.99374E-05 9.99374E-05 0.331223 9.99374E-05 9.99374E-05 9.99374E-05
9.99555E-05 9.99555E-05 0.424922 0.0227911 9.99555E-05 0.473849 0.0779379 9.99555E-05 9.99555E-05
0.494759 9.997E-05 9.997E-05 0.0643812 0.0170685 0.213157 0.194009 0.0163256 9.997E-05
0.225568 9.99552E-05 9.99552E-05 0.121844 9.99552E-05 0.487912 9.99552E-05 0.164177 9.99552E-05
9.99644E-05 0.00547422 9.99644E-05 0.166725 0.0558215 0.106569 9.99644E-05 0.66501 9.99644E-05
9.99554E-05 0.0838034 0.150535 9.99554E-05 9.99554E-05 0.388909 9.99554E-05 9.99554E-05 0.376253
0.0572824 0.24587 9.99732E-05 0.0379751 9.99732E-05 0.0754351 0.518416 0.0647216 9.99732E-05
9.997E-05 0.0261858 0.240216 0.316163 9.997E-05 0.371601 0.0390663 0.00646912 9.997E-05
0.364862 9.99643E-05 9.99643E-05 0.0641207 9.99643E-05 0.112018 0.295879 9.99643E-05 0.16272
0.255139 0.414598 0.0896966 0.0080601 9.99821E-05 9.99821E-05 0.0694572 0.088475 0.074374
0.138101 0.461399 0.0655354 0.256374 9.99643E-05 9.99643E-05 9.99643E-05 0.0781912 9.99643E-05
9.997E-05 0.170716 0.215176 0.263291 9.997E-05 0.00115208 9.997E-05 0.0853994 0.263966
0.0204145 0.233947 9.99642E-05 0.62131 9.99642E-05 9.99642E-05 0.0135134 0.110416 9.99642E-05
0.0753187 0.463789 9.995E-05 9.995E-05 9.995E-05 0.230906 0.229487 9.995E-05 9.995E-05
0.58705 0.0114548 0.233563 0.0818076 9.996E-05 9.996E-05 9.996E-05 0.0857255 9.996E-05
9.99464E-05 9.99464E-05 9.99464E-05 0.0448126 9.99464E-05 0.533177 0.421411 9.99464E-05 9.99464E-05
0.202525 9.99376E-05 9.99376E-05 9.99376E-05 9.99376E-05 0.796775 9.99376E-05 9.99376E-05 9.99376E-05
9.99466E-05 0.169787 9.99466E-05 9.99466E-05 9.99466E-05 9.99466E-05 0.123445 0.706168 9.99466E-05
9.99642E-05 9.99642E-05 0.233731 9.99642E-05 9.99642E-05 0.490289 0.00855816 0.100681 0.16634
0.299354 0.0494753 9.997E-05 0.0477513 9.997E-05 0.188153 0.363294 0.0516725 9.997E-05
0.547846 9.99732E-05 0.146916 0.0486923 0.0146765 9.99732E-05 0.0976099 9.99732E-05 0.143959
0.0177772 0.0412731 0.374909 9.99643E-05 9.99643E-05 0.23203 0.33361 9.99643E-05 9.99643E-05
0.999201 9.993E-05 9.993E-05 9.993E-05 9.993E-05 9.993E-05 9.993E-05 9.993E-05 9.993E-05
0.363231 9.99644E-05 0.224102 9.99644E-05 9.99644E-05 0.286926 9.99644E-05 0.102921 0.0224201
9.99644E-05 0.0217047 9.99644E-05 0.375857 9.99644E-05 0.289364 0.0666984 0.245976 9.99644E-05
0.0240163 9.99732E-05 0.0154002 0.248237 9.99732E-05 0.576928 0.0807618 9.99732E-05 0.0543575
0.025505 9.99822E-05 0.0532951 0.0303828 9.99822E-05 0.00841937 0.521606 0.130333 0.230258
0.0140395 9.99554E-05 9.99554E-05 0.0676472 9.99554E-05 0.603602 0.314212 9.99554E-05 9.99554E-05
0.114772 9.996E-05 9.996E-05 0.0919435 9.996E-05 0.525471 0.189758 0.0776559 9.996E-05
0.185381 9.99555E-05 0.107806 9.99555E-05 0.0413671 9.99555E-05 9.99555E-05 9.99555E-05 0.664946
0.0867294 9.99732E-05 0.103674 0.119358 9.99732E-05 0.275084 0.184538 0.230316 9.99732E-05
0.11893 9.997E-05 0.0952582 0.0903879 9.997E-05 0.164772 0.232907 0.297444 9.997E-05
0.640846 0.0205771 0.232905 9.99644E-05 9.99644E-05 0.0975271 9.99644E-05 0.00774567 9.99644E-05
9.996E-05 0.00322311 9.996E-05 0.230001 9.996E-05 9.996E-05 0.182774 0.177364 0.406238
0.0793021 0.444604 9.997E-05 0.317529 9.997E-05 0.0991238 0.0539786 9.997E-05 0.00516259
9.995E-05 9.995E-05 9.995E-05 9.995E-05 9.995E-05 0.493185 0.20911 0.162289 0.134916
9.99554E-05 9.99554E-05 9.99554E-05 0.325706 9.99554E-05 0.36359 0.135299 0.174905 9.99554E-05
0.0169252 0.165371 9.99553E-05 9.99553E-05 9.99553E-05 9.99553E-05 0.605819 0.211385 9.99553E-05
9.99553E-05 0.0418285 0.707709 9.99553E-05 9.99553E-05 9.99553E-05 0.0465429 0.20342 9.99553E-05
0.205247 0.0926998 0.214837 9.997E-05 9.997E-05 9.997E-05 0.132054 0.235482 0.119379
9.99643E-05 0.254586 9.99643E-05 0.108195 9.99643E-05 0.472246 0.11705 0.0475227 9.99643E-05
9.994E-05 9.994E-05 9.994E-05 9.994E-05 9.994E-05 0.125721 0.0539681 0.819711 9.994E-05
0.248854 9.99463E-05 9.99463E-05 0.255033 9.99463E-05 0.495514 9.99463E-05 9.99463E-05 9.99463E-05
9.99553E-05 9.99553E-05 0.151836 9.99553E-05 9.99553E-05 0.456928 9.99553E-05 0.14044 0.250296
9.996E-05 0.288977 0.304251 0.179395 9.996E-05 0.0648124 9.996E-05 9.996E-05 0.162166
9.99466E-05 0.126488 9.99466E-05 9.99466E-05 9.99466E-05 0.107693 0.76522 9.99466E-05 9.99466E-05
9.99466E-05 0.0842762 9.99466E-05 0.378869 9.99466E-05 9.99466E-05 0.536255 9.99466E-05 9.99466E-05
9.99376E-05 0.21223 9.99376E-05 9.99376E-05 9.99376E-05 9.99376E-05 0.787071 9.99376E-05 9.99376E-05
9.99374E-05 9.99374E-05 9.99374E-05 9.99374E-05 9.99374E-05 9.99374E-05 0.410275 0.589026 9.99374E-05
9.996E-05 0.225328 0.141128 9.996E-05 9.996E-05 0.156736 9.996E-05 0.28523 0.191177
9.99554E-05 0.49641 0.149416 9.99554E-05 9.99554E-05 9.99554E-05 9.99554E-05 0.235246 0.118428
0.0226112 9.99643E-05 0.0685971 0.132811 9.99643E-05 9.99643E-05 0.584294 0.191287 9.99643E-05
9.99554E-05 0.308805 0.0989907 9.99554E-05 0.0576633 0.534041 9.99554E-05 9.99554E-05 9.99554E-05
9.99642E-05 0.0987493 0.324945 0.0456164 9.99642E-05 0.475508 9.99642E-05 9.99642E-05 0.0547809
0.017693 0.188226 9.995E-05 9.995E-05 0.0260596 9.995E-05 0.767521 9.995E-05 9.995E-05
9.99465E-05 0.317811 9.99465E-05 9.99465E-05 9.99465E-05 0.508825 9.99465E-05 0.172765 9.99465E-05
9.99643E-05 9.99643E-05 9.99643E-05 0.112375 9.99643E-05 0.536939 0.110664 0.135705 0.103916
9.99464E-05 0.213161 9.99464E-05 9.99464E-05 9.99464E-05 9.99464E-05 9.99464E-05 0.27081 0.515429
9.99376E-05 9.99376E-05 9.99376E-05 9.99376E-05 9.99376E-05 9.99376E-05 9.99376E-05 0.0738181 0.925482
9.99553E-05 0.254209 9.99553E-05 9.99553E-05 9.99553E-05 0.0136584 0.0433186 0.688314 9.99553E-05
9.99554E-05 0.112029 0.108147 9.99554E-05 9.99554E-05 9.99554E-05 9.99554E-05 0.374009 0.405315
