9.998E-05 9.998E-05 9.998E-05 0.9997
9.998E-05 9.998E-05 0.9997 9.998E-05
0.156008 9.99911E-05 0.825011 0.0188815
0.380312 9.99911E-05 0.614579 0.0050084
9.99822E-05 0.501966 0.497834 9.99822E-05
0.462433 0.487192 9.99911E-05 0.0502751
0.771794 0.228006 9.99821E-05 9.99821E-05
9.99823E-05 0.163293 0.836507 9.99823E-05
0.408831 0.590969 9.99821E-05 9.99821E-05
0.287491 0.359095 0.353314 9.99911E-05
0.264353 9.99822E-05 0.735447 9.99822E-05
0.0346727 0.715363 0.233422 0.0165421
9.999E-05 0.311131 0.584989 0.10378
0.17801 0.818242 0.00364789 9.99911E-05
0.432363 9.99911E-05 0.529446 0.0380912
0.974767 0.0250335 9.99823E-05 9.99823E-05
0.148136 0.309699 0.542066 9.99911E-05
0.0611203 0.0133716 0.925408 9.99911E-05
0.202979 0.796821 9.99822E-05 9.99822E-05
0.245778 9.99821E-05 0.754022 9.99821E-05
0.0905371 0.175703 0.73366 9.99911E-05
0.142619 0.272015 0.585266 9.99911E-05
0.651592 0.348208 9.99822E-05 9.99822E-05
9.99822E-05 0.537882 0.461918 9.99822E-05
9.998E-05 9.998E-05 0.9997 9.998E-05
9.99911E-05 0.110859 0.88195 0.00709102
0.633839 0.32416 9.99911E-05 0.0419009
0.570522 9.99821E-05 0.429278 9.99821E-05
9.99821E-05 0.332319 0.667481 9.99821E-05
0.55291 0.270547 0.176443 9.99911E-05
0.404319 9.99821E-05 0.595481 9.99821E-05
0.44326 0.0131677 0.543473 9.99911E-05
0.837353 0.0419397 0.120607 9.99911E-05
0.426958 0.408048 0.164894 9.99911E-05
0.2815 0.7183 9.99821E-05 9.99821E-05
0.0850695 0.334128 0.580702 9.99911E-05
0.0490779 0.696969 0.114659 0.139295
0.311839 9.99821E-05 0.687961 9.99821E-05
0.749887 0.249913 9.99822E-05 9.99822E-05
0.534115 9.99911E-05 0.405783 0.0600025
0.429999 9.99821E-05 0.569801 9.99821E-05
0.9997 9.998E-05 9.998E-05 9.998E-05
0.891947 0.0800251 9.99911E-05 0.027928
0.554918 0.207956 0.237026 9.99911E-05
0.266072 9.99911E-05 0.715407 0.0184212
9.99822E-05 0.118125 0.881675 9.99822E-05
0.293743 0.483697 0.22246 9.99911E-05
0.836656 9.99822E-05 0.163144 9.99822E-05
0.162175 9.99911E-05 0.797356 0.0403696
0.220801 0.695957 0.0831418 9.99911E-05
0.0577603 9.99822E-05 0.94204 9.99822E-05
9.99822E-05 9.99822E-05 0.897081 0.102719
0.470579 0.0168542 0.512467 9.99911E-05
0.235158 0.496002 0.26874 9.99911E-05
9.99821E-05 9.99821E-05 0.289657 0.710143
0.254154 0.745646 9.99823E-05 9.99823E-05
0.208225 9.99821E-05 0.791575 9.99821E-05
9.99823E-05 0.496972 0.502828 9.99823E-05
9.99822E-05 0.185896 0.813904 9.99822E-05
9.99821E-05 0.430185 0.569615 9.99821E-05
0.149761 9.99911E-05 0.843844 0.00629533
9.99821E-05 0.315846 0.683954 9.99821E-05
0.139031 0.423089 0.437779 9.99911E-05
0.739587 9.99821E-05 0.260213 9.99821E-05
0.330659 9.99821E-05 0.669141 9.99821E-05
9.998E-05 9.998E-05 0.9997 9.998E-05
0.26369 0.73611 9.99823E-05 9.99823E-05
0.381844 9.99821E-05 0.617956 9.99821E-05
9.998E-05 9.998E-05 0.9997 9.998E-05
0.690046 9.99822E-05 0.309754 9.99822E-05
0.69409 0.186727 9.99911E-05 0.119083
9.998E-05 9.998E-05 0.9997 9.998E-05
0.257395 0.706762 0.0357437 9.99911E-05
0.108075 0.323124 0.568701 9.99911E-05
0.472454 0.181632 0.345814 9.99911E-05
0.0768522 0.854938 0.0155721 0.0526379
0.165758 0.139887 0.694254 9.99911E-05
0.344317 0.0451699 0.610413 9.99911E-05
0.295357 0.685329 9.99911E-05 0.0192138
0.145104 0.161614 0.693182 9.99911E-05
0.780973 9.99821E-05 0.218827 9.99821E-05
9.99822E-05 0.0505205 0.94928 9.99822E-05
0.9997 9.998E-05 9.998E-05 9.998E-05
0.145395 9.99822E-05 0.854405 9.99822E-05
9.9982E-05 9.9982E-05 0.0255583 0.974242
9.99822E-05 0.103269 0.896531 9.99822E-05
0.91729 0.0825102 9.99822E-05 9.99822E-05
9.99822E-05 0.186619 0.813181 9.99822E-05
0.280484 0.430895 0.223582 0.0650384
0.337754 0.0466934 0.536673 0.0788799
0.457249 9.99821E-05 0.542551 9.99821E-05
0.187405 0.660621 0.114338 0.037635
0.99609 0.00371015 9.99821E-05 9.99821E-05
0.469127 9.99823E-05 0.530673 9.99823E-05
0.626139 9.99911E-05 0.306499 0.0672622
0.614913 0.384887 9.99822E-05 9.99822E-05
0.519203 9.99822E-05 0.480597 9.99822E-05
0.655175 0.259502 0.0852232 9.99911E-05
0.467033 0.489791 0.043076 9.99911E-05
0.339234 0.355079 0.305587 9.99911E-05
0.222857 9.99911E-05 0.427784 0.349259
0.772835 9.99823E-05 0.226965 9.99823E-05
0.575363 0.270191 0.154346 9.99911E-05
0.449579 0.313286 0.237034 9.99911E-05
0.389201 0.610599 9.99822E-05 9.99822E-05
9.99821E-05 0.247718 0.752082 9.99821E-05
9.99822E-05 0.323064 0.676736 9.99822E-05
0.269323 0.0779132 0.646865 0.00589891
0.193846 0.593783 0.21227 9.99911E-05
0.834122 0.0732471 0.0925314 9.99911E-05
9.99822E-05 0.21145 0.78835 9.99822E-05
0.9997 9.998E-05 9.998E-05 9.998E-05
0.639657 0.360143 9.99823E-05 9.99823E-05
0.0841326 9.99822E-05 0.915667 9.99822E-05
0.603568 9.99821E-05 0.396232 9.99821E-05
0.310503 0.625117 0.0642794 9.99911E-05
0.0472587 0.638686 0.100013 0.214042
0.277471 0.287325 0.435104 9.99911E-05
9.99822E-05 0.840258 9.99822E-05 0.159542
0.187054 0.24828 0.564566 9.99911E-05
0.323776 0.676024 9.99822E-05 9.99822E-05
0.912643 0.0871566 9.99821E-05 9.99821E-05
0.476557 9.99822E-05 0.523243 9.99822E-05
0.761963 0.237838 9.99822E-05 9.99822E-05
0.591922 0.407878 9.99822E-05 9.99822E-05
0.442476 0.123803 0.135643 0.298077
0.388525 0.562635 0.0487398 9.99911E-05
0.18364 0.235378 0.56148 0.019501
9.99911E-05 0.426907 0.562876 0.0101172
0.600803 0.314539 0.0845572 9.99911E-05
0.437153 0.562647 9.99821E-05 9.99821E-05
0.799721 0.200079 9.99822E-05 9.99822E-05
0.733289 0.266511 9.99822E-05 9.99822E-05
0.768426 0.0755632 0.15591 9.99911E-05
9.998E-05 9.998E-05 0.9997 9.998E-05
0.0602535 9.99822E-05 0.939547 9.99822E-05
0.750868 9.99911E-05 0.203977 0.0450558
0.0837785 9.99822E-05 0.916022 9.99822E-05
0.935038 0.0647623 9.99822E-05 9.99822E-05
0.590167 9.99822E-05 0.409633 9.99822E-05
0.399043 9.99911E-05 0.590163 0.0106936
0.876028 0.123772 9.99822E-05 9.99822E-05
0.219309 0.780491 9.99823E-05 9.99823E-05
0.618482 0.277693 0.103725 9.99911E-05
9.99822E-05 0.217757 0.782043 9.99822E-05
0.275976 9.99821E-05 0.723824 9.99821E-05
9.998E-05 9.998E-05 0.9997 9.998E-05
0.511476 0.2285 0.259925 9.99911E-05
0.622106 9.99822E-05 0.377694 9.99822E-05
0.645624 0.271841 0.0824344 9.99911E-05
0.6528 0.347 9.99823E-05 9.99823E-05
0.417309 9.99822E-05 0.582491 9.99822E-05
0.802375 0.0688343 0.128691 9.99911E-05
0.300753 9.99823E-05 0.699047 9.99823E-05
0.30351 0.0580666 0.465223 0.1732
0.236407 9.99821E-05 0.763393 9.99821E-05
9.99822E-05 9.99822E-05 0.959643 0.0401567
