9.993E-05 0.999201 9.993E-05 9.993E-05 9.993E-05 9.993E-05 9.993E-05 9.993E-05 9.993E-05
0.664463 9.99375E-05 9.99375E-05 9.99375E-05 9.99375E-05 9.99375E-05 0.334838 9.99375E-05 9.99375E-05
0.174802 9.99643E-05 9.99643E-05 9.99643E-05 0.173045 0.0294128 0.300061 9.99643E-05 0.322278
0.186254 0.00804235 0.0573141 9.99733E-05 0.481775 9.99733E-05 0.139149 9.99733E-05 0.127166
9.99466E-05 9.99466E-05 0.135036 9.99466E-05 9.99466E-05 9.99466E-05 0.695303 9.99466E-05 0.169062
9.99464E-05 9.99464E-05 0.304081 0.437858 0.257461 9.99464E-05 9.99464E-05 9.99464E-05 9.99464E-05
9.99463E-05 9.99463E-05 9.99463E-05 9.99463E-05 0.641524 9.99463E-05 9.99463E-05 0.151987 0.205889
0.437228 9.99643E-05 0.243971 9.99643E-05 9.99643E-05 9.99643E-05 0.220184 0.0125213 0.0856965
9.99732E-05 9.99732E-05 0.142411 0.013739 0.501617 0.107315 0.164111 0.0705063 9.99732E-05
0.0223896 9.99642E-05 0.286672 9.99642E-05 0.39969 9.99642E-05 0.260251 0.0305971 9.99642E-05
0.268257 9.99555E-05 9.99555E-05 0.0167986 0.596302 9.99555E-05 0.118143 9.99555E-05 9.99555E-05
9.99553E-05 9.99553E-05 0.27659 0.0197184 9.99553E-05 9.99553E-05 0.219284 0.483908 9.99553E-05
0.156016 9.99732E-05 0.411314 9.99732E-05 9.99732E-05 0.0479445 0.230928 0.043192 0.110306
9.99374E-05 9.99374E-05 0.655933 9.99374E-05 9.99374E-05 9.99374E-05 9.99374E-05 0.343367 9.99374E-05
9.99645E-05 9.99645E-05 9.99645E-05 0.122814 0.468573 0.141152 0.185566 9.99645E-05 0.0814956
9.99377E-05 9.99377E-05 9.99377E-05 9.99377E-05 0.571672 9.99377E-05 9.99377E-05 0.427629 9.99377E-05
0.31258 9.99644E-05 9.99644E-05 9.99644E-05 0.110265 0.106379 0.177832 0.292544 9.99644E-05
9.99555E-05 9.99555E-05 9.99555E-05 0.0155234 9.99555E-05 0.197367 0.58221 9.99555E-05 0.204401
0.0466164 9.99733E-05 0.569056 0.0369519 9.99733E-05 0.155913 0.157309 0.0338536 9.99733E-05
0.373606 9.99553E-05 9.99553E-05 0.238141 0.0667965 9.99553E-05 9.99553E-05 9.99553E-05 0.320957
0.0687459 9.996E-05 0.30972 0.204534 0.227052 9.996E-05 0.189548 9.996E-05 9.996E-05
0.311665 9.99554E-05 9.99554E-05 0.409548 0.0581777 9.99554E-05 0.220109 9.99554E-05 9.99554E-05
9.99553E-05 9.99553E-05 9.99553E-05 0.375016 9.99553E-05 0.114479 9.99553E-05 0.379856 0.130149
0.188767 9.99553E-05 9.99553E-05 0.723313 0.0115003 9.99553E-05 9.99553E-05 0.0759198 9.99553E-05
0.730657 9.99467E-05 9.99467E-05 9.99467E-05 9.99467E-05 0.00830443 0.260439 9.99467E-05 9.99467E-05
0.337587 9.99465E-05 9.99465E-05 9.99465E-05 9.99465E-05 0.152191 0.509622 9.99465E-05 9.99465E-05
9.99554E-05 9.99554E-05 0.255854 0.0288759 9.99554E-05 9.99554E-05 9.99554E-05 0.0516903 0.66308
0.261232 9.99552E-05 9.99552E-05 9.99552E-05 0.370064 0.122826 9.99552E-05 9.99552E-05 0.245378
9.99552E-05 9.99552E-05 0.123352 9.99552E-05 9.99552E-05 0.134658 0.4102 9.99552E-05 0.33129
9.99555E-05 9.99555E-05 0.169175 9.99555E-05 0.562859 0.254403 0.0130631 9.99555E-05 9.99555E-05
9.993E-05 9.993E-05 9.993E-05 9.993E-05 9.993E-05 9.993E-05 9.993E-05 9.993E-05 0.999201
0.0306255 9.99733E-05 0.00176494 0.00367004 0.220737 9.99733E-05 9.99733E-05 0.0247657 0.718137
9.99463E-05 9.99463E-05 0.059345 9.99463E-05 0.0391984 9.99463E-05 9.99463E-05 9.99463E-05 0.900857
9.99642E-05 9.99642E-05 9.99642E-05 0.178965 0.0724734 0.363724 0.356689 9.99642E-05 0.0277482
9.99553E-05 9.99553E-05 0.0857401 9.99553E-05 9.99553E-05 0.587541 0.322988 0.00323056 9.99553E-05
0.178371 9.99733E-05 0.0567508 0.278287 9.99733E-05 0.0518778 9.99733E-05 0.323132 0.111282
9.99553E-05 0.0120078 0.549366 9.99553E-05 9.99553E-05 9.99553E-05 0.396507 9.99553E-05 0.0416192
9.99462E-05 9.99462E-05 9.99462E-05 9.99462E-05 0.189499 9.99462E-05 0.137762 9.99462E-05 0.672139
9.99374E-05 9.99374E-05 9.99374E-05 9.99374E-05 9.99374E-05 0.760957 0.238343 9.99374E-05 9.99374E-05
0.298819 9.99466E-05 9.99466E-05 9.99466E-05 9.99466E-05 0.455672 9.99466E-05 9.99466E-05 0.244909
0.0117578 9.995E-05 9.995E-05 9.995E-05 0.779878 9.995E-05 0.127695 9.995E-05 0.0801686
9.99644E-05 9.99644E-05 0.167125 9.99644E-05 0.174768 0.375272 9.99644E-05 0.040527 0.241908
9.99465E-05 0.000761061 9.99465E-05 9.99465E-05 9.99465E-05 0.988688 0.0099516 9.99465E-05 9.99465E-05
9.99553E-05 9.99553E-05 0.0825726 9.99553E-05 0.697244 9.99553E-05 9.99553E-05 0.0656548 0.154029
0.494051 9.99465E-05 0.460159 9.99465E-05 0.0451903 9.99465E-05 9.99465E-05 9.99465E-05 9.99465E-05
0.00500759 9.99554E-05 9.99554E-05 9.99554E-05 9.99554E-05 0.0821132 0.860155 9.99554E-05 0.0522245
0.126088 9.99821E-05 0.201396 9.99821E-05 0.118617 0.00622001 0.229056 0.156355 0.162068
0.307835 9.99464E-05 9.99464E-05 9.99464E-05 9.99464E-05 0.493461 9.99464E-05 9.99464E-05 0.198104
0.215107 9.99553E-05 9.99553E-05 9.99553E-05 0.11246 9.99553E-05 0.264709 9.99553E-05 0.407224
9.99375E-05 9.99375E-05 9.99375E-05 0.240673 9.99375E-05 9.99375E-05 9.99375E-05 0.758628 9.99375E-05
0.548745 9.99463E-05 9.99463E-05 0.402421 9.99463E-05 9.99463E-05 9.99463E-05 9.99463E-05 0.0482338
0.501967 9.99466E-05 0.0279652 9.99466E-05 9.99466E-05 9.99466E-05 9.99466E-05 9.99466E-05 0.469469
0.340955 9.99463E-05 0.565662 9.99463E-05 9.99463E-05 9.99463E-05 9.99463E-05 9.99463E-05 0.0927834
9.99466E-05 9.99466E-05 0.0609325 0.81484 0.123628 9.99466E-05 9.99466E-05 9.99466E-05 9.99466E-05
9.99553E-05 0.310699 9.99553E-05 9.99553E-05 9.99553E-05 9.99553E-05 0.157348 0.434008 0.0974453
0.0260492 9.99645E-05 0.450266 0.347176 9.99645E-05 0.121812 0.054296 9.99645E-05 9.99645E-05
0.0729684 9.99643E-05 9.99643E-05 9.99643E-05 0.13576 0.0367427 0.337412 9.99643E-05 0.416717
9.99377E-05 9.99377E-05 9.99377E-05 9.99377E-05 0.0772701 9.99377E-05 0.92203 9.99377E-05 9.99377E-05
0.517657 9.99375E-05 9.99375E-05 9.99375E-05 9.99375E-05 9.99375E-05 9.99375E-05 0.481644 9.99375E-05
9.99463E-05 9.99463E-05 9.99463E-05 0.168177 9.99463E-05 0.336064 0.49516 9.99463E-05 9.99463E-05
0.102576 9.995E-05 0.0499864 9.995E-05 9.995E-05 9.995E-05 0.215133 9.995E-05 0.631805
9.99462E-05 9.99462E-05 9.99462E-05 9.99462E-05 9.99462E-05 0.337662 0.525843 9.99462E-05 0.135896
0.15079 9.99554E-05 0.0633578 9.99554E-05 9.99554E-05 9.99554E-05 0.524871 0.260481 9.99554E-05
0.235637 9.99552E-05 0.219562 9.99552E-05 0.516745 0.0275557 9.99552E-05 9.99552E-05 9.99552E-05
0.464684 9.99552E-05 9.99552E-05 9.99552E-05 0.204189 9.99552E-05 0.154135 9.99552E-05 0.176492
0.759559 9.99554E-05 9.99554E-05 9.99554E-05 0.0133994 0.0637819 0.16276 9.99554E-05 9.99554E-05
9.993E-05 9.993E-05 9.993E-05 9.993E-05 9.993E-05 9.993E-05 9.993E-05 0.999201 9.993E-05
0.43471 9.99643E-05 9.99643E-05 0.057011 0.181246 0.141317 9.99643E-05 9.99643E-05 0.185316
0.65884 9.99732E-05 9.99732E-05 0.119388 0.0142091 0.0836309 0.084957 0.0386746 9.99732E-05
0.248442 9.99554E-05 9.99554E-05 9.99554E-05 0.555551 0.0462179 9.99554E-05 0.14929 9.99554E-05
0.0593281 0.0217869 0.63284 9.996E-05 0.102222 0.183423 9.996E-05 9.996E-05 9.996E-05
0.657826 9.99555E-05 0.0556747 0.239494 9.99555E-05 9.99555E-05 9.99555E-05 9.99555E-05 0.0465055
9.995E-05 9.995E-05 9.995E-05 0.493408 0.0934366 0.0781418 9.995E-05 0.334514 9.995E-05
0.176513 9.99554E-05 9.99554E-05 0.617228 9.99554E-05 0.000658766 9.99554E-05 9.99554E-05 0.205101
9.99465E-05 9.99465E-05 0.258889 9.99465E-05 9.99465E-05 0.314191 9.99465E-05 9.99465E-05 0.42632
9.99641E-05 0.0185673 0.311624 0.549105 9.99641E-05 0.0702459 0.0500582 9.99641E-05 9.99641E-05
0.332315 9.99642E-05 9.99642E-05 0.145521 9.99642E-05 0.0627652 0.00720164 9.99642E-05 0.451797
0.118032 9.99555E-05 9.99555E-05 9.99555E-05 0.478813 0.0586414 0.344014 9.99555E-05 9.99555E-05
0.00926358 9.99553E-05 9.99553E-05 0.166969 9.99553E-05 0.259777 9.99553E-05 0.56349 9.99553E-05
9.99465E-05 9.99465E-05 9.99465E-05 9.99465E-05 9.99465E-05 0.513363 0.417548 9.99465E-05 0.0684892
0.214533 9.99463E-05 9.99463E-05 9.99463E-05 9.99463E-05 0.431056 9.99463E-05 9.99463E-05 0.353812
9.99464E-05 9.99464E-05 9.99464E-05 9.99464E-05 9.99464E-05 9.99464E-05 0.581056 0.102286 0.316059
9.99553E-05 9.99553E-05 9.99553E-05 9.99553E-05 0.125924 0.270127 9.99553E-05 0.218189 0.38526
0.0384982 9.996E-05 9.996E-05 9.996E-05 0.333075 0.0544083 0.188176 9.996E-05 0.385443
0.159845 0.646333 9.99552E-05 9.99552E-05 9.99552E-05 9.99552E-05 0.00214966 9.99552E-05 0.191173
9.99464E-05 9.99464E-05 9.99464E-05 0.363827 0.308647 9.99464E-05 0.326927 9.99464E-05 9.99464E-05
9.99464E-05 9.99464E-05 9.99464E-05 9.99464E-05 9.99464E-05 0.601883 9.99464E-05 0.115136 0.282382
0.0182335 9.99554E-05 9.99554E-05 0.546647 9.99554E-05 9.99554E-05 0.323226 9.99554E-05 0.111394
9.996E-05 9.996E-05 0.414125 0.261993 9.996E-05 0.0719171 9.996E-05 0.177 0.0745652
9.99465E-05 0.0612779 9.99465E-05 0.666685 0.271437 9.99465E-05 9.99465E-05 9.99465E-05 9.99465E-05
0.487897 9.99462E-05 9.99462E-05 9.99462E-05 0.362753 9.99462E-05 9.99462E-05 9.99462E-05 0.14875
9.99466E-05 9.99466E-05 0.709218 9.99466E-05 0.286617 0.00356556 9.99466E-05 9.99466E-05 9.99466E-05
0.151366 9.99463E-05 9.99463E-05 9.99463E-05 0.148268 0.699766 9.99463E-05 9.99463E-05 9.99463E-05
0.546908 0.0988581 0.00825847 9.99821E-05 0.10552 0.09393 0.144622 0.00170401 9.99821E-05
0.404229 0.041005 9.99733E-05 0.0342588 0.29644 9.99733E-05 9.99733E-05 0.220198 0.00356909
9.99553E-05 9.99553E-05 9.99553E-05 9.99553E-05 0.176693 0.449099 0.0921894 0.281518 9.99553E-05
0.0153142 9.996E-05 9.996E-05 9.996E-05 0.366597 0.271074 0.261987 9.996E-05 0.0846278
0.0235839 9.996E-05 0.00694193 0.362367 0.2037 0.403007 9.996E-05 9.996E-05 9.996E-05
9.99642E-05 9.99642E-05 0.553655 9.99642E-05 0.122298 0.28038 0.037682 0.00558529 9.99642E-05
0.154945 9.99821E-05 0.236896 0.0704401 0.0866853 0.00325459 9.99821E-05 0.375494 0.0720849
0.322176 0.0986139 9.99733E-05 0.161728 0.0132906 9.99733E-05 9.99733E-05 0.0664465 0.337445
0.417703 9.99643E-05 0.0967066 0.00425874 0.0653654 0.415566 9.99643E-05 9.99643E-05 9.99643E-05
9.99644E-05 9.99644E-05 9.99644E-05 9.99644E-05 0.296336 0.362348 0.204189 0.00936806 0.12736
0.203737 9.99554E-05 9.99554E-05 9.99554E-05 9.99554E-05 0.410075 0.157024 0.228664 9.99554E-05
9.99643E-05 9.99643E-05 0.11388 0.214931 0.0751564 0.111332 9.99643E-05 0.4843 9.99643E-05
9.99463E-05 9.99463E-05 9.99463E-05 0.551937 9.99463E-05 9.99463E-05 0.237416 9.99463E-05 0.210047
0.27759 9.99642E-05 0.0923845 9.99642E-05 9.99642E-05 9.99642E-05 0.233225 0.361615 0.0347852
0.0107376 9.99553E-05 9.99553E-05 9.99553E-05 9.99553E-05 9.99553E-05 0.373173 0.345948 0.269642
9.99462E-05 9.99462E-05 0.20102 9.99462E-05 9.99462E-05 9.99462E-05 0.270532 0.527848 9.99462E-05
9.995E-05 9.995E-05 0.341555 9.995E-05 0.224659 0.110791 9.995E-05 9.995E-05 0.322495
0.0346965 9.994E-05 9.994E-05 0.507126 9.994E-05 9.994E-05 0.457578 9.994E-05 9.994E-05
9.99552E-05 9.99552E-05 0.0967659 9.99552E-05 0.407125 0.47474 9.99552E-05 9.99552E-05 0.0208691
9.99376E-05 9.99376E-05 9.99376E-05 0.0294751 0.969825 9.99376E-05 9.99376E-05 9.99376E-05 9.99376E-05
0.367228 9.99644E-05 9.99644E-05 9.99644E-05 0.130217 9.99644E-05 0.143924 0.143395 0.214836
9.99553E-05 9.99553E-05 9.99553E-05 0.130174 0.808189 0.0607107 0.000427143 9.99553E-05 9.99553E-05
0.0834574 9.99732E-05 0.389683 9.99732E-05 0.385739 0.0110547 0.0320009 0.0977654 9.99732E-05
9.99465E-05 9.99465E-05 0.54011 9.99465E-05 9.99465E-05 9.99465E-05 0.427438 0.031852 9.99465E-05
9.99732E-05 9.99732E-05 0.102057 0.109308 0.370092 0.216013 0.168217 9.99732E-05 0.0340135
9.99376E-05 9.99376E-05 0.686179 0.313121 9.99376E-05 9.99376E-05 9.99376E-05 9.99376E-05 9.99376E-05
0.387783 9.99644E-05 0.185284 0.267219 9.99644E-05 0.142791 9.99644E-05 9.99644E-05 0.0165243
9.99465E-05 9.99465E-05 9.99465E-05 0.368925 9.99465E-05 0.237935 9.99465E-05 0.392541 9.99465E-05
9.99553E-05 9.99553E-05 0.345993 9.99553E-05 0.364706 0.15736 9.99553E-05 0.131441 9.99553E-05
0.488761 9.99643E-05 9.99643E-05 0.0425717 0.0468173 0.414104 9.99643E-05 0.00734661 9.99643E-05
9.99555E-05 9.99555E-05 9.99555E-05 0.156963 0.249736 0.530434 9.99555E-05 0.0623672 9.99555E-05
0.0862 9.996E-05 0.224052 9.996E-05 0.392435 0.0316359 9.996E-05 0.265277 9.996E-05
9.99556E-05 0.0144149 0.135149 0.352629 9.99556E-05 9.99556E-05 9.99556E-05 9.99556E-05 0.497307
9.99731E-05 9.99731E-05 0.222218 9.99731E-05 0.111464 0.329469 0.10426 0.205678 0.0266112
0.211353 0.0440053 0.22128 9.99643E-05 0.292317 9.99643E-05 0.230645 9.99643E-05 9.99643E-05
9.995E-05 9.995E-05 0.184111 0.0502221 0.0881036 9.995E-05 0.677064 9.995E-05 9.995E-05
9.997E-05 9.997E-05 9.997E-05 0.0205654 0.119585 0.259198 0.157018 0.327038 0.116296
0.0688121 9.996E-05 0.246195 9.996E-05 9.996E-05 0.0604041 9.996E-05 0.416114 0.208075
9.99467E-05 9.99467E-05 9.99467E-05 9.99467E-05 0.856721 0.00913014 9.99467E-05 0.133549 9.99467E-05
0.067469 9.99821E-05 0.210239 9.99821E-05 0.104133 0.169324 0.000121169 0.380712 0.0678013
9.99374E-05 9.99374E-05 9.99374E-05 0.218283 9.99374E-05 0.781018 9.99374E-05 9.99374E-05 9.99374E-05
0.141747 9.99552E-05 9.99552E-05 9.99552E-05 9.99552E-05 0.053104 0.683072 9.99552E-05 0.121577
0.403258 9.99642E-05 0.0298049 9.99642E-05 9.99642E-05 0.0729967 0.451463 9.99642E-05 0.042077
9.99554E-05 9.99554E-05 9.99554E-05 9.99554E-05 0.374773 0.260714 9.99554E-05 0.206819 0.157194
0.582872 9.99553E-05 9.99553E-05 9.99553E-05 0.299819 0.0670414 9.99553E-05 0.0497685 9.99553E-05
0.0352306 9.99642E-05 0.339074 9.99642E-05 0.389976 0.0742554 9.99642E-05 0.161064 9.99642E-05
0.00473697 9.99554E-05 9.99554E-05 9.99554E-05 0.742043 9.99554E-05 0.0849389 9.99554E-05 0.167781
9.99463E-05 9.99463E-05 9.99463E-05 9.99463E-05 0.197315 9.99463E-05 0.373602 9.99463E-05 0.428484
9.99555E-05 9.99555E-05 0.198067 9.99555E-05 9.99555E-05 0.390879 9.99555E-05 0.0405033 0.370051
9.99466E-05 9.99466E-05 9.99466E-05 9.99466E-05 9.99466E-05 0.075945 0.102666 0.820789 9.99466E-05
9.99553E-05 9.99553E-05 9.99553E-05 9.99553E-05 0.270186 0.225608 0.0849509 0.418756 9.99553E-05
0.360043 9.99644E-05 9.99644E-05 0.480565 9.99644E-05 0.0145329 0.0654559 9.99644E-05 0.0790028
0.244831 9.99552E-05 9.99552E-05 9.99552E-05 0.489181 9.99552E-05 0.190474 9.99552E-05 0.0750144
0.380411 9.99465E-05 9.99465E-05 9.99465E-05 9.99465E-05 9.99465E-05 0.24286 9.99465E-05 0.376129
0.00956787 9.99643E-05 0.0256652 9.99643E-05 9.99643E-05 0.499814 0.214099 0.250454 9.99643E-05
0.256431 0.00847117 0.0717653 9.997E-05 0.205138 0.138676 9.997E-05 9.997E-05 0.319219
9.996E-05 9.996E-05 9.996E-05 9.996E-05 0.556064 0.0807257 0.241446 0.0319044 0.0894598
9.99468E-05 9.99468E-05 0.109344 9.99468E-05 9.99468E-05 0.485091 9.99468E-05 9.99468E-05 0.404966
0.347105 9.99466E-05 9.99466E-05 9.99466E-05 0.435549 9.99466E-05 9.99466E-05 9.99466E-05 0.216746
0.0794843 9.99553E-05 9.99553E-05 9.99553E-05 0.553109 9.99553E-05 0.00323082 0.363676 9.99553E-05
0.384335 9.99556E-05 9.99556E-05 0.0796505 9.99556E-05 9.99556E-05 9.99556E-05 0.322357 0.213158
9.99733E-05 0.0516029 9.99733E-05 0.0592012 9.99733E-05 0.00501593 0.404257 0.270434 0.209189
0.582982 9.99462E-05 9.99462E-05 9.99462E-05 9.99462E-05 0.190967 9.99462E-05 0.225452 9.99462E-05
0.491687 9.994E-05 9.994E-05 9.994E-05 9.994E-05 9.994E-05 0.319037 9.994E-05 0.188676
