0.9998 9.999E-05 9.999E-05
9.999E-05 0.9998 9.999E-05
9.999E-05 0.99008 0.00982048
0.0242577 0.753115 0.222627
9.99911E-05 0.60658 0.39332
0.0367766 0.16514 0.798083
9.999E-05 9.999E-05 0.9998
9.999E-05 0.9998 9.999E-05
9.999E-05 9.999E-05 0.9998
9.99911E-05 0.326113 0.673787
9.99911E-05 0.579464 0.420436
0.019799 0.0909739 0.889227
9.99911E-05 0.716818 0.283082
9.999E-05 9.999E-05 0.9998
9.99912E-05 0.728752 0.271148
9.99911E-05 0.133882 0.866018
9.99912E-05 0.535251 0.464649
9.99911E-05 0.670501 0.329399
9.999E-05 9.999E-05 0.9998
0.0271215 0.793295 0.179584
0.00566715 0.994233 9.99911E-05
9.99911E-05 0.947091 0.0528095
0.068916 9.99911E-05 0.930984
0.0566545 0.582102 0.361243
9.999E-05 0.9998 9.999E-05
9.999E-05 0.9998 9.999E-05
0.0175483 9.99911E-05 0.982352
9.99911E-05 0.440169 0.559731
9.99911E-05 0.874868 0.125032
0.0396001 0.162149 0.798251
9.99911E-05 0.70402 0.29588
9.99911E-05 0.234761 0.765139
9.999E-05 9.999E-05 0.9998
9.99911E-05 0.284318 0.715583
9.999E-05 9.999E-05 0.9998
9.99911E-05 0.722288 0.277612
0.154235 0.403208 0.442557
9.99911E-05 0.946455 0.0534448
9.99911E-05 0.235274 0.764626
9.999E-05 0.9998 9.999E-05
9.9991E-05 0.670789 0.329111
9.99911E-05 0.216702 0.783198
9.999E-05 9.999E-05 0.9998
0.00730375 9.99911E-05 0.992596
0.0451017 0.881257 0.0736414
9.999E-05 0.9998 9.999E-05
0.0252184 0.194508 0.780274
9.99911E-05 0.422477 0.577423
0.00557789 0.994322 9.99911E-05
0.106986 9.99911E-05 0.892914
9.99911E-05 0.925702 0.0741977
0.090145 0.909755 9.99911E-05
9.99911E-05 0.167633 0.832267
0.116579 0.216577 0.666844
0.602855 0.397045 9.99911E-05
0.0248491 0.268527 0.706624
9.99911E-05 0.997926 0.0019741
9.99911E-05 0.98075 0.0191495
9.99911E-05 0.999641 0.000259204
9.99911E-05 0.644465 0.355435
9.999E-05 0.9998 9.999E-05
0.0454009 0.781969 0.17263
9.99911E-05 0.441277 0.558623
9.99911E-05 0.132669 0.867231
9.999E-05 0.9998 9.999E-05
9.999E-05 0.9998 9.999E-05
9.999E-05 9.999E-05 0.9998
9.99911E-05 0.678356 0.321544
0.00508099 0.994819 9.99911E-05
9.99911E-05 0.188116 0.811784
9.999E-05 9.999E-05 0.9998
9.999E-05 0.9998 9.999E-05
0.332279 9.99911E-05 0.667621
0.0482647 0.834091 0.117645
9.99911E-05 0.0412593 0.958641
0.165083 0.120972 0.713945
9.999E-05 0.9998 9.999E-05
9.99911E-05 0.774118 0.225782
0.282864 0.000906533 0.716229
9.99911E-05 0.618162 0.381738
9.99911E-05 0.340909 0.658991
9.999E-05 0.9998 9.999E-05
9.999E-05 9.999E-05 0.9998
9.99911E-05 0.926066 0.0738341
0.948653 0.0512475 9.9991E-05
9.999E-05 0.9998 9.999E-05
9.99911E-05 0.077861 0.922039
0.0476021 0.952298 9.99911E-05
0.0464171 0.256967 0.696616
0.0526021 0.853776 0.093622
9.99911E-05 0.939111 0.0607888
9.999E-05 9.999E-05 0.9998
9.999E-05 9.999E-05 0.9998
0.0548259 0.295795 0.64938
0.14178 0.420917 0.437303
9.999E-05 9.999E-05 0.9998
9.999E-05 0.9998 9.999E-05
0.0576676 0.084724 0.857608
0.064708 0.237379 0.697913
9.99911E-05 0.0866414 0.913259
0.18618 0.81372 9.99911E-05
0.0103995 0.628364 0.361236
9.99911E-05 0.102774 0.897126
9.99911E-05 0.414171 0.585729
9.999E-05 9.999E-05 0.9998
0.0179124 0.611883 0.370204
9.99911E-05 0.788916 0.210984
9.999E-05 0.9998 9.999E-05
9.99911E-05 0.383438 0.616462
9.999E-05 9.999E-05 0.9998
0.0667031 0.933197 9.99911E-05
9.999E-05 9.999E-05 0.9998
9.99911E-05 0.277145 0.722755
9.99911E-05 0.624827 0.375073
9.99911E-05 0.694343 0.305557
0.0597429 9.99911E-05 0.940157
0.244874 9.99911E-05 0.755026
9.99911E-05 0.825727 0.174173
0.395492 9.99911E-05 0.604408
0.0475688 0.695377 0.257054
9.999E-05 9.999E-05 0.9998
9.999E-05 9.999E-05 0.9998
9.99911E-05 0.390024 0.609876
9.999E-05 9.999E-05 0.9998
9.999E-05 9.999E-05 0.9998
0.43686 0.163403 0.399737
9.999E-05 9.999E-05 0.9998
9.99911E-05 0.304343 0.695557
0.235243 0.764657 9.99911E-05
9.99911E-05 0.446924 0.552976
9.999E-05 9.999E-05 0.9998
9.999E-05 9.999E-05 0.9998
9.99911E-05 0.0358492 0.964051
9.99911E-05 0.442251 0.557649
9.999E-05 0.9998 9.999E-05
9.999E-05 0.9998 9.999E-05
0.0253792 0.21405 0.76057
9.99911E-05 0.79545 0.20445
9.999E-05 9.999E-05 0.9998
9.99911E-05 0.780252 0.219648
9.99911E-05 0.915735 0.0841649
9.999E-05 9.999E-05 0.9998
9.999E-05 9.999E-05 0.9998
9.999E-05 9.999E-05 0.9998
9.99911E-05 0.643669 0.356231
9.9991E-05 0.798535 0.201365
9.999E-05 0.9998 9.999E-05
9.99911E-05 0.391394 0.608506
9.99911E-05 0.515796 0.484104
9.99911E-05 0.2763 0.7236
9.999E-05 9.999E-05 0.9998
9.99911E-05 0.777782 0.222118
9.99911E-05 0.112366 0.887534
9.999E-05 0.9998 9.999E-05
0.0879611 0.911939 9.99912E-05
9.99911E-05 0.888168 0.111732
9.999E-05 0.9998 9.999E-05
