9.99201E-05 9.99201E-05 0.999101 9.99201E-05 9.99201E-05 9.99201E-05 9.99201E-05 9.99201E-05 9.99201E-05 9.99201E-05
9.99284E-05 0.4488 9.99284E-05 9.99284E-05 9.99284E-05 9.99284E-05 9.99284E-05 9.99284E-05 0.550401 9.99284E-05
9.99554E-05 0.0481636 9.99554E-05 9.99554E-05 0.555314 0.133451 9.99554E-05 0.118466 0.144105 9.99554E-05
9.99466E-05 0.408562 9.99466E-05 0.439171 0.0753322 9.99466E-05 9.99466E-05 9.99466E-05 9.99466E-05 0.0763355
9.99377E-05 9.99377E-05 9.99377E-05 0.0673665 9.99377E-05 0.0536332 9.99377E-05 9.99377E-05 0.878301 9.99377E-05
9.99464E-05 0.0384739 9.99464E-05 0.208333 9.99464E-05 0.313758 9.99464E-05 9.99464E-05 9.99464E-05 0.438836
0.0760997 9.99374E-05 9.99374E-05 9.99374E-05 9.99374E-05 9.99374E-05 9.99374E-05 0.158754 9.99374E-05 0.764447
9.99465E-05 0.0588805 9.99465E-05 0.128093 9.99465E-05 9.99465E-05 9.99465E-05 0.403143 0.409284 9.99465E-05
0.189407 9.99552E-05 9.99552E-05 0.173078 0.110714 9.99552E-05 9.99552E-05 9.99552E-05 0.0360372 0.490264
0.0467547 0.101327 9.99732E-05 0.190909 0.300769 0.0725159 9.99732E-05 9.99732E-05 0.287303 0.000121803
9.99733E-05 0.0391035 9.99733E-05 0.0983686 0.301689 0.312698 0.109617 0.0685146 0.069709 9.99733E-05
0.453938 9.99373E-05 9.99373E-05 9.99373E-05 0.362154 0.183208 9.99373E-05 9.99373E-05 9.99373E-05 9.99373E-05
0.025746 0.199393 0.00934718 9.99732E-05 0.230048 0.135382 9.99732E-05 0.154606 0.245178 9.99732E-05
0.564613 0.0146003 9.99375E-05 0.420088 9.99375E-05 9.99375E-05 9.99375E-05 9.99375E-05 9.99375E-05 9.99375E-05
9.99556E-05 9.99556E-05 9.99556E-05 9.99556E-05 0.425298 0.020979 0.351273 0.195449 0.00650062 9.99556E-05
9.99285E-05 9.99285E-05 9.99285E-05 9.99285E-05 9.99285E-05 9.99285E-05 0.648364 9.99285E-05 9.99285E-05 0.350837
0.0119142 9.99555E-05 9.99555E-05 9.99555E-05 9.99555E-05 9.99555E-05 0.374289 0.0671596 0.367945 0.178192
9.99554E-05 0.00754037 9.99554E-05 9.99554E-05 9.99554E-05 0.421296 0.133056 0.00511751 0.43249 9.99554E-05
0.671772 9.99465E-05 9.99465E-05 0.109066 0.119149 9.99465E-05 9.99465E-05 9.99465E-05 0.0994133 9.99465E-05
9.99552E-05 0.312833 9.99552E-05 0.193815 0.225337 0.0652269 9.99552E-05 0.202288 9.99552E-05 9.99552E-05
9.99553E-05 0.0223098 9.99553E-05 0.224994 0.119004 0.534281 9.99553E-05 0.0989114 9.99553E-05 9.99553E-05
0.0256517 9.99554E-05 9.99554E-05 9.99554E-05 0.0585859 0.802263 9.99554E-05 0.0303123 9.99554E-05 0.0826878
9.99287E-05 9.99287E-05 9.99287E-05 9.99287E-05 9.99287E-05 0.273337 9.99287E-05 9.99287E-05 9.99287E-05 0.725864
9.99465E-05 0.310272 9.99465E-05 0.0332449 9.99465E-05 0.548099 9.99465E-05 9.99465E-05 9.99465E-05 0.107785
9.99378E-05 0.273323 9.99378E-05 9.99378E-05 0.388174 9.99378E-05 9.99378E-05 9.99378E-05 0.337804 9.99378E-05
9.99374E-05 0.369493 9.99374E-05 9.99374E-05 0.410339 9.99374E-05 9.99374E-05 9.99374E-05 0.219468 9.99374E-05
9.99375E-05 9.99375E-05 9.99375E-05 0.56409 9.99375E-05 9.99375E-05 9.99375E-05 0.219728 9.99375E-05 0.215483
9.99373E-05 0.0755772 9.99373E-05 9.99373E-05 0.549001 9.99373E-05 9.99373E-05 0.374722 9.99373E-05 9.99373E-05
0.0525637 9.99374E-05 9.99374E-05 9.99374E-05 9.99374E-05 9.99374E-05 9.99374E-05 0.450355 0.496382 9.99374E-05
0.0212962 9.99466E-05 9.99466E-05 0.158613 0.602754 9.99466E-05 9.99466E-05 0.216736 9.99466E-05 9.99466E-05
9.99284E-05 9.99284E-05 9.99284E-05 9.99284E-05 9.99284E-05 9.99284E-05 9.99284E-05 0.939692 0.0595089 9.99284E-05
9.99288E-05 9.99288E-05 9.99288E-05 0.0777013 9.99288E-05 9.99288E-05 9.99288E-05 0.921499 9.99288E-05 9.99288E-05
9.99375E-05 9.99375E-05 9.99375E-05 0.154686 9.99375E-05 9.99375E-05 9.99375E-05 0.809624 9.99375E-05 0.0349898
9.99464E-05 9.99464E-05 9.99464E-05 9.99464E-05 9.99464E-05 0.223101 9.99464E-05 0.0840924 0.353029 0.339178
0.0195169 9.99464E-05 9.99464E-05 0.0445662 9.99464E-05 9.99464E-05 9.99464E-05 9.99464E-05 0.70642 0.228898
0.245082 0.415656 9.99556E-05 9.99556E-05 9.99556E-05 9.99556E-05 9.99556E-05 0.139407 0.0317581 0.167597
9.99374E-05 9.99374E-05 9.99374E-05 0.733379 9.99374E-05 9.99374E-05 0.194596 0.0713254 9.99374E-05 9.99374E-05
9.99201E-05 9.99201E-05 9.99201E-05 9.99201E-05 9.99201E-05 9.99201E-05 9.99201E-05 0.999101 9.99201E-05 9.99201E-05
9.99372E-05 9.99372E-05 9.99372E-05 9.99372E-05 9.99372E-05 9.99372E-05 0.371777 9.99372E-05 0.310356 0.317167
9.99376E-05 9.99376E-05 9.99376E-05 9.99376E-05 0.160819 9.99376E-05 0.393241 0.44524 9.99376E-05 9.99376E-05
9.99462E-05 0.234998 9.99462E-05 0.223524 0.115363 9.99462E-05 9.99462E-05 0.425515 9.99462E-05 9.99462E-05
9.99377E-05 9.99377E-05 9.99377E-05 9.99377E-05 9.99377E-05 0.212884 0.18541 9.99377E-05 9.99377E-05 0.601007
9.99553E-05 9.99553E-05 0.0275354 9.99553E-05 0.380547 9.99553E-05 0.0867255 9.99553E-05 0.123414 0.381278
9.99374E-05 9.99374E-05 9.99374E-05 0.55199 9.99374E-05 9.99374E-05 9.99374E-05 0.272512 9.99374E-05 0.174798
9.99465E-05 0.366196 9.99465E-05 0.357522 0.136112 9.99465E-05 9.99465E-05 0.13957 9.99465E-05 9.99465E-05
9.99465E-05 0.0144275 9.99465E-05 9.99465E-05 0.0563566 0.097674 9.99465E-05 9.99465E-05 0.830942 9.99465E-05
9.99552E-05 0.203415 9.99552E-05 0.0548929 0.298978 9.99552E-05 9.99552E-05 9.99552E-05 0.233927 0.208287
0.0319421 0.361739 9.99643E-05 9.99643E-05 9.99643E-05 9.99643E-05 0.0128485 0.0870979 0.0274253 0.478547
9.99642E-05 0.171124 9.99642E-05 9.99642E-05 0.0363523 0.00222765 0.294438 0.408723 0.0867345 9.99642E-05
9.99467E-05 0.546076 9.99467E-05 9.99467E-05 9.99467E-05 9.99467E-05 0.163569 9.99467E-05 0.105686 0.18407
9.99553E-05 0.632775 9.99553E-05 9.99553E-05 9.99553E-05 0.225844 9.99553E-05 0.00476635 0.071089 0.0650264
9.99467E-05 0.554181 9.99467E-05 9.99467E-05 0.0387813 0.171788 9.99467E-05 0.23465 9.99467E-05 9.99467E-05
9.99553E-05 0.221502 9.99553E-05 0.508072 9.99553E-05 0.0421221 9.99553E-05 0.154549 9.99553E-05 0.0732558
9.99465E-05 9.99465E-05 9.99465E-05 0.161064 0.148591 0.632064 9.99465E-05 9.99465E-05 9.99465E-05 0.0576811
9.99465E-05 0.227726 0.451837 9.99465E-05 9.99465E-05 9.99465E-05 0.127783 0.192054 9.99465E-05 9.99465E-05
0.380246 9.99466E-05 9.99466E-05 0.312551 9.99466E-05 0.116986 0.189617 9.99466E-05 9.99466E-05 9.99466E-05
9.99554E-05 0.0502428 9.99554E-05 9.99554E-05 9.99554E-05 0.10696 9.99554E-05 0.22853 0.597657 0.0161102
0.104486 9.99466E-05 9.99466E-05 9.99466E-05 9.99466E-05 0.00538198 0.181323 9.99466E-05 0.70821 9.99466E-05
0.284472 0.667497 9.99375E-05 9.99375E-05 9.99375E-05 9.99375E-05 9.99375E-05 0.0473315 9.99375E-05 9.99375E-05
0.172673 9.99374E-05 9.99374E-05 0.032034 9.99374E-05 9.99374E-05 9.99374E-05 9.99374E-05 0.794593 9.99374E-05
9.99644E-05 0.179799 9.99644E-05 9.99644E-05 0.236864 0.234042 0.0123705 0.215907 0.120617 9.99644E-05
9.99642E-05 0.066332 0.0146778 9.99642E-05 9.99642E-05 0.128393 9.99642E-05 0.329168 0.416424 0.0446057
9.99643E-05 0.119441 9.99643E-05 0.280418 9.99643E-05 0.0194713 0.115327 9.99643E-05 0.379092 0.0858511
9.99462E-05 0.0438831 9.99462E-05 0.118175 0.645136 9.99462E-05 9.99462E-05 0.192206 9.99462E-05 9.99462E-05
9.99641E-05 0.183025 9.99641E-05 9.99641E-05 0.260914 0.206466 9.99641E-05 0.0350771 0.221269 0.0928488
9.99374E-05 0.855348 9.99374E-05 9.99374E-05 0.0820458 9.99374E-05 9.99374E-05 9.99374E-05 0.0619062 9.99374E-05
0.999101 9.99201E-05 9.99201E-05 9.99201E-05 9.99201E-05 9.99201E-05 9.99201E-05 9.99201E-05 9.99201E-05 9.99201E-05
0.139773 0.343043 9.99553E-05 9.99553E-05 0.0299929 9.99553E-05 9.99553E-05 0.332175 9.99553E-05 0.154517
9.99642E-05 0.73642 9.99642E-05 0.0423302 9.99642E-05 0.0991888 0.0848874 0.00449827 0.0322752 9.99642E-05
9.99643E-05 0.259435 0.0166702 9.99643E-05 0.126997 9.99643E-05 9.99643E-05 0.00413232 0.134824 0.457542
0.110768 9.99289E-05 9.99289E-05 9.99289E-05 0.888432 9.99289E-05 9.99289E-05 9.99289E-05 9.99289E-05 9.99289E-05
9.99376E-05 0.149464 9.99376E-05 0.0344852 9.99376E-05 0.815352 9.99376E-05 9.99376E-05 9.99376E-05 9.99376E-05
0.340197 9.99732E-05 0.0666027 0.100345 0.0572918 0.377127 0.0471932 9.99732E-05 9.99732E-05 0.0109435
0.0536679 0.0937495 9.99554E-05 0.182024 9.99554E-05 0.568826 9.99554E-05 0.101233 9.99554E-05 9.99554E-05
0.105151 9.99643E-05 9.99643E-05 9.99643E-05 0.359536 0.0721814 9.99643E-05 0.128268 0.139502 0.194962
0.0474111 9.99552E-05 9.99552E-05 0.249778 9.99552E-05 0.487264 9.99552E-05 9.99552E-05 0.0431291 0.171918
0.0486746 0.0994964 9.99643E-05 9.99643E-05 9.99643E-05 0.273283 9.99643E-05 0.174542 0.257777 0.145827
9.99554E-05 9.99554E-05 9.99554E-05 9.99554E-05 0.272752 9.99554E-05 0.109008 0.164162 0.335877 0.117701
0.282711 0.157241 0.107406 0.032937 0.0403065 9.99731E-05 0.11888 9.99731E-05 9.99731E-05 0.260219
0.00941142 9.99554E-05 0.108532 9.99554E-05 9.99554E-05 9.99554E-05 9.99554E-05 0.227021 0.487797 0.166739
9.99374E-05 0.283148 9.99374E-05 9.99374E-05 0.00363717 9.99374E-05 9.99374E-05 9.99374E-05 9.99374E-05 0.712516
9.99642E-05 9.99642E-05 0.0562561 9.99642E-05 0.0380281 0.132088 0.0696966 0.373209 0.330323 9.99642E-05
9.99451E-05 9.99451E-05 9.99451E-05 0.0346768 9.99451E-05 9.99451E-05 0.106645 9.99451E-05 9.99451E-05 0.857978
9.99554E-05 0.0160452 9.99554E-05 9.99554E-05 0.125338 0.295977 9.99554E-05 0.560569 0.0015704 9.99554E-05
9.9964E-05 0.00200081 0.778145 9.9964E-05 0.0241598 9.9964E-05 0.0457828 0.0630161 0.0864952 9.9964E-05
9.993E-05 9.993E-05 9.993E-05 9.993E-05 0.165491 0.536129 9.993E-05 9.993E-05 0.29768 9.993E-05
0.0592989 9.99553E-05 9.99553E-05 0.086901 9.99553E-05 9.99553E-05 0.226456 0.121751 9.99553E-05 0.505094
0.146552 0.213815 9.99465E-05 9.99465E-05 9.99465E-05 0.61214 9.99465E-05 9.99465E-05 0.026893 9.99465E-05
9.99554E-05 9.99554E-05 9.99554E-05 0.300489 9.99554E-05 0.0919309 0.0643438 0.36697 9.99554E-05 0.175766
9.99644E-05 0.0186781 0.00425967 9.99644E-05 0.336032 0.152841 0.334064 0.153725 9.99644E-05 9.99644E-05
9.99462E-05 0.351353 9.99462E-05 9.99462E-05 0.247503 9.99462E-05 9.99462E-05 0.286895 9.99462E-05 0.113648
0.00912623 9.99287E-05 9.99287E-05 0.990074 9.99287E-05 9.99287E-05 9.99287E-05 9.99287E-05 9.99287E-05 9.99287E-05
9.99462E-05 0.0107669 9.99462E-05 9.99462E-05 9.99462E-05 9.99462E-05 0.098512 9.99462E-05 0.0968893 0.793232
9.99643E-05 0.269813 9.99643E-05 0.0916524 0.201916 9.99643E-05 0.215486 9.99643E-05 0.0791391 0.141594
9.99376E-05 0.429513 9.99376E-05 0.0488453 0.520942 9.99376E-05 9.99376E-05 9.99376E-05 9.99376E-05 9.99376E-05
0.273219 9.99552E-05 9.99552E-05 9.99552E-05 0.46008 0.0785413 9.99552E-05 0.0601723 9.99552E-05 0.127488
0.043401 9.99643E-05 9.99643E-05 9.99643E-05 0.32625 0.298595 9.99643E-05 0.115965 0.0342624 0.181127
0.0369297 9.99464E-05 9.99464E-05 9.99464E-05 0.418298 0.285877 9.99464E-05 9.99464E-05 9.99464E-05 0.258296
0.0520862 9.99642E-05 9.99642E-05 0.397602 0.297223 0.162732 0.0163033 0.0736535 9.99642E-05 9.99642E-05
0.0445491 0.216258 9.99552E-05 0.257056 9.99552E-05 9.99552E-05 9.99552E-05 0.182656 9.99552E-05 0.298981
9.99379E-05 0.521276 9.99379E-05 9.99379E-05 0.409002 9.99379E-05 9.99379E-05 0.0690225 9.99379E-05 9.99379E-05
0.139207 9.99465E-05 9.99465E-05 9.99465E-05 0.634252 9.99465E-05 0.181997 0.0439444 9.99465E-05 9.99465E-05
0.178387 9.99555E-05 9.99555E-05 0.00284203 9.99555E-05 9.99555E-05 0.126284 0.399529 9.99555E-05 0.292459
0.559626 9.99552E-05 9.99552E-05 9.99552E-05 0.0512517 0.173853 0.0393735 9.99552E-05 9.99552E-05 0.175396
0.222036 9.99464E-05 9.99464E-05 0.285532 9.99464E-05 9.99464E-05 0.200402 9.99464E-05 9.99464E-05 0.291431
9.99643E-05 0.0796128 9.99643E-05 9.99643E-05 9.99643E-05 0.509368 0.000592951 0.0716314 0.178501 0.159893
0.270817 0.204893 9.99464E-05 9.99464E-05 9.99464E-05 0.244056 9.99464E-05 0.279634 9.99464E-05 9.99464E-05
0.418706 0.125653 9.99463E-05 9.99463E-05 9.99463E-05 0.421345 9.99463E-05 0.0336963 9.99463E-05 9.99463E-05
0.460045 9.99463E-05 9.99463E-05 9.99463E-05 0.0863515 9.99463E-05 9.99463E-05 0.0541788 0.398825 9.99463E-05
9.99465E-05 9.99465E-05 9.99465E-05 0.0216285 0.250556 9.99465E-05 9.99465E-05 0.35437 9.99465E-05 0.372846
9.99375E-05 9.99375E-05 9.99375E-05 0.161528 9.99375E-05 0.634395 9.99375E-05 9.99375E-05 0.203377 9.99375E-05
9.99374E-05 9.99374E-05 9.99374E-05 9.99374E-05 0.678702 9.99374E-05 9.99374E-05 9.99374E-05 0.00191393 0.318685
9.99465E-05 9.99465E-05 9.99465E-05 0.115926 0.192841 9.99465E-05 9.99465E-05 0.129761 9.99465E-05 0.560872
9.99555E-05 0.58248 9.99555E-05 0.0455879 9.99555E-05 9.99555E-05 9.99555E-05 0.109119 0.0193315 0.242982
9.99553E-05 0.103719 9.99553E-05 9.99553E-05 0.253149 9.99553E-05 0.042768 9.99553E-05 0.110807 0.489057
0.188135 9.99464E-05 9.99464E-05 0.269377 9.99464E-05 9.99464E-05 9.99464E-05 9.99464E-05 0.325245 0.216643
9.99466E-05 9.99466E-05 9.99466E-05 0.686708 9.99466E-05 9.99466E-05 9.99466E-05 0.00771795 0.23557 0.0694043
9.99643E-05 9.99643E-05 0.00764417 0.0294436 0.147625 0.405207 9.99643E-05 9.99643E-05 0.167304 0.242376
9.99288E-05 9.99288E-05 9.99288E-05 0.931089 9.99288E-05 0.0681121 9.99288E-05 9.99288E-05 9.99288E-05 9.99288E-05
9.99465E-05 0.488259 9.99465E-05 0.360648 0.145029 9.99465E-05 9.99465E-05 9.99465E-05 0.00546464 9.99465E-05
0.626225 0.041711 9.99465E-05 0.0216087 9.99465E-05 9.99465E-05 9.99465E-05 9.99465E-05 9.99465E-05 0.309855
0.0359007 9.99553E-05 9.99553E-05 0.1971 0.261417 9.99553E-05 0.12416 9.99553E-05 9.99553E-05 0.380923
0.32718 0.32506 9.99554E-05 9.99554E-05 0.235688 0.0805766 9.99554E-05 9.99554E-05 0.0309947 9.99554E-05
0.2788 9.99285E-05 9.99285E-05 9.99285E-05 9.99285E-05 9.99285E-05 9.99285E-05 9.99285E-05 9.99285E-05 0.720401
0.473426 9.99464E-05 9.99464E-05 0.184324 0.0556415 9.99464E-05 9.99464E-05 9.99464E-05 9.99464E-05 0.286009
9.99554E-05 9.99554E-05 0.139168 0.0431115 0.126942 0.448684 0.241595 9.99554E-05 9.99554E-05 9.99554E-05
0.0646321 0.00687647 9.99553E-05 0.352179 9.99553E-05 0.0576828 9.99553E-05 9.99553E-05 9.99553E-05 0.518129
9.99463E-05 0.0982489 9.99463E-05 0.128307 0.503757 9.99463E-05 9.99463E-05 9.99463E-05 0.269088 9.99463E-05
9.99378E-05 9.99378E-05 0.0135527 9.99378E-05 9.99378E-05 0.881036 9.99378E-05 0.104712 9.99378E-05 9.99378E-05
0.191175 9.99643E-05 9.99643E-05 9.99643E-05 9.99643E-05 0.0305297 0.358612 0.0661682 0.0825289 0.270586
0.320756 9.99285E-05 9.99285E-05 9.99285E-05 9.99285E-05 9.99285E-05 9.99285E-05 0.678444 9.99285E-05 9.99285E-05
9.994E-05 9.994E-05 9.994E-05 9.994E-05 0.535453 9.994E-05 0.16821 9.994E-05 0.0026466 0.293091
0.4379 9.99463E-05 9.99463E-05 0.23461 0.19354 9.99463E-05 9.99463E-05 9.99463E-05 9.99463E-05 0.13335
9.99553E-05 0.0196524 0.0417118 9.99553E-05 9.99553E-05 9.99553E-05 9.99553E-05 0.11876 0.296663 0.522713
9.99375E-05 0.121949 9.99375E-05 9.99375E-05 9.99375E-05 9.99375E-05 9.99375E-05 0.0429371 0.834415 9.99375E-05
9.99643E-05 0.331183 9.99643E-05 0.00388683 0.185976 0.15723 0.0227867 9.99643E-05 0.298538 9.99643E-05
9.99377E-05 9.99377E-05 0.00538288 9.99377E-05 9.99377E-05 9.99377E-05 9.99377E-05 0.221361 9.99377E-05 0.772557
9.99375E-05 0.491934 9.99375E-05 9.99375E-05 9.99375E-05 9.99375E-05 9.99375E-05 0.208733 9.99375E-05 0.298633
0.0626593 9.99552E-05 9.99552E-05 0.273464 0.0278713 0.064173 9.99552E-05 9.99552E-05 9.99552E-05 0.571333
0.108228 0.271054 9.99643E-05 9.99643E-05 0.0550779 9.99643E-05 0.072966 0.220243 9.99643E-05 0.272031
9.99463E-05 9.99463E-05 9.99463E-05 9.99463E-05 0.297574 0.48074 9.99463E-05 0.185021 9.99463E-05 0.0360656
9.99467E-05 9.99467E-05 0.0310827 0.0126815 9.99467E-05 9.99467E-05 9.99467E-05 9.99467E-05 0.217739 0.737897
0.654921 9.994E-05 9.994E-05 9.994E-05 9.994E-05 9.994E-05 9.994E-05 0.00219841 0.259154 0.0831267
9.99287E-05 9.99287E-05 9.99287E-05 9.99287E-05 9.99287E-05 9.99287E-05 9.99287E-05 9.99287E-05 0.410287 0.588914
0.128341 0.434996 9.99553E-05 0.173487 9.99553E-05 9.99553E-05 0.147038 9.99553E-05 0.115639 9.99553E-05
9.99463E-05 0.209468 9.99463E-05 9.99463E-05 0.297086 9.99463E-05 0.0796807 0.413166 9.99463E-05 9.99463E-05
9.99464E-05 0.245822 9.99464E-05 9.99464E-05 9.99464E-05 0.215028 9.99464E-05 0.18939 0.349161 9.99464E-05
9.99376E-05 9.99376E-05 9.99376E-05 9.99376E-05 9.99376E-05 0.033716 9.99376E-05 9.99376E-05 0.365854 0.59973
9.99555E-05 0.126645 9.99555E-05 9.99555E-05 0.434191 9.99555E-05 9.99555E-05 0.341496 0.0764002 0.020768
0.090198 9.99642E-05 9.99642E-05 0.0309116 0.211119 9.99642E-05 9.99642E-05 0.31931 0.1613 0.186761
9.99377E-05 9.99377E-05 9.99377E-05 0.46326 9.99377E-05 9.99377E-05 9.99377E-05 9.99377E-05 0.18849 0.34755
9.99377E-05 0.145556 9.99377E-05 9.99377E-05 0.2348 9.99377E-05 9.99377E-05 0.618945 9.99377E-05 9.99377E-05
0.219051 0.0948926 9.99642E-05 9.99642E-05 0.233948 9.99642E-05 9.99642E-05 0.0925523 0.117884 0.241273
9.99464E-05 0.021416 9.99464E-05 9.99464E-05 9.99464E-05 9.99464E-05 0.521824 0.398784 0.0573769 9.99464E-05
9.99201E-05 9.99201E-05 9.99201E-05 9.99201E-05 9.99201E-05 9.99201E-05 0.999101 9.99201E-05 9.99201E-05 9.99201E-05
0.000929683 0.588893 9.99642E-05 0.0294957 9.99642E-05 9.99642E-05 9.99642E-05 0.338725 0.0258231 0.0157337
9.99462E-05 0.042211 9.99462E-05 9.99462E-05 9.99462E-05 9.99462E-05 0.710168 0.229022 0.0179992 9.99462E-05
