9.997E-05 0.9996 9.997E-05 9.997E-05 9.997E-05
0.799075 9.99733E-05 0.200625 9.99733E-05 9.99733E-05
0.633906 0.0240752 9.99911E-05 0.303072 0.0388469
0.515498 9.99822E-05 0.331982 9.99822E-05 0.152321
0.464648 9.99822E-05 0.361567 9.99822E-05 0.173584
9.99822E-05 9.99822E-05 0.281896 0.0553476 0.662557
9.99732E-05 9.99732E-05 0.618698 9.99732E-05 0.381002
0.559002 9.99733E-05 9.99733E-05 9.99733E-05 0.440698
0.0884403 9.99911E-05 0.498112 0.256519 0.156829
0.446658 9.99822E-05 0.327832 9.99822E-05 0.22531
0.206524 0.00239843 0.30585 0.0540558 0.431171
0.552171 9.99733E-05 9.99733E-05 0.447529 9.99733E-05
0.556968 9.99732E-05 9.99732E-05 9.99732E-05 0.442732
0.384489 9.99911E-05 0.0394231 0.436001 0.139986
0.404437 9.99911E-05 0.358522 0.170483 0.0664588
9.997E-05 9.997E-05 0.9996 9.997E-05 9.997E-05
0.383023 9.99911E-05 0.212922 0.259101 0.144854
0.682824 9.99733E-05 9.99733E-05 0.316876 9.99733E-05
0.0245609 9.99823E-05 9.99823E-05 0.8591 0.116139
0.401774 9.99732E-05 9.99732E-05 9.99732E-05 0.597926
0.542997 9.99733E-05 9.99733E-05 9.99733E-05 0.456703
0.647117 9.99822E-05 0.040958 9.99822E-05 0.311725
9.99733E-05 9.99733E-05 0.623057 0.376643 9.99733E-05
0.650732 9.99734E-05 0.348968 9.99734E-05 9.99734E-05
0.9996 9.997E-05 9.997E-05 9.997E-05 9.997E-05
0.98093 9.99732E-05 9.99732E-05 0.0187702 9.99732E-05
9.99822E-05 0.00766218 0.108199 9.99822E-05 0.883939
0.179677 9.99911E-05 0.334246 0.357807 0.12817
0.344784 9.99821E-05 9.99821E-05 0.0963448 0.558671
9.99733E-05 9.99733E-05 9.99733E-05 0.859757 0.139943
0.143971 9.99732E-05 9.99732E-05 9.99732E-05 0.855729
9.99732E-05 9.99732E-05 0.189639 9.99732E-05 0.810061
9.99732E-05 9.99732E-05 9.99732E-05 0.220007 0.779693
9.99732E-05 9.99732E-05 9.99732E-05 0.495211 0.504489
0.0364577 9.99911E-05 0.224911 0.687227 0.051305
0.545051 9.99823E-05 0.0598559 9.99823E-05 0.394893
0.126533 0.0538685 0.0893426 0.0320637 0.698192
0.215538 9.99821E-05 0.0494576 9.99821E-05 0.734804
9.99821E-05 0.0337771 0.243954 0.722069 9.99821E-05
0.248546 0.15164 0.245309 0.354406 9.99911E-05
0.320084 9.9991E-05 0.116982 0.14872 0.414115
9.99733E-05 9.99733E-05 0.274557 0.725143 9.99733E-05
9.99732E-05 0.00259051 9.99732E-05 0.99711 9.99732E-05
9.99731E-05 9.99731E-05 0.396813 9.99731E-05 0.602888
0.22113 9.99822E-05 9.99822E-05 0.139547 0.639123
0.9676 9.99733E-05 9.99733E-05 9.99733E-05 0.0321003
0.442628 9.99821E-05 0.501675 0.0554966 9.99821E-05
0.123739 9.99821E-05 0.0757005 0.800361 9.99821E-05
0.525354 0.125403 0.341092 9.9991E-05 0.00805085
0.349874 9.99734E-05 0.649826 9.99734E-05 9.99734E-05
0.668186 9.99732E-05 0.331514 9.99732E-05 9.99732E-05
0.451477 0.109638 0.263556 9.99911E-05 0.175229
0.0941642 9.99822E-05 9.99822E-05 0.383761 0.521875
9.99822E-05 9.99822E-05 0.0727134 0.176791 0.750295
0.3647 0.530792 0.104308 9.99821E-05 9.99821E-05
0.00628062 9.99734E-05 9.99734E-05 0.993419 9.99734E-05
0.365268 9.99822E-05 0.148811 9.99822E-05 0.48572
0.783291 9.99733E-05 9.99733E-05 9.99733E-05 0.216409
0.9996 9.997E-05 9.997E-05 9.997E-05 9.997E-05
0.658204 9.99732E-05 9.99732E-05 0.341496 9.99732E-05
0.59663 0.00558173 0.0732506 9.99911E-05 0.324438
0.579386 9.99821E-05 9.99821E-05 0.300371 0.120043
0.480949 9.99822E-05 0.222242 9.99822E-05 0.29661
9.99821E-05 9.99821E-05 0.306839 0.283621 0.40934
0.601202 9.9991E-05 0.0525581 0.321112 0.0250278
0.877239 9.99732E-05 0.122461 9.99732E-05 9.99732E-05
0.24698 9.99823E-05 9.99823E-05 0.672323 0.080497
0.482981 9.99911E-05 0.0775718 0.189951 0.249397
0.803836 9.99821E-05 0.0713775 0.124587 9.99821E-05
0.109088 9.99822E-05 0.449498 0.441214 9.99822E-05
9.99823E-05 9.99823E-05 0.189842 0.673636 0.136322
0.62827 9.99734E-05 9.99734E-05 9.99734E-05 0.37143
0.224765 0.0120423 9.99911E-05 0.656357 0.106735
0.563429 9.99822E-05 9.99822E-05 0.311182 0.125189
9.99822E-05 9.99822E-05 0.0603395 0.530118 0.409343
9.99821E-05 0.0425451 9.99821E-05 0.259681 0.697574
0.647624 9.99822E-05 9.99822E-05 0.267049 0.0851271
0.352191 9.99822E-05 0.625032 9.99822E-05 0.0225772
0.283225 0.122079 9.99821E-05 0.594495 9.99821E-05
0.518323 0.0371166 0.142714 0.301747 9.99911E-05
9.99821E-05 9.99821E-05 0.373996 0.555524 0.0702799
0.998207 0.00149279 9.99732E-05 9.99732E-05 9.99732E-05
9.99822E-05 0.0542987 0.619984 0.325518 9.99822E-05
0.425365 9.99732E-05 9.99732E-05 9.99732E-05 0.574335
0.112776 0.862447 0.0195126 0.00516392 9.9991E-05
0.592097 9.99822E-05 0.0697571 9.99822E-05 0.337945
9.99732E-05 9.99732E-05 0.256812 0.742888 9.99732E-05
0.742761 9.99734E-05 9.99734E-05 0.256939 9.99734E-05
9.99733E-05 9.99733E-05 9.99733E-05 0.01876 0.98094
0.32825 0.0877986 0.132046 0.0494327 0.402472
0.321347 0.00977814 0.336326 9.9991E-05 0.332449
9.99734E-05 9.99734E-05 9.99734E-05 0.501474 0.498226
9.99732E-05 9.99732E-05 0.579608 0.420092 9.99732E-05
0.257815 0.00648971 0.705953 0.0296418 9.99911E-05
0.191885 0.0267423 0.0316931 0.74958 9.99911E-05
9.99732E-05 9.99732E-05 0.000214199 0.999486 9.99732E-05
0.284864 9.99732E-05 9.99732E-05 0.714836 9.99732E-05
0.0865879 9.99732E-05 9.99732E-05 0.913112 9.99732E-05
9.99732E-05 9.99732E-05 9.99732E-05 0.295087 0.704613
0.192631 9.99911E-05 0.145486 0.184524 0.477259
0.704622 0.240037 9.99822E-05 9.99822E-05 0.0551411
9.99733E-05 9.99733E-05 9.99733E-05 0.83055 0.169151
0.0478741 9.99911E-05 0.530823 0.000904656 0.420298
0.179137 9.99732E-05 9.99732E-05 0.820563 9.99732E-05
9.99822E-05 9.99822E-05 0.523072 0.351704 0.125024
0.479322 9.99821E-05 0.0053406 9.99821E-05 0.515137
0.719561 9.99732E-05 9.99732E-05 9.99732E-05 0.280139
0.719857 9.99822E-05 0.00701781 0.272926 9.99822E-05
0.489073 9.9991E-05 0.168379 0.0721799 0.270268
9.99822E-05 9.99822E-05 0.450907 0.0174449 0.531448
0.679415 9.99732E-05 9.99732E-05 9.99732E-05 0.320285
9.99821E-05 9.99821E-05 0.323585 0.493037 0.183177
9.99732E-05 9.99732E-05 0.560154 9.99732E-05 0.439546
0.484296 9.99822E-05 0.477484 9.99822E-05 0.0380207
0.352356 9.99821E-05 0.495626 0.151818 9.99821E-05
0.0600276 9.99911E-05 0.521372 0.0239149 0.394585
0.38366 0.0994449 0.205715 0.108562 0.202619
0.362923 9.99911E-05 0.0820867 0.327014 0.227877
9.99823E-05 0.0341969 9.99823E-05 0.0945361 0.871067
0.265684 9.99822E-05 9.99822E-05 0.665961 0.0681553
0.127713 9.99822E-05 0.23209 0.639998 9.99822E-05
9.99732E-05 9.99732E-05 0.463126 0.536574 9.99732E-05
0.236917 9.99734E-05 9.99734E-05 0.762783 9.99734E-05
9.99732E-05 9.99732E-05 0.390021 0.60968 9.99732E-05
0.156526 9.99911E-05 0.402649 0.343322 0.0974029
9.99911E-05 0.260746 0.0261564 0.645387 0.0676106
0.135413 9.99911E-05 0.110072 0.568505 0.18591
0.536198 9.99911E-05 0.147653 0.050835 0.265215
0.47421 9.99734E-05 9.99734E-05 9.99734E-05 0.525491
0.279636 9.99911E-05 0.479227 0.140584 0.100454
9.99821E-05 9.99821E-05 0.0508956 0.390866 0.558038
9.99733E-05 9.99733E-05 0.918253 0.0814473 9.99733E-05
0.0175416 0.0119656 0.069054 0.760062 0.141377
0.191729 9.99821E-05 0.210447 0.597624 9.99821E-05
0.83563 9.99732E-05 9.99732E-05 0.164071 9.99732E-05
0.694699 9.99822E-05 0.130038 0.175063 9.99822E-05
9.99821E-05 0.0474103 0.923741 0.0286492 9.99821E-05
0.673273 9.99822E-05 0.245198 0.0813294 9.99822E-05
0.0334697 9.99911E-05 0.117173 0.677827 0.17143
0.301321 0.0314748 0.631837 0.0352676 9.99911E-05
0.353665 0.0268896 0.136008 0.0564845 0.426952
9.99822E-05 9.99822E-05 0.524946 0.469947 0.00490706
0.237614 9.99823E-05 0.373988 0.388198 9.99823E-05
0.140908 9.99732E-05 0.858793 9.99732E-05 9.99732E-05
0.687907 0.013572 0.298321 9.99822E-05 9.99822E-05
0.417145 9.99821E-05 0.239586 9.99821E-05 0.343069
0.736369 9.99822E-05 0.206548 9.99822E-05 0.0568834
0.298546 9.99911E-05 0.465099 0.1423 0.0939554
0.117117 0.0465459 0.223414 0.535355 0.0775675
0.0937855 9.99911E-05 0.546814 0.0630535 0.296247
9.99911E-05 0.0187148 0.302009 0.106522 0.572654
0.130417 9.99822E-05 9.99822E-05 0.11931 0.750073
0.143441 9.9991E-05 0.560151 0.219878 0.0764303
0.320249 9.99823E-05 0.32827 9.99823E-05 0.351281
0.476717 9.99734E-05 0.522983 9.99734E-05 9.99734E-05
0.771078 9.99821E-05 0.0333574 9.99821E-05 0.195364
0.538295 9.99734E-05 9.99734E-05 9.99734E-05 0.461405
