9.99201E-05 9.99201E-05 9.99201E-05 9.99201E-05 9.99201E-05 9.99201E-05 9.99201E-05 9.99201E-05 0.999101 9.99201E-05
9.99463E-05 0.0714855 0.432171 0.335443 9.99463E-05 9.99463E-05 0.160301 9.99463E-05 9.99463E-05 9.99463E-05
9.99554E-05 9.99554E-05 9.99554E-05 0.444468 0.0487938 0.493455 0.000556384 9.99554E-05 9.99554E-05 0.0122275
9.99644E-05 0.104362 0.123418 0.32654 0.122504 0.290723 9.99644E-05 0.0320537 9.99644E-05 9.99644E-05
9.99466E-05 0.117526 0.794876 9.99466E-05 9.99466E-05 0.0450313 9.99466E-05 9.99466E-05 9.99466E-05 0.0419676
0.277313 0.371073 9.99375E-05 9.99375E-05 9.99375E-05 9.99375E-05 0.350914 9.99375E-05 9.99375E-05 9.99375E-05
9.99374E-05 0.607664 9.99374E-05 0.230628 0.161008 9.99374E-05 9.99374E-05 9.99374E-05 9.99374E-05 9.99374E-05
0.229795 9.99555E-05 0.0964581 0.227818 9.99555E-05 0.108069 0.33736 9.99555E-05 9.99555E-05 9.99555E-05
9.99552E-05 0.31937 0.116205 0.00196006 0.0944842 9.99552E-05 9.99552E-05 9.99552E-05 9.99552E-05 0.467482
0.0762386 0.38537 0.0107995 0.256628 9.99552E-05 9.99552E-05 9.99552E-05 9.99552E-05 9.99552E-05 0.270464
9.99465E-05 0.390233 9.99465E-05 0.230074 9.99465E-05 0.254791 9.99465E-05 9.99465E-05 9.99465E-05 0.124302
0.527266 9.99463E-05 9.99463E-05 9.99463E-05 9.99463E-05 0.108737 9.99463E-05 0.0372861 9.99463E-05 0.326112
0.590458 9.99464E-05 0.153038 0.0351217 9.99464E-05 0.220783 9.99464E-05 9.99464E-05 9.99464E-05 9.99464E-05
0.484563 0.00272542 0.317865 9.99466E-05 9.99466E-05 9.99466E-05 9.99466E-05 9.99466E-05 9.99466E-05 0.194247
0.0508822 9.99468E-05 9.99468E-05 9.99468E-05 0.0597233 0.884387 9.99468E-05 9.99468E-05 0.00440735 9.99468E-05
9.99377E-05 0.8733 9.99377E-05 9.99377E-05 0.0773379 9.99377E-05 9.99377E-05 0.0486627 9.99377E-05 9.99377E-05
9.99466E-05 0.0989134 0.681564 0.173629 0.0452936 9.99466E-05 9.99466E-05 9.99466E-05 9.99466E-05 9.99466E-05
9.99465E-05 9.99465E-05 0.282605 9.99465E-05 0.158146 0.503098 9.99465E-05 0.0555516 9.99465E-05 9.99465E-05
9.99284E-05 9.99284E-05 0.178328 9.99284E-05 9.99284E-05 9.99284E-05 9.99284E-05 9.99284E-05 9.99284E-05 0.820873
0.237828 9.99464E-05 9.99464E-05 0.733967 0.00859941 0.0190065 9.99464E-05 9.99464E-05 9.99464E-05 9.99464E-05
0.319237 0.26822 9.99463E-05 9.99463E-05 9.99463E-05 0.00482675 0.407117 9.99463E-05 9.99463E-05 9.99463E-05
0.180397 0.0360832 9.99554E-05 0.101418 9.99554E-05 0.179487 0.502116 9.99554E-05 9.99554E-05 9.99554E-05
9.99464E-05 0.466783 9.99464E-05 9.99464E-05 0.328783 9.99464E-05 0.139322 0.0645121 9.99464E-05 9.99464E-05
9.99375E-05 0.302574 0.391159 9.99375E-05 9.99375E-05 9.99375E-05 0.305568 9.99375E-05 9.99375E-05 9.99375E-05
9.99377E-05 9.99377E-05 0.0116618 0.396422 9.99377E-05 9.99377E-05 9.99377E-05 9.99377E-05 9.99377E-05 0.591217
9.99554E-05 9.99554E-05 0.203471 0.386691 9.99554E-05 0.0354994 0.18912 9.99554E-05 9.99554E-05 0.184719
0.363882 9.99286E-05 9.99286E-05 9.99286E-05 0.635319 9.99286E-05 9.99286E-05 9.99286E-05 9.99286E-05 9.99286E-05
9.99285E-05 9.99285E-05 9.99285E-05 0.492179 0.507021 9.99285E-05 9.99285E-05 9.99285E-05 9.99285E-05 9.99285E-05
0.496804 9.99642E-05 0.111007 0.0848049 0.185382 0.113318 9.99642E-05 9.99642E-05 9.99642E-05 0.00828432
9.99465E-05 0.0458391 9.99465E-05 9.99465E-05 0.392892 9.99465E-05 0.17748 9.99465E-05 9.99465E-05 0.38319
0.156212 9.99373E-05 9.99373E-05 0.238812 0.604277 9.99373E-05 9.99373E-05 9.99373E-05 9.99373E-05 9.99373E-05
9.99374E-05 9.99374E-05 9.99374E-05 0.378177 0.459006 9.99374E-05 0.162118 9.99374E-05 9.99374E-05 9.99374E-05
0.0747636 0.00839774 9.99464E-05 9.99464E-05 0.809118 9.99464E-05 0.107121 9.99464E-05 9.99464E-05 9.99464E-05
0.142868 9.99463E-05 9.99463E-05 9.99463E-05 0.141843 0.641412 0.0732762 9.99463E-05 9.99463E-05 9.99463E-05
9.99375E-05 9.99375E-05 0.712742 9.99375E-05 0.112143 0.174416 9.99375E-05 9.99375E-05 9.99375E-05 9.99375E-05
0.313905 0.086663 9.99555E-05 9.99555E-05 0.0238383 9.99555E-05 0.48246 0.0926337 9.99555E-05 9.99555E-05
0.301577 0.175735 0.239657 9.99642E-05 9.99642E-05 9.99642E-05 9.99642E-05 0.0364107 0.0668778 0.179343
0.255161 9.99462E-05 9.99462E-05 0.345436 0.321489 0.077314 9.99462E-05 9.99462E-05 9.99462E-05 9.99462E-05
9.99553E-05 9.99553E-05 0.0903591 9.99553E-05 0.140648 0.706828 9.99553E-05 0.0490485 9.99553E-05 0.0126167
9.99466E-05 9.99466E-05 9.99466E-05 0.297353 0.379572 0.256748 9.99466E-05 0.0657262 9.99466E-05 9.99466E-05
9.99462E-05 0.223187 9.99462E-05 0.550224 0.147009 0.0789806 9.99462E-05 9.99462E-05 9.99462E-05 9.99462E-05
9.99555E-05 0.163698 9.99555E-05 9.99555E-05 0.514764 0.116607 0.183841 9.99555E-05 9.99555E-05 0.02059
9.99373E-05 9.99373E-05 9.99373E-05 9.99373E-05 0.443882 9.99373E-05 9.99373E-05 0.074445 9.99373E-05 0.480973
0.0162208 0.556407 0.00846927 0.132557 0.244217 0.0417284 9.99642E-05 9.99642E-05 9.99642E-05 9.99642E-05
0.30533 0.043661 9.99554E-05 0.548412 9.99554E-05 9.99554E-05 9.99554E-05 9.99554E-05 0.0406599 0.0614373
9.99375E-05 9.99375E-05 0.319054 9.99375E-05 9.99375E-05 0.564652 0.115595 9.99375E-05 9.99375E-05 9.99375E-05
9.99374E-05 9.99374E-05 0.418084 0.230312 0.350905 9.99374E-05 9.99374E-05 9.99374E-05 9.99374E-05 9.99374E-05
9.99464E-05 9.99464E-05 9.99464E-05 0.13367 0.426343 9.99464E-05 0.348869 0.0905182 9.99464E-05 9.99464E-05
9.99461E-05 9.99461E-05 9.99461E-05 0.229924 0.0552895 0.396679 9.99461E-05 0.317507 9.99461E-05 9.99461E-05
0.168045 0.447172 0.257336 9.99464E-05 9.99464E-05 9.99464E-05 9.99464E-05 0.126848 9.99464E-05 9.99464E-05
9.99463E-05 0.0136318 0.00735568 0.424428 9.99463E-05 9.99463E-05 0.553985 9.99463E-05 9.99463E-05 9.99463E-05
0.206713 9.99468E-05 9.99468E-05 0.697928 0.0142841 9.99468E-05 0.0804756 9.99468E-05 9.99468E-05 9.99468E-05
0.0879431 9.99642E-05 0.253563 0.101472 0.0862141 9.99642E-05 0.413358 9.99642E-05 0.0570495 9.99642E-05
0.330106 9.99377E-05 9.99377E-05 9.99377E-05 0.184507 0.484687 9.99377E-05 9.99377E-05 9.99377E-05 9.99377E-05
9.99201E-05 9.99201E-05 9.99201E-05 9.99201E-05 9.99201E-05 9.99201E-05 9.99201E-05 0.999101 9.99201E-05 9.99201E-05
9.99377E-05 9.99377E-05 0.193906 9.99377E-05 9.99377E-05 9.99377E-05 0.183841 9.99377E-05 9.99377E-05 0.621553
9.99552E-05 9.99552E-05 0.158771 0.219046 9.99552E-05 0.433602 0.0140756 0.174005 9.99552E-05 9.99552E-05
0.0112117 0.147521 0.239217 9.99467E-05 9.99467E-05 0.601451 9.99467E-05 9.99467E-05 9.99467E-05 9.99467E-05
0.176521 9.99466E-05 0.0194081 0.706304 9.99466E-05 9.99466E-05 9.99466E-05 0.0971669 9.99466E-05 9.99466E-05
9.99462E-05 9.99462E-05 0.51629 9.99462E-05 0.0413456 9.99462E-05 0.264002 9.99462E-05 9.99462E-05 0.177763
9.99466E-05 9.99466E-05 0.114193 0.590064 0.15639 0.138754 9.99466E-05 9.99466E-05 9.99466E-05 9.99466E-05
0.00919032 9.99731E-05 0.325082 0.136929 0.259387 0.230598 0.0181045 9.99731E-05 0.0204092 9.99731E-05
9.99553E-05 0.17695 0.688198 0.00836917 9.99553E-05 0.0486923 9.99553E-05 9.99553E-05 9.99553E-05 0.0772903
9.99463E-05 0.00301538 9.99463E-05 0.495966 0.308341 9.99463E-05 9.99463E-05 9.99463E-05 9.99463E-05 0.192078
9.99552E-05 9.99552E-05 0.172404 0.435246 0.0869046 0.153941 0.151005 9.99552E-05 9.99552E-05 9.99552E-05
0.242319 9.99375E-05 0.0349152 0.722066 9.99375E-05 9.99375E-05 9.99375E-05 9.99375E-05 9.99375E-05 9.99375E-05
0.461966 9.99377E-05 9.99377E-05 9.99377E-05 0.206076 9.99377E-05 9.99377E-05 9.99377E-05 9.99377E-05 0.331258
0.30611 9.99642E-05 9.99642E-05 0.35537 0.0121586 9.99642E-05 0.287108 0.0280964 9.99642E-05 0.0107569
9.99463E-05 9.99463E-05 9.99463E-05 0.213873 9.99463E-05 0.131374 0.568807 0.0853463 9.99463E-05 9.99463E-05
9.99643E-05 0.0821222 9.99643E-05 0.416348 0.10046 0.178529 0.168284 9.99643E-05 9.99643E-05 0.0538573
9.99465E-05 9.99465E-05 9.99465E-05 0.0941431 0.128397 9.99465E-05 9.99465E-05 9.99465E-05 0.0420705 0.73479
0.0226518 9.99377E-05 9.99377E-05 0.18357 9.99377E-05 9.99377E-05 0.793078 9.99377E-05 9.99377E-05 9.99377E-05
0.27891 0.0242631 9.99465E-05 9.99465E-05 9.99465E-05 9.99465E-05 9.99465E-05 0.181191 9.99465E-05 0.515037
0.0853922 9.99464E-05 9.99464E-05 9.99464E-05 0.0105844 9.99464E-05 0.885385 9.99464E-05 0.0180385 9.99464E-05
0.127622 9.99464E-05 0.114966 9.99464E-05 0.626463 9.99464E-05 9.99464E-05 9.99464E-05 9.99464E-05 0.130349
0.132309 0.281786 0.178212 9.99731E-05 9.99731E-05 0.0233959 0.184122 9.99731E-05 0.0318432 0.168032
0.171587 9.99643E-05 0.115004 9.99643E-05 0.288731 0.00675378 0.387839 0.0296855 9.99643E-05 9.99643E-05
9.99643E-05 0.175662 0.0990172 0.21552 9.99643E-05 0.308518 9.99643E-05 0.00792849 9.99643E-05 0.192954
0.038765 0.106383 0.161668 9.99642E-05 9.99642E-05 9.99642E-05 0.0449508 0.252386 9.99642E-05 0.395447
0.0328382 9.99465E-05 0.342137 9.99465E-05 0.344991 0.279435 9.99465E-05 9.99465E-05 9.99465E-05 9.99465E-05
9.99464E-05 9.99464E-05 9.99464E-05 0.253912 0.587434 9.99464E-05 0.0702495 0.0878052 9.99464E-05 9.99464E-05
0.0946067 9.99642E-05 0.138675 9.99642E-05 0.0504865 0.588523 9.99642E-05 0.0175468 9.99642E-05 0.109762
9.99376E-05 0.19666 9.99376E-05 9.99376E-05 0.787321 9.99376E-05 0.0153195 9.99376E-05 9.99376E-05 9.99376E-05
0.220953 9.99553E-05 9.99553E-05 0.321105 0.0769162 0.12409 0.256436 9.99553E-05 9.99553E-05 9.99553E-05
9.99463E-05 9.99463E-05 9.99463E-05 0.0150071 9.99463E-05 9.99463E-05 0.0206544 0.696841 0.266898 9.99463E-05
9.99284E-05 9.99284E-05 9.99284E-05 9.99284E-05 9.99284E-05 0.720986 0.278215 9.99284E-05 9.99284E-05 9.99284E-05
9.99642E-05 0.104848 9.99642E-05 9.99642E-05 0.627097 0.107931 0.0869981 0.0438954 9.99642E-05 0.0288305
9.99465E-05 9.99465E-05 0.00681843 0.164418 9.99465E-05 0.437139 0.391025 9.99465E-05 9.99465E-05 9.99465E-05
0.950478 9.99285E-05 9.99285E-05 9.99285E-05 9.99285E-05 0.0487222 9.99285E-05 9.99285E-05 9.99285E-05 9.99285E-05
9.99465E-05 9.99465E-05 9.99465E-05 0.246246 9.99465E-05 0.17373 9.99465E-05 0.233477 9.99465E-05 0.345947
0.151375 0.0262961 9.99642E-05 0.54328 0.0981791 0.158254 9.99642E-05 9.99642E-05 0.022216 9.99642E-05
0.0182305 0.190814 0.374485 9.99555E-05 0.316669 9.99555E-05 9.99555E-05 9.99555E-05 9.99555E-05 0.0993023
9.99463E-05 0.316587 0.175965 0.0334004 0.473448 9.99463E-05 9.99463E-05 9.99463E-05 9.99463E-05 9.99463E-05
9.99553E-05 0.00260722 0.478536 0.298862 9.99553E-05 9.99553E-05 9.99553E-05 0.112602 9.99553E-05 0.106893
9.99644E-05 9.99644E-05 9.99644E-05 0.740132 0.00703689 9.99644E-05 0.0208373 0.0360597 0.00843104 0.187103
9.99374E-05 9.99374E-05 9.99374E-05 9.99374E-05 0.490875 0.143301 9.99374E-05 9.99374E-05 9.99374E-05 0.365125
9.99642E-05 0.0140452 0.0723332 9.99642E-05 0.202273 0.404848 0.254905 9.99642E-05 9.99642E-05 0.0511953
9.99464E-05 0.153143 9.99464E-05 9.99464E-05 0.206636 0.118436 0.521186 9.99464E-05 9.99464E-05 9.99464E-05
0.538224 0.0632568 9.99553E-05 9.99553E-05 0.0963767 0.0298671 9.99553E-05 9.99553E-05 9.99553E-05 0.271776
0.230285 0.390412 9.99553E-05 0.154094 0.0628814 9.99553E-05 0.161828 9.99553E-05 9.99553E-05 9.99553E-05
0.0275965 9.99644E-05 9.99644E-05 0.290931 0.0590897 9.99644E-05 0.145496 0.354394 9.99644E-05 0.122094
9.99375E-05 9.99375E-05 9.99375E-05 0.206146 9.99375E-05 0.144443 9.99375E-05 9.99375E-05 9.99375E-05 0.648711
0.258613 9.99465E-05 0.167384 9.99465E-05 0.394376 0.179028 9.99465E-05 9.99465E-05 9.99465E-05 9.99465E-05
0.109731 9.99463E-05 9.99463E-05 9.99463E-05 0.151311 9.99463E-05 0.368425 9.99463E-05 9.99463E-05 0.369933
0.122255 0.223037 0.563894 9.99465E-05 0.0902141 9.99465E-05 9.99465E-05 9.99465E-05 9.99465E-05 9.99465E-05
9.99463E-05 0.0971565 9.99463E-05 9.99463E-05 9.99463E-05 0.391494 0.49863 0.0121195 9.99463E-05 9.99463E-05
0.799465 9.99284E-05 9.99284E-05 9.99284E-05 9.99284E-05 9.99284E-05 0.199735 9.99284E-05 9.99284E-05 9.99284E-05
0.296936 9.99552E-05 9.99552E-05 0.12403 9.99552E-05 0.0919813 0.247336 0.239216 9.99552E-05 9.99552E-05
0.802466 9.99374E-05 0.130189 9.99374E-05 0.0666445 9.99374E-05 9.99374E-05 9.99374E-05 9.99374E-05 9.99374E-05
0.327623 9.99464E-05 9.99464E-05 0.204458 0.460352 9.99464E-05 9.99464E-05 9.99464E-05 0.00696812 9.99464E-05
0.226512 9.99376E-05 9.99376E-05 9.99376E-05 9.99376E-05 0.195956 0.576832 9.99376E-05 9.99376E-05 9.99376E-05
9.99373E-05 9.99373E-05 9.99373E-05 0.0486523 0.520581 9.99373E-05 9.99373E-05 9.99373E-05 9.99373E-05 0.430067
9.99286E-05 0.861157 9.99286E-05 0.138044 9.99286E-05 9.99286E-05 9.99286E-05 9.99286E-05 9.99286E-05 9.99286E-05
9.99554E-05 0.0897911 0.319179 0.408277 9.99554E-05 9.99554E-05 0.144428 0.0378246 9.99554E-05 9.99554E-05
9.99465E-05 0.0273707 9.99465E-05 0.168233 0.113338 0.690458 9.99465E-05 9.99465E-05 9.99465E-05 9.99465E-05
0.25175 0.274667 0.242522 9.995E-05 0.0934581 9.995E-05 9.995E-05 9.995E-05 9.995E-05 0.137103
0.217694 0.286009 0.305814 0.0525638 9.99555E-05 0.137419 9.99555E-05 9.99555E-05 9.99555E-05 9.99555E-05
0.484648 9.99465E-05 9.99465E-05 0.115965 0.184607 0.21418 9.99465E-05 9.99465E-05 9.99465E-05 9.99465E-05
0.398893 0.047109 0.362862 9.99554E-05 9.99554E-05 9.99554E-05 0.0505144 9.99554E-05 0.140122 9.99554E-05
9.99555E-05 9.99555E-05 9.99555E-05 0.157429 0.108491 0.182795 0.347383 9.99555E-05 9.99555E-05 0.203402
0.0560085 9.99643E-05 0.006518 9.99643E-05 0.253352 0.0622226 0.357356 9.99643E-05 9.99643E-05 0.264143
0.122276 0.350653 0.066704 9.99643E-05 0.378532 9.99643E-05 9.99643E-05 0.00985846 9.99643E-05 0.0715765
9.99554E-05 9.99554E-05 0.09564 0.0547709 0.143219 9.99554E-05 0.21618 9.99554E-05 9.99554E-05 0.48969
9.99554E-05 0.205623 9.99554E-05 9.99554E-05 0.568505 0.0751636 9.99554E-05 9.99554E-05 0.00580741 0.144401
0.117201 0.274134 0.00886449 0.091243 0.208938 9.99821E-05 0.207024 9.99821E-05 0.0483923 0.0440027
9.99644E-05 0.160277 9.99644E-05 9.99644E-05 0.207642 0.0713627 0.0848448 0.385648 9.99644E-05 0.0898258
0.150475 0.0455574 0.217622 0.0967958 0.2075 9.99642E-05 0.28165 9.99642E-05 9.99642E-05 9.99642E-05
0.155284 9.99554E-05 0.128121 0.267844 9.99554E-05 0.0770567 9.99554E-05 9.99554E-05 9.99554E-05 0.371195
0.171435 0.273625 9.99643E-05 9.99643E-05 9.99643E-05 0.278142 0.159883 0.0889613 0.0275544 9.99643E-05
0.201117 0.0202688 9.99732E-05 9.99732E-05 0.0430669 0.433834 0.0423525 0.257354 9.99732E-05 0.00170621
0.395929 9.99286E-05 9.99286E-05 9.99286E-05 0.603272 9.99286E-05 9.99286E-05 9.99286E-05 9.99286E-05 9.99286E-05
9.99375E-05 0.951544 9.99375E-05 9.99375E-05 9.99375E-05 9.99375E-05 9.99375E-05 0.00923931 9.99375E-05 0.0385167
9.99643E-05 0.0253778 0.233531 0.0892888 0.386566 9.99643E-05 0.0143203 9.99643E-05 9.99643E-05 0.250517
0.286775 9.99642E-05 0.279803 0.0455403 0.350676 9.99642E-05 0.00305448 0.0337518 9.99642E-05 9.99642E-05
9.99373E-05 9.99373E-05 0.426985 0.324513 9.99373E-05 9.99373E-05 0.247802 9.99373E-05 9.99373E-05 9.99373E-05
0.0184101 9.99552E-05 0.510145 0.320972 9.99552E-05 0.131927 0.0180464 9.99552E-05 9.99552E-05 9.99552E-05
0.0132021 0.146139 9.99642E-05 9.99642E-05 0.375353 9.99642E-05 0.148882 0.314267 9.99642E-05 0.00175657
9.99554E-05 0.0417023 0.047781 0.714183 9.99554E-05 9.99554E-05 0.170189 0.0256443 9.99554E-05 9.99554E-05
9.99463E-05 0.532316 9.99463E-05 9.99463E-05 0.214634 9.99463E-05 0.119217 9.99463E-05 9.99463E-05 0.133233
9.99552E-05 0.394318 9.99552E-05 0.260597 0.00679484 0.232116 9.99552E-05 0.105673 9.99552E-05 9.99552E-05
0.0541699 9.99552E-05 9.99552E-05 0.104042 0.141511 0.602886 9.99552E-05 0.0968919 9.99552E-05 9.99552E-05
9.99287E-05 9.99287E-05 0.389587 9.99287E-05 0.609614 9.99287E-05 9.99287E-05 9.99287E-05 9.99287E-05 9.99287E-05
0.129144 9.99377E-05 0.609116 9.99377E-05 0.26104 9.99377E-05 9.99377E-05 9.99377E-05 9.99377E-05 9.99377E-05
0.0432915 0.124154 0.545953 9.99465E-05 0.286002 9.99465E-05 9.99465E-05 9.99465E-05 9.99465E-05 9.99465E-05
9.99464E-05 9.99464E-05 0.43492 0.460123 9.99464E-05 0.0938623 9.99464E-05 0.0104941 9.99464E-05 9.99464E-05
0.0353539 0.035447 9.99551E-05 0.616706 9.99551E-05 0.24005 9.99551E-05 0.0719431 9.99551E-05 9.99551E-05
9.99286E-05 9.99286E-05 0.34428 0.654921 9.99286E-05 9.99286E-05 9.99286E-05 9.99286E-05 9.99286E-05 9.99286E-05
0.0840622 0.089969 0.386623 9.99554E-05 0.304125 0.134721 9.99554E-05 9.99554E-05 9.99554E-05 9.99554E-05
9.99464E-05 9.99464E-05 0.000141856 0.617546 0.340167 9.99464E-05 9.99464E-05 9.99464E-05 0.0415457 9.99464E-05
0.0207837 0.117781 0.000731042 0.431212 0.165873 0.263219 9.99642E-05 9.99642E-05 9.99642E-05 9.99642E-05
9.99289E-05 9.99289E-05 0.427583 9.99289E-05 0.571617 9.99289E-05 9.99289E-05 9.99289E-05 9.99289E-05 9.99289E-05
9.99377E-05 9.99377E-05 9.99377E-05 0.754206 0.122943 9.99377E-05 9.99377E-05 9.99377E-05 9.99377E-05 0.122152
0.118251 0.32979 0.136345 0.213574 0.201539 9.99552E-05 9.99552E-05 9.99552E-05 9.99552E-05 9.99552E-05
9.99554E-05 0.026025 0.159144 0.337461 9.99554E-05 0.088261 9.99554E-05 0.388609 9.99554E-05 9.99554E-05
9.99555E-05 0.126628 0.000536136 9.99555E-05 0.0408714 0.543284 9.99555E-05 0.288181 9.99555E-05 9.99555E-05
0.274246 9.99462E-05 0.122598 0.532701 9.99462E-05 9.99462E-05 9.99462E-05 0.0698553 9.99462E-05 9.99462E-05
9.99377E-05 9.99377E-05 0.14405 0.404397 9.99377E-05 0.450854 9.99377E-05 9.99377E-05 9.99377E-05 9.99377E-05
