9.995E-05 9.995E-05 9.995E-05 9.995E-05 0.9994 9.995E-05 9.995E-05
0.118749 9.99644E-05 0.203079 0.677772 9.99644E-05 9.99644E-05 9.99644E-05
9.99732E-05 9.99732E-05 0.464922 0.272225 9.99732E-05 0.186623 0.0759301
0.544415 0.0326717 0.385831 9.99733E-05 0.0367822 9.99733E-05 9.99733E-05
0.428594 9.99555E-05 0.570906 9.99555E-05 9.99555E-05 9.99555E-05 9.99555E-05
0.264879 0.513769 9.99733E-05 0.0798508 9.99733E-05 0.141202 9.99733E-05
0.642901 0.230111 9.99731E-05 9.99731E-05 9.99731E-05 0.0121615 0.114527
9.997E-05 0.0633624 0.179652 0.546104 9.997E-05 9.997E-05 0.210582
0.401151 9.99731E-05 0.117065 9.99731E-05 9.99731E-05 0.0296765 0.451807
0.453018 0.284287 0.159548 0.0222198 9.99821E-05 9.99821E-05 0.0807267
0.264377 9.99733E-05 0.150648 0.575647 0.00902767 9.99733E-05 9.99733E-05
9.99552E-05 9.99552E-05 0.388123 9.99552E-05 9.99552E-05 9.99552E-05 0.611378
9.997E-05 0.0960584 0.39307 0.342867 9.997E-05 9.997E-05 0.167704
0.0876342 0.344059 9.99644E-05 9.99644E-05 9.99644E-05 9.99644E-05 0.567907
0.110318 9.99734E-05 0.388957 0.00763001 9.99734E-05 0.492795 9.99734E-05
0.9994 9.995E-05 9.995E-05 9.995E-05 9.995E-05 9.995E-05 9.995E-05
0.530614 9.99644E-05 0.152539 0.316447 9.99644E-05 9.99644E-05 9.99644E-05
0.0424882 9.99644E-05 0.735332 9.99644E-05 9.99644E-05 0.22178 9.99644E-05
9.99733E-05 0.235348 0.0248075 0.197298 9.99733E-05 9.99733E-05 0.542246
9.99732E-05 0.353181 0.194705 0.259779 9.99732E-05 0.192035 9.99732E-05
0.142412 0.215051 0.0808801 0.501533 9.99822E-05 9.99822E-05 0.0599235
0.0089942 9.99822E-05 0.177556 0.43828 9.99822E-05 0.0999412 0.275029
0.481058 0.143907 9.99733E-05 9.99733E-05 9.99733E-05 0.171295 0.20344
0.286238 0.156636 0.556726 9.99643E-05 9.99643E-05 9.99643E-05 9.99643E-05
9.99556E-05 9.99556E-05 0.40597 0.59353 9.99556E-05 9.99556E-05 9.99556E-05
0.0440402 0.040672 0.520685 0.250126 9.99911E-05 0.095948 0.0484289
0.0978431 0.901657 9.99554E-05 9.99554E-05 9.99554E-05 9.99554E-05 9.99554E-05
0.0754024 0.164207 9.99732E-05 0.555187 9.99732E-05 0.204904 9.99732E-05
9.99821E-05 0.399116 0.303081 0.218409 9.99821E-05 0.055836 0.0233575
9.997E-05 0.385824 9.997E-05 0.224015 9.997E-05 0.135023 0.254838
9.99642E-05 0.637269 9.99642E-05 0.310394 9.99642E-05 0.0519364 9.99642E-05
0.230002 0.513953 9.99642E-05 0.255646 9.99642E-05 9.99642E-05 9.99642E-05
0.136159 0.785622 9.99643E-05 9.99643E-05 9.99643E-05 0.0778194 9.99643E-05
9.99553E-05 9.99553E-05 0.307229 9.99553E-05 9.99553E-05 0.692271 9.99553E-05
0.0269344 0.0328971 0.210722 9.99821E-05 9.99821E-05 0.547963 0.181284
9.997E-05 0.08803 9.997E-05 0.484679 9.997E-05 0.145542 0.281449
0.127975 0.503737 0.172692 9.99821E-05 0.140941 9.99821E-05 0.0544559
9.99732E-05 0.227841 0.114504 0.568332 9.99732E-05 0.089024 9.99732E-05
9.99553E-05 9.99553E-05 0.133912 9.99553E-05 9.99553E-05 0.865588 9.99553E-05
9.99556E-05 9.99556E-05 9.99556E-05 0.515647 9.99556E-05 0.483853 9.99556E-05
0.205575 0.208081 9.99732E-05 0.554846 9.99732E-05 0.0311982 9.99732E-05
0.2926 0.0591599 9.99733E-05 9.99733E-05 9.99733E-05 0.587222 0.0607182
9.99567E-05 9.99567E-05 9.99567E-05 9.99567E-05 9.99567E-05 0.91132 0.0881801
0.555993 0.301585 9.99642E-05 0.142022 9.99642E-05 9.99642E-05 9.99642E-05
9.99555E-05 0.46963 9.99555E-05 0.52987 9.99555E-05 9.99555E-05 9.99555E-05
0.0898681 9.99643E-05 0.808733 9.99643E-05 9.99643E-05 0.100999 9.99643E-05
0.342427 0.275418 0.381755 9.99642E-05 9.99642E-05 9.99642E-05 9.99642E-05
0.0885966 9.99733E-05 9.99733E-05 0.331579 9.99733E-05 0.442942 0.136582
9.99821E-05 9.99821E-05 0.503806 0.357816 0.069232 0.0680168 0.000928759
0.459907 9.996E-05 0.416731 9.996E-05 9.996E-05 9.996E-05 0.122963
0.182295 9.99644E-05 0.11446 0.702845 9.99644E-05 9.99644E-05 9.99644E-05
9.99556E-05 0.307854 9.99556E-05 0.691647 9.99556E-05 9.99556E-05 9.99556E-05
0.0288549 0.606413 9.99643E-05 0.364332 9.99643E-05 9.99643E-05 9.99643E-05
9.99644E-05 0.355642 0.456235 9.99644E-05 9.99644E-05 0.187723 9.99644E-05
0.145595 9.99732E-05 0.21562 0.118044 0.520441 9.99732E-05 9.99732E-05
9.99734E-05 0.150405 0.192069 9.99734E-05 9.99734E-05 0.323097 0.334129
0.137974 0.127918 0.377053 0.20006 9.998E-05 0.156795 9.998E-05
0.122692 9.99644E-05 0.814173 9.99644E-05 9.99644E-05 9.99644E-05 0.0627353
9.99554E-05 9.99554E-05 9.99554E-05 0.603168 9.99554E-05 9.99554E-05 0.396332
9.99642E-05 9.99642E-05 0.606983 9.99642E-05 9.99642E-05 0.170586 0.222032
0.00741264 0.432327 0.207653 0.299328 9.99822E-05 0.0530792 9.99822E-05
9.99731E-05 0.163763 0.624492 9.99731E-05 9.99731E-05 0.207364 0.0040809
0.399607 9.99732E-05 0.315339 0.127633 9.99732E-05 9.99732E-05 0.157121
0.268127 0.309738 9.99732E-05 0.418884 9.99732E-05 0.00295162 9.99732E-05
0.0905161 9.99821E-05 0.195135 0.562894 0.00416215 0.147093 9.99821E-05
9.99643E-05 9.99643E-05 0.183621 0.799225 9.99643E-05 0.0167546 9.99643E-05
9.995E-05 9.995E-05 9.995E-05 9.995E-05 9.995E-05 9.995E-05 0.9994
9.99732E-05 0.0644868 9.99732E-05 0.73574 9.99732E-05 0.156205 0.0432688
9.99732E-05 9.99732E-05 0.0884816 0.878354 0.0142772 9.99732E-05 0.0185874
0.346457 9.997E-05 9.997E-05 0.441913 9.997E-05 0.180785 0.0305455
9.99822E-05 0.44028 9.99822E-05 0.0224534 0.033637 0.235051 0.268379
0.0206411 9.99734E-05 0.289933 0.595642 9.99734E-05 0.0934841 9.99734E-05
9.997E-05 9.997E-05 0.182551 9.997E-05 0.0281374 0.239346 0.549666
9.998E-05 0.131862 0.0573871 0.390759 9.998E-05 0.11403 0.305762
0.0249729 0.562244 0.0700576 9.998E-05 9.998E-05 0.160626 0.1819
9.99821E-05 0.40209 0.257424 9.99821E-05 0.026664 0.0113712 0.302251
9.998E-05 0.233413 0.17015 0.272533 9.998E-05 0.184172 0.139531
0.325638 9.997E-05 0.155905 0.333569 9.997E-05 0.184587 9.997E-05
0.0419512 9.99732E-05 9.99732E-05 0.249919 0.0710516 9.99732E-05 0.636778
9.997E-05 0.0120042 0.412709 0.0760243 9.997E-05 0.498962 9.997E-05
9.99643E-05 0.16129 9.99643E-05 0.242613 9.99643E-05 0.595697 9.99643E-05
9.996E-05 9.996E-05 0.666183 0.138898 9.996E-05 9.996E-05 0.194519
0.649826 0.03329 9.99643E-05 9.99643E-05 9.99643E-05 0.316484 9.99643E-05
0.0925698 0.0420825 0.1536 0.585641 9.998E-05 0.125907 9.998E-05
0.034329 9.9973E-05 9.9973E-05 0.0502498 0.873961 0.0411602 9.9973E-05
9.99554E-05 9.99554E-05 0.758701 9.99554E-05 9.99554E-05 0.240799 9.99554E-05
9.995E-05 9.995E-05 9.995E-05 9.995E-05 9.995E-05 0.9994 9.995E-05
9.99733E-05 9.99733E-05 0.778959 0.111239 9.99733E-05 0.0902289 0.0192731
9.99643E-05 0.562953 9.99643E-05 0.370521 9.99643E-05 0.0661258 9.99643E-05
9.99734E-05 9.99734E-05 0.174142 0.355524 0.0527193 0.417315 9.99734E-05
0.166425 9.99642E-05 9.99642E-05 0.782767 9.99642E-05 0.0504078 9.99642E-05
9.99555E-05 0.802472 0.197028 9.99555E-05 9.99555E-05 9.99555E-05 9.99555E-05
0.244465 9.99642E-05 0.0107507 9.99642E-05 9.99642E-05 0.744385 9.99642E-05
0.605366 9.997E-05 9.997E-05 0.265687 0.0660124 0.0626347 9.997E-05
0.139167 0.220352 9.997E-05 0.444575 9.997E-05 9.997E-05 0.195606
0.0440703 9.99732E-05 0.0496922 9.99732E-05 9.99732E-05 0.37837 0.527568
0.0862659 9.997E-05 0.345139 0.153002 9.997E-05 0.415293 9.997E-05
9.998E-05 0.204178 0.034664 0.179613 9.998E-05 0.397902 0.183443
9.99821E-05 0.41864 0.00416309 0.0958726 9.99821E-05 0.274994 0.20613
9.99643E-05 0.177175 9.99643E-05 0.459453 9.99643E-05 9.99643E-05 0.362972
9.99734E-05 0.283526 0.0852725 0.53726 0.093642 9.99734E-05 9.99734E-05
9.99822E-05 0.0666345 9.99822E-05 0.312587 0.00839954 0.60152 0.0106593
0.332366 9.99822E-05 0.0170575 0.140943 9.99822E-05 0.489811 0.0196221
9.99643E-05 9.99643E-05 9.99643E-05 0.125099 9.99643E-05 0.196257 0.678244
0.488618 0.103311 9.99733E-05 9.99733E-05 9.99733E-05 0.00954268 0.398228
9.99643E-05 9.99643E-05 0.472802 0.144469 9.99643E-05 0.382329 9.99643E-05
9.99643E-05 9.99643E-05 0.00277816 0.593173 9.99643E-05 9.99643E-05 0.403649
0.000485348 9.9991E-05 0.184156 0.293787 0.105249 0.0442651 0.371957
0.0881191 0.12146 0.29097 0.0347669 9.99821E-05 9.99821E-05 0.464484
0.514134 0.483459 9.99643E-05 9.99643E-05 9.99643E-05 0.00200679 9.99643E-05
9.99555E-05 9.99555E-05 0.902879 0.0966216 9.99555E-05 9.99555E-05 9.99555E-05
0.308773 0.203025 9.996E-05 9.996E-05 9.996E-05 0.487802 9.996E-05
0.708699 0.290801 9.99554E-05 9.99554E-05 9.99554E-05 9.99554E-05 9.99554E-05
0.428823 9.99644E-05 0.159575 0.411202 9.99644E-05 9.99644E-05 9.99644E-05
0.322815 9.99732E-05 0.303283 0.0501764 9.99732E-05 0.323426 9.99732E-05
0.484869 0.307754 0.0659967 9.99732E-05 9.99732E-05 9.99732E-05 0.141081
0.152182 0.31919 0.528229 9.99644E-05 9.99644E-05 9.99644E-05 9.99644E-05
0.0892779 0.235624 0.383575 9.997E-05 9.997E-05 0.291224 9.997E-05
9.99556E-05 0.898273 0.101227 9.99556E-05 9.99556E-05 9.99556E-05 9.99556E-05
9.99733E-05 0.401759 0.109647 0.305508 9.99733E-05 0.182785 9.99733E-05
9.99555E-05 9.99555E-05 9.99555E-05 9.99555E-05 9.99555E-05 0.347478 0.652022
0.318014 0.149567 9.99732E-05 9.99732E-05 9.99732E-05 0.257135 0.274984
0.0221989 9.99822E-05 0.0676437 0.292202 9.99822E-05 0.460916 0.156839
0.0741846 9.996E-05 9.996E-05 9.996E-05 9.996E-05 0.674379 0.251037
0.413379 0.0943629 9.99732E-05 0.0871293 9.99732E-05 9.99732E-05 0.404829
9.99733E-05 0.400711 0.239799 9.99733E-05 0.16452 0.19467 9.99733E-05
0.299303 0.233134 9.99731E-05 9.99731E-05 9.99731E-05 0.102224 0.365039
0.330415 0.1225 0.31963 0.169995 9.998E-05 9.998E-05 0.0572592
0.22644 0.0946782 0.553995 9.99822E-05 0.119804 9.99822E-05 0.00488269
0.173475 9.997E-05 0.0975191 9.997E-05 9.997E-05 0.457584 0.271122
9.997E-05 0.35419 9.997E-05 0.190838 9.997E-05 0.0175902 0.437082
0.660236 9.99644E-05 0.110146 9.99644E-05 9.99644E-05 9.99644E-05 0.229218
0.281265 0.138209 9.99821E-05 0.0404002 0.0320826 9.99821E-05 0.507843
0.0356354 9.99642E-05 9.99642E-05 0.158857 9.99642E-05 0.805108 9.99642E-05
9.99732E-05 9.99732E-05 0.459606 0.412179 0.00665927 9.99732E-05 0.121255
0.0961196 9.99732E-05 0.354101 0.407611 9.99732E-05 0.141869 9.99732E-05
0.431545 9.99643E-05 9.99643E-05 0.251958 9.99643E-05 0.316097 9.99643E-05
0.163869 9.99732E-05 0.00475112 0.697836 9.99732E-05 9.99732E-05 0.133244
0.545865 9.997E-05 9.997E-05 0.0470296 9.997E-05 0.094749 0.312056
0.443527 9.99821E-05 0.00714935 0.363192 0.0100589 0.175874 9.99821E-05
0.105579 0.111345 0.524995 0.000488633 9.99821E-05 0.257394 9.99821E-05
0.377699 0.0945103 9.996E-05 9.996E-05 9.996E-05 0.527391 9.996E-05
0.258837 9.99645E-05 9.99645E-05 9.99645E-05 9.99645E-05 0.0394215 0.701341
0.741546 9.99733E-05 0.0971509 9.99733E-05 9.99733E-05 0.149572 0.011431
9.99644E-05 9.99644E-05 0.393053 0.398066 9.99644E-05 0.208481 9.99644E-05
0.287819 0.0675991 9.99642E-05 0.644182 9.99642E-05 9.99642E-05 9.99642E-05
0.363095 9.99643E-05 0.362322 0.274183 9.99643E-05 9.99643E-05 9.99643E-05
0.293849 9.99643E-05 0.386487 9.99643E-05 9.99643E-05 0.319264 9.99643E-05
0.213535 0.330624 9.99733E-05 0.359763 9.99733E-05 0.0957783 9.99733E-05
0.758121 0.0822017 0.145632 9.99731E-05 9.99731E-05 0.0137455 9.99731E-05
0.137537 0.370086 9.99644E-05 9.99644E-05 9.99644E-05 0.491977 9.99644E-05
9.99555E-05 0.227649 9.99555E-05 0.771851 9.99555E-05 9.99555E-05 9.99555E-05
0.711299 9.996E-05 9.996E-05 0.15921 9.996E-05 9.996E-05 0.129091
0.156268 9.99646E-05 9.99646E-05 0.691754 9.99646E-05 0.151578 9.99646E-05
0.119393 9.99734E-05 0.33197 9.99734E-05 0.0299481 0.518388 9.99734E-05
9.99642E-05 9.99642E-05 9.99642E-05 0.856765 9.99642E-05 0.0320724 0.110762
9.99556E-05 9.99556E-05 0.353555 0.645946 9.99556E-05 9.99556E-05 9.99556E-05
