0.9994 9.995E-05 9.995E-05 9.995E-05 9.995E-05 9.995E-05 9.995E-05
9.99554E-05 0.558078 9.99554E-05 9.99554E-05 9.99554E-05 9.99554E-05 0.441423
0.0347954 0.102149 0.550741 9.99822E-05 9.99822E-05 0.200218 0.111897
0.0308453 9.99911E-05 0.192073 0.0368729 0.295346 0.284436 0.160326
9.99733E-05 0.670934 0.0858505 0.0304979 0.212418 9.99733E-05 9.99733E-05
9.997E-05 9.997E-05 0.13684 9.997E-05 0.382742 0.171304 0.308815
9.995E-05 9.995E-05 9.995E-05 9.995E-05 9.995E-05 0.9994 9.995E-05
9.99732E-05 0.372431 0.320736 9.99732E-05 0.271374 9.99732E-05 0.0351587
9.99732E-05 9.99732E-05 0.108155 9.99732E-05 0.349655 0.520445 0.0214447
9.99821E-05 0.134228 0.183358 9.99821E-05 0.282501 0.317008 0.082705
9.99733E-05 9.99733E-05 0.745393 0.0969464 0.149453 9.99733E-05 0.00790761
0.0279966 0.513754 0.149276 9.99732E-05 9.99732E-05 0.308674 9.99732E-05
9.997E-05 0.146824 0.315106 9.997E-05 0.278174 9.997E-05 0.259596
9.99644E-05 0.476356 9.99644E-05 9.99644E-05 0.370547 0.152697 9.99644E-05
9.99644E-05 0.103405 0.240528 0.655667 9.99644E-05 9.99644E-05 9.99644E-05
9.99554E-05 9.99554E-05 9.99554E-05 0.553522 9.99554E-05 0.445978 9.99554E-05
9.99823E-05 0.388601 9.99823E-05 0.0465193 0.0430709 0.361303 0.160306
9.99643E-05 0.699759 9.99643E-05 0.152293 9.99643E-05 9.99643E-05 0.147548
9.99645E-05 9.99645E-05 9.99645E-05 9.99645E-05 0.615074 0.203514 0.181012
9.99553E-05 9.99553E-05 0.886524 9.99553E-05 9.99553E-05 9.99553E-05 0.112977
9.997E-05 0.10253 0.244664 9.997E-05 0.309721 9.997E-05 0.342786
9.99733E-05 0.0636 0.274782 9.99733E-05 9.99733E-05 0.00432173 0.656996
9.99643E-05 9.99643E-05 9.99643E-05 9.99643E-05 0.154978 0.684355 0.160267
9.99733E-05 0.108555 9.99733E-05 9.99733E-05 0.431092 0.047285 0.412768
9.99556E-05 0.30959 0.68991 9.99556E-05 9.99556E-05 9.99556E-05 9.99556E-05
9.997E-05 0.237247 0.287437 9.997E-05 0.215238 9.997E-05 0.259778
9.996E-05 9.996E-05 0.492943 9.996E-05 0.260722 0.245936 9.996E-05
9.99642E-05 9.99642E-05 0.290959 9.99642E-05 9.99642E-05 0.566207 0.142434
9.99552E-05 0.382933 0.616567 9.99552E-05 9.99552E-05 9.99552E-05 9.99552E-05
9.99645E-05 9.99645E-05 0.180584 9.99645E-05 0.224606 0.59441 9.99645E-05
9.997E-05 0.0980905 0.482056 0.0720708 9.997E-05 0.347483 9.997E-05
9.99733E-05 9.99733E-05 0.129463 9.99733E-05 0.0133904 0.723652 0.133194
9.99644E-05 9.99644E-05 0.0729748 0.105961 9.99644E-05 0.820664 9.99644E-05
9.997E-05 0.335066 0.279322 0.238327 9.997E-05 0.146985 9.997E-05
9.99642E-05 0.249193 9.99642E-05 0.298261 0.452146 9.99642E-05 9.99642E-05
9.99734E-05 0.349108 0.0478931 0.0982184 9.99734E-05 9.99734E-05 0.504481
0.00126608 9.99642E-05 9.99642E-05 0.243154 0.75518 9.99642E-05 9.99642E-05
9.99731E-05 0.170034 0.608406 0.163068 9.99731E-05 0.0581922 9.99731E-05
9.99641E-05 0.150726 9.99641E-05 0.758541 0.090333 9.99641E-05 9.99641E-05
0.0747283 9.99822E-05 0.157612 0.425169 9.99822E-05 0.17143 0.17086
9.99821E-05 0.0324601 0.0938408 9.99821E-05 0.118814 0.522233 0.232452
9.99644E-05 9.99644E-05 9.99644E-05 0.3027 9.99644E-05 0.536487 0.160412
0.0797474 9.99732E-05 9.99732E-05 0.475735 0.00272767 0.44149 9.99732E-05
9.99642E-05 9.99642E-05 0.0183026 9.99642E-05 0.435829 0.545469 9.99642E-05
9.996E-05 9.996E-05 0.801822 9.996E-05 0.119201 0.0785772 9.996E-05
9.99732E-05 0.743767 0.220231 9.99732E-05 0.0107959 9.99732E-05 0.0249066
9.99732E-05 0.112602 9.99732E-05 9.99732E-05 0.250681 0.548085 0.088332
9.99643E-05 9.99643E-05 9.99643E-05 0.251511 9.99643E-05 0.280308 0.467781
0.149554 0.239479 0.0904706 0.275499 9.9991E-05 0.186202 0.0586959
9.99734E-05 0.470234 9.99734E-05 0.0744082 9.99734E-05 0.00536389 0.449694
9.99643E-05 9.99643E-05 9.99643E-05 9.99643E-05 0.126397 0.0148872 0.858316
9.99555E-05 9.99555E-05 0.677732 9.99555E-05 9.99555E-05 9.99555E-05 0.321768
9.99643E-05 9.99643E-05 9.99643E-05 9.99643E-05 0.320814 0.113493 0.565294
9.998E-05 9.998E-05 0.153024 0.242851 0.472135 0.0158293 0.11596
0.666332 0.332261 9.99642E-05 9.99642E-05 9.99642E-05 9.99642E-05 0.0010079
9.99644E-05 9.99644E-05 9.99644E-05 0.319704 0.565015 9.99644E-05 0.114881
9.997E-05 0.280168 0.441421 0.154739 0.123372 9.997E-05 9.997E-05
9.99734E-05 0.814855 0.0663308 0.0411142 9.99734E-05 0.0773997 9.99734E-05
0.0250333 9.99644E-05 0.0322342 9.99644E-05 9.99644E-05 9.99644E-05 0.942333
9.99732E-05 0.864975 9.99732E-05 9.99732E-05 0.0117993 0.0689795 0.0539467
9.99733E-05 0.0223951 0.873996 9.99733E-05 9.99733E-05 0.0313909 0.071918
0.0296258 0.571207 0.0510603 9.99821E-05 9.99821E-05 0.190897 0.15701
9.99822E-05 0.266219 0.0663654 9.99822E-05 0.561369 0.0730884 0.0327582
9.99553E-05 9.99553E-05 0.305707 9.99553E-05 9.99553E-05 0.693793 9.99553E-05
9.99642E-05 9.99642E-05 0.321349 9.99642E-05 9.99642E-05 0.198024 0.480227
9.997E-05 0.100185 0.176697 0.0732988 9.997E-05 9.997E-05 0.649519
9.996E-05 0.540318 9.996E-05 9.996E-05 9.996E-05 0.406272 0.0530106
9.997E-05 0.075325 0.183455 9.997E-05 9.997E-05 0.158177 0.582742
9.998E-05 0.0667844 0.0562536 0.119275 0.0726289 9.998E-05 0.684858
9.99732E-05 0.0619063 9.99732E-05 0.23671 9.99732E-05 0.431159 0.269925
9.99645E-05 9.99645E-05 0.598277 0.084907 9.99645E-05 0.316416 9.99645E-05
9.99733E-05 0.397191 0.0137102 9.99733E-05 0.18526 9.99733E-05 0.403539
0.0343692 0.256367 9.99733E-05 0.263727 0.445237 9.99733E-05 9.99733E-05
9.99643E-05 9.99643E-05 9.99643E-05 0.168974 0.213905 9.99643E-05 0.616721
9.99644E-05 0.216658 0.0848986 9.99644E-05 9.99644E-05 0.698043 9.99644E-05
9.99642E-05 9.99642E-05 9.99642E-05 9.99642E-05 0.686851 0.232249 0.0805001
9.99822E-05 0.208329 0.379302 0.0319422 9.99822E-05 0.0332562 0.346971
9.99643E-05 0.222001 0.479118 0.298481 9.99643E-05 9.99643E-05 9.99643E-05
0.0540577 9.997E-05 9.997E-05 9.997E-05 0.257768 0.391035 0.296839
9.996E-05 0.663414 9.996E-05 0.240818 9.996E-05 0.0953674 9.996E-05
9.996E-05 9.996E-05 0.187047 9.996E-05 9.996E-05 0.54564 0.266914
0.0670844 0.608935 0.173888 0.0559184 9.99821E-05 9.99821E-05 0.0939749
9.996E-05 9.996E-05 9.996E-05 0.255827 9.996E-05 0.663776 0.0799968
9.99732E-05 0.160817 0.428172 9.99732E-05 9.99732E-05 0.0274944 0.383217
0.858231 9.9964E-05 0.0677717 9.9964E-05 9.9964E-05 0.0735972 9.9964E-05
9.99555E-05 0.501732 0.497769 9.99555E-05 9.99555E-05 9.99555E-05 9.99555E-05
9.99642E-05 0.0133442 9.99642E-05 0.627086 9.99642E-05 0.35917 9.99642E-05
9.99734E-05 0.0244579 0.176277 9.99734E-05 0.00792813 9.99734E-05 0.791037
9.99643E-05 9.99643E-05 0.496556 0.0151233 0.487921 9.99643E-05 9.99643E-05
9.99732E-05 9.99732E-05 0.193293 0.678743 0.11307 9.99732E-05 0.0145932
0.03329 9.99731E-05 0.435761 9.99731E-05 9.99731E-05 0.103899 0.42675
9.99643E-05 0.0317785 9.99643E-05 9.99643E-05 0.7692 0.198622 9.99643E-05
9.99642E-05 9.99642E-05 9.99642E-05 0.310767 9.99642E-05 0.576869 0.111964
0.0287256 9.99822E-05 9.99822E-05 0.0695598 0.230573 0.371089 0.299852
0.0652061 9.997E-05 0.0459653 9.997E-05 9.997E-05 0.388866 0.499663
9.99643E-05 9.99643E-05 0.0531374 9.99643E-05 0.0519092 0.894553 9.99643E-05
9.99644E-05 0.182077 0.38913 9.99644E-05 9.99644E-05 0.428393 9.99644E-05
9.99643E-05 9.99643E-05 9.99643E-05 9.99643E-05 0.181202 0.672444 0.145955
9.996E-05 9.996E-05 0.356354 9.996E-05 0.391153 0.252093 9.996E-05
9.99642E-05 9.99642E-05 9.99642E-05 9.99642E-05 0.236735 0.323984 0.438881
0.137415 0.0833492 0.161548 0.0340165 9.99911E-05 0.153342 0.43023
9.99644E-05 9.99644E-05 0.662632 0.209429 9.99644E-05 0.127539 9.99644E-05
9.998E-05 0.208103 0.112673 0.323755 0.106983 0.248285 9.998E-05
9.99733E-05 9.99733E-05 9.99733E-05 0.0939172 0.0200187 0.445829 0.439936
9.99644E-05 9.99644E-05 9.99644E-05 0.2106 0.331236 0.457765 9.99644E-05
9.998E-05 0.0787704 0.166144 0.290123 0.154332 9.998E-05 0.31043
9.99553E-05 0.601493 9.99553E-05 9.99553E-05 9.99553E-05 9.99553E-05 0.398007
0.0414365 0.252743 9.99821E-05 0.0191418 9.99821E-05 0.104463 0.582015
0.00603793 0.56284 0.236223 9.99732E-05 9.99732E-05 0.194599 9.99732E-05
9.99555E-05 0.165161 9.99555E-05 9.99555E-05 9.99555E-05 0.834339 9.99555E-05
9.99732E-05 0.227399 0.347723 9.99732E-05 0.296724 9.99732E-05 0.127854
9.99643E-05 9.99643E-05 0.176007 0.077071 9.99643E-05 0.746522 9.99643E-05
9.99643E-05 9.99643E-05 0.256748 9.99643E-05 0.159834 0.583018 9.99643E-05
9.99733E-05 0.264431 9.99733E-05 9.99733E-05 0.151733 0.179746 0.40379
9.99821E-05 0.0665715 0.120627 0.396956 9.99821E-05 0.386552 0.0290938
9.997E-05 0.0731124 0.135717 9.997E-05 0.345328 0.445543 9.997E-05
0.0144792 0.0155583 9.998E-05 0.00648315 0.901732 0.061547 9.998E-05
9.99733E-05 0.265523 0.486978 0.125786 9.99733E-05 0.121412 9.99733E-05
9.995E-05 9.995E-05 9.995E-05 9.995E-05 0.9994 9.995E-05 9.995E-05
9.99644E-05 9.99644E-05 9.99644E-05 0.259622 0.392166 9.99644E-05 0.347812
9.99822E-05 0.0571838 9.99822E-05 0.012813 0.0979017 0.579704 0.252198
9.99733E-05 9.99733E-05 0.0113874 0.0994478 0.0238106 0.865054 9.99733E-05
9.99644E-05 9.99644E-05 9.99644E-05 0.140955 9.99644E-05 0.13812 0.720525
9.99643E-05 9.99643E-05 9.99643E-05 0.160434 9.99643E-05 0.621705 0.217461
9.99644E-05 0.105361 9.99644E-05 9.99644E-05 9.99644E-05 0.671345 0.222894
0.198415 9.99822E-05 0.0799847 0.333528 0.140025 9.99822E-05 0.247848
9.99732E-05 0.00531772 9.99732E-05 9.99732E-05 0.0888449 0.55881 0.346727
0.0506237 0.396484 0.0632974 9.99821E-05 0.203039 0.286356 9.99821E-05
0.061092 0.441286 0.20175 9.99733E-05 0.295572 9.99733E-05 9.99733E-05
9.99643E-05 0.235035 9.99643E-05 0.443814 9.99643E-05 0.320751 9.99643E-05
9.99643E-05 0.354972 9.99643E-05 9.99643E-05 0.073556 0.571072 9.99643E-05
9.99644E-05 9.99644E-05 9.99644E-05 0.160974 0.166532 0.672095 9.99644E-05
0.0540184 9.99733E-05 9.99733E-05 9.99733E-05 0.0296296 0.665048 0.251004
9.99732E-05 0.185572 9.99732E-05 0.417988 9.99732E-05 0.0827536 0.313387
9.99553E-05 0.669509 9.99553E-05 9.99553E-05 9.99553E-05 9.99553E-05 0.329991
9.99821E-05 0.273888 0.14696 0.0056974 0.319123 9.99821E-05 0.254131
0.0402007 9.99733E-05 9.99733E-05 0.021543 9.99733E-05 0.760742 0.177215
9.99644E-05 9.99644E-05 0.0423654 9.99644E-05 9.99644E-05 0.229616 0.727619
9.99643E-05 9.99643E-05 9.99643E-05 9.99643E-05 0.181985 0.787938 0.0296772
9.99732E-05 9.99732E-05 0.243734 0.123324 9.99732E-05 0.330813 0.301829
0.0406218 0.173768 0.572103 0.00332216 9.99821E-05 0.209985 9.99821E-05
9.99645E-05 0.0725226 9.99645E-05 0.14905 9.99645E-05 0.778028 9.99645E-05
9.99557E-05 0.660616 9.99557E-05 9.99557E-05 9.99557E-05 0.338884 9.99557E-05
9.99644E-05 0.429869 9.99644E-05 0.113459 9.99644E-05 0.456271 9.99644E-05
9.99732E-05 0.222011 9.99732E-05 0.323667 0.122537 9.99732E-05 0.331485
9.99642E-05 0.0984281 0.764969 9.99642E-05 9.99642E-05 0.136203 9.99642E-05
9.997E-05 0.485196 0.0553152 9.997E-05 9.997E-05 0.128249 0.33094
9.99733E-05 0.346203 0.0748152 0.26174 9.99733E-05 0.316942 9.99733E-05
9.99733E-05 0.0972242 0.264042 9.99733E-05 9.99733E-05 0.612272 0.0261621
9.99732E-05 0.0828921 0.0483915 9.99732E-05 0.0998488 0.768568 9.99732E-05
9.996E-05 9.996E-05 9.996E-05 0.406867 0.301038 0.291695 9.996E-05
9.995E-05 9.995E-05 0.783402 9.995E-05 9.995E-05 0.216098 9.995E-05
9.99553E-05 0.278925 9.99553E-05 9.99553E-05 9.99553E-05 0.720575 9.99553E-05
9.99644E-05 9.99644E-05 0.0743834 0.684441 9.99644E-05 9.99644E-05 0.240776
9.99556E-05 0.128268 9.99556E-05 0.871232 9.99556E-05 9.99556E-05 9.99556E-05
9.99642E-05 0.119083 0.321507 9.99642E-05 9.99642E-05 9.99642E-05 0.55901
9.99733E-05 9.99733E-05 0.461863 0.406219 0.0876636 9.99733E-05 0.0439551
