9.996E-05 9.996E-05 9.996E-05 9.996E-05 9.996E-05 0.9995
9.99732E-05 0.82041 9.99732E-05 0.175163 0.00412709 9.99732E-05
9.99733E-05 0.29713 9.99733E-05 0.674937 9.99733E-05 0.0276322
9.999E-05 0.269875 0.25895 0.265385 0.145098 0.0605927
9.99733E-05 0.698157 0.217839 9.99733E-05 0.0837044 9.99733E-05
9.99643E-05 9.99643E-05 0.615474 9.99643E-05 0.384126 9.99643E-05
9.99732E-05 9.99732E-05 0.281978 0.203521 0.514201 9.99732E-05
0.0700856 0.301129 0.265582 0.363003 9.99822E-05 9.99822E-05
0.349772 9.99821E-05 0.263834 0.181218 0.204976 9.99821E-05
0.0694258 0.352252 0.549365 0.0287574 9.99822E-05 9.99822E-05
9.99734E-05 0.225426 0.284914 0.489359 9.99734E-05 9.99734E-05
0.624057 0.172202 0.197653 9.99821E-05 9.99821E-05 0.00588883
0.116984 0.290425 0.199647 0.353087 9.99911E-05 0.0397566
0.305634 0.241097 0.452969 9.99733E-05 9.99733E-05 9.99733E-05
9.99734E-05 0.163523 9.99734E-05 0.23225 0.603927 9.99734E-05
9.99645E-05 9.99645E-05 9.99645E-05 0.0441421 0.955458 9.99645E-05
0.117898 0.630071 0.0782244 9.99822E-05 0.173607 9.99822E-05
0.00469639 0.662549 9.99822E-05 0.0386066 0.293948 9.99822E-05
0.657287 9.99644E-05 0.342314 9.99644E-05 9.99644E-05 9.99644E-05
9.99732E-05 0.211099 0.159651 0.62895 9.99732E-05 9.99732E-05
9.99821E-05 0.179935 0.505508 0.254953 0.0594041 9.99821E-05
0.327419 0.370185 0.0614104 0.240786 9.99822E-05 9.99822E-05
0.013348 9.99732E-05 0.243868 9.99732E-05 0.742484 9.99732E-05
9.99733E-05 0.551241 0.381093 9.99733E-05 0.0673659 9.99733E-05
9.99645E-05 0.878804 9.99645E-05 0.120797 9.99645E-05 9.99645E-05
9.99733E-05 0.562706 0.0677987 0.369195 9.99733E-05 9.99733E-05
9.99733E-05 9.99733E-05 0.552588 0.34985 0.0972615 9.99733E-05
0.144935 9.99643E-05 9.99643E-05 0.854665 9.99643E-05 9.99643E-05
0.287033 0.369961 0.05436 0.288446 9.99821E-05 9.99821E-05
0.157563 9.99734E-05 0.168316 0.673821 9.99734E-05 9.99734E-05
9.99643E-05 9.99643E-05 0.00406635 0.995534 9.99643E-05 9.99643E-05
9.99643E-05 9.99643E-05 0.11476 0.88484 9.99643E-05 9.99643E-05
0.0656927 9.99822E-05 0.0579524 0.73898 0.137174 9.99822E-05
0.0363153 0.227417 0.25258 9.99822E-05 0.483487 9.99822E-05
0.139183 0.363859 0.24211 9.99821E-05 0.254648 9.99821E-05
0.326671 0.38391 9.99823E-05 0.195752 0.0934667 9.99823E-05
0.0547892 0.0712075 0.840892 9.99822E-05 9.99822E-05 0.0329113
9.99642E-05 9.99642E-05 0.00238803 0.997212 9.99642E-05 9.99642E-05
9.99643E-05 0.207045 9.99643E-05 9.99643E-05 0.792555 9.99643E-05
0.0758993 9.99822E-05 9.99822E-05 0.524955 0.37127 0.0276759
9.99732E-05 0.0589878 0.022947 0.917765 9.99732E-05 9.99732E-05
0.113403 9.99822E-05 0.0942674 0.000945814 0.791183 9.99822E-05
0.337788 9.99821E-05 0.0411109 9.99821E-05 0.604048 0.0168523
9.99732E-05 9.99732E-05 0.432677 0.472265 0.0947583 9.99732E-05
9.99644E-05 9.99644E-05 0.460334 0.539266 9.99644E-05 9.99644E-05
0.143316 0.773109 0.0313348 9.99822E-05 0.0520409 9.99822E-05
0.0929045 0.334189 0.0281651 0.474585 0.0637946 0.00636206
0.373791 0.0122923 9.99822E-05 0.1339 0.479817 9.99822E-05
0.0385379 0.212286 9.99911E-05 0.532448 0.170175 0.046453
9.99645E-05 0.641648 9.99645E-05 9.99645E-05 0.357952 9.99645E-05
0.00836326 0.573571 9.99732E-05 0.417766 9.99732E-05 9.99732E-05
9.99646E-05 0.238954 9.99646E-05 0.760646 9.99646E-05 9.99646E-05
9.99733E-05 0.058217 0.497967 0.443517 9.99733E-05 9.99733E-05
0.286407 9.99822E-05 0.50228 0.163161 0.0479525 9.99822E-05
9.99821E-05 0.0581203 9.99821E-05 0.132408 0.145216 0.664056
0.656047 0.033321 0.310332 9.99734E-05 9.99734E-05 9.99734E-05
9.99643E-05 0.516061 9.99643E-05 0.483539 9.99643E-05 9.99643E-05
0.149242 0.771514 0.0789439 9.99733E-05 9.99733E-05 9.99733E-05
0.322851 0.365758 9.99822E-05 0.268228 9.99822E-05 0.042963
0.234471 0.765129 9.99642E-05 9.99642E-05 9.99642E-05 9.99642E-05
9.99733E-05 0.307912 0.0720117 0.619776 9.99733E-05 9.99733E-05
0.0881957 0.420708 9.99821E-05 0.376034 0.114862 9.99821E-05
0.0062148 0.569366 0.339245 9.99822E-05 0.0849748 9.99822E-05
0.007737 9.99821E-05 0.135572 0.84199 0.0145004 9.99821E-05
9.99731E-05 0.364897 9.99731E-05 0.564991 0.0698116 9.99731E-05
9.99732E-05 0.510179 9.99732E-05 0.424489 9.99732E-05 0.0650316
0.9995 9.996E-05 9.996E-05 9.996E-05 9.996E-05 9.996E-05
0.323376 0.182372 9.99732E-05 0.493952 9.99732E-05 9.99732E-05
0.101554 0.57309 9.99732E-05 0.325057 9.99732E-05 9.99732E-05
9.99733E-05 0.157044 9.99733E-05 0.35674 0.485915 9.99733E-05
0.342334 9.99911E-05 0.180778 0.426202 0.0417595 0.0088258
9.99822E-05 0.53443 0.316294 0.0966476 0.0524288 9.99822E-05
0.519287 0.0279034 0.30896 9.99911E-05 0.0499169 0.0938327
0.261951 0.228981 0.114404 0.394464 9.99822E-05 9.99822E-05
0.284716 9.99822E-05 0.0948197 0.381199 0.239065 9.99822E-05
0.32293 9.99732E-05 0.663466 9.99732E-05 9.99732E-05 0.0133038
0.19233 0.377577 9.99822E-05 0.250696 0.179197 9.99822E-05
9.99733E-05 0.391207 9.99733E-05 0.319951 0.288543 9.99733E-05
0.752259 9.99911E-05 0.146572 0.0430309 0.0186655 0.0393724
9.99734E-05 0.32216 9.99734E-05 0.211068 0.466472 9.99734E-05
0.0232341 9.99733E-05 9.99733E-05 0.460536 0.51593 9.99733E-05
0.0895259 0.573611 9.99732E-05 0.336563 9.99732E-05 9.99732E-05
9.99644E-05 9.99644E-05 9.99644E-05 0.117464 0.882136 9.99644E-05
0.036566 0.184397 9.99733E-05 0.778737 9.99733E-05 9.99733E-05
9.9973E-05 0.0569105 9.9973E-05 0.0340361 9.9973E-05 0.908753
9.99822E-05 0.716604 0.188567 0.0429395 0.0516895 9.99822E-05
0.215114 9.99643E-05 9.99643E-05 9.99643E-05 0.784487 9.99643E-05
0.270443 0.66674 9.99733E-05 0.0625177 9.99733E-05 9.99733E-05
9.99732E-05 9.99732E-05 0.702429 0.135781 0.16149 9.99732E-05
0.129319 0.150876 0.165023 0.273728 0.101298 0.179756
9.99643E-05 9.99643E-05 9.99643E-05 0.882308 0.117292 9.99643E-05
9.996E-05 9.996E-05 0.9995 9.996E-05 9.996E-05 9.996E-05
9.99821E-05 0.00294354 0.0372377 0.119923 0.839696 9.99821E-05
9.99911E-05 0.215386 0.168341 0.139267 0.398398 0.078508
0.340971 9.99733E-05 9.99733E-05 0.554468 9.99733E-05 0.104261
0.624534 9.99732E-05 9.99732E-05 0.215188 0.159978 9.99732E-05
0.130215 0.210386 9.99733E-05 0.6591 9.99733E-05 9.99733E-05
0.215263 9.99821E-05 0.259058 0.117957 0.407522 9.99821E-05
0.2205 9.99732E-05 0.557202 0.221998 9.99732E-05 9.99732E-05
0.0951361 9.99822E-05 0.36189 0.30412 0.238654 9.99822E-05
9.99733E-05 0.180911 9.99733E-05 0.49664 9.99733E-05 0.322149
0.532648 9.99822E-05 0.0293945 0.380822 9.99822E-05 0.056936
9.99822E-05 0.0917586 0.146373 0.318003 0.443666 9.99822E-05
0.951714 9.99643E-05 9.99643E-05 0.0478863 9.99643E-05 9.99643E-05
0.185002 0.0140054 0.404406 9.99822E-05 0.396388 9.99822E-05
0.121781 0.519307 0.100876 0.25031 0.00762573 9.99911E-05
0.385134 0.371087 0.131177 0.112402 9.99822E-05 9.99822E-05
0.404529 0.13941 9.9991E-05 0.215444 0.0942491 0.146268
0.435894 0.380725 0.106786 0.0215212 9.9991E-05 0.0549728
9.99733E-05 9.99733E-05 0.278845 0.351337 0.369518 9.99733E-05
9.99643E-05 0.59934 0.400261 9.99643E-05 9.99643E-05 9.99643E-05
0.141782 9.99821E-05 0.139271 0.244195 0.474552 9.99821E-05
9.99732E-05 9.99732E-05 0.431915 0.270183 0.297602 9.99732E-05
0.0312681 0.56727 0.117726 0.217188 0.0664487 9.99911E-05
9.99732E-05 0.116695 9.99732E-05 0.342409 0.540596 9.99732E-05
0.264903 0.0595725 0.59019 0.0143142 0.0709206 9.99911E-05
9.99822E-05 0.1273 0.657602 9.99822E-05 0.147061 0.0678379
9.99822E-05 0.358522 0.0607763 0.187219 0.393283 9.99822E-05
9.996E-05 9.996E-05 0.9995 9.996E-05 9.996E-05 9.996E-05
9.99822E-05 0.315862 0.230167 0.272138 0.181634 9.99822E-05
0.968748 9.99643E-05 9.99643E-05 9.99643E-05 0.0308518 9.99643E-05
0.106246 9.99732E-05 0.303996 9.99732E-05 0.589458 9.99732E-05
0.532062 0.376887 9.99733E-05 9.99733E-05 0.0907515 9.99733E-05
0.607187 9.99732E-05 0.0197208 9.99732E-05 0.372792 9.99732E-05
0.335925 9.99822E-05 0.0421675 0.396179 0.225528 9.99822E-05
9.99821E-05 9.99821E-05 0.245263 0.046958 0.403603 0.303976
0.273227 9.99732E-05 0.276551 9.99732E-05 0.449922 9.99732E-05
0.100254 0.299081 0.311442 0.275752 9.99911E-05 0.0133712
9.99822E-05 0.233402 0.462201 0.262757 9.99822E-05 0.0414404
0.372228 0.0292265 9.99733E-05 9.99733E-05 0.598245 9.99733E-05
0.432528 9.99733E-05 0.14405 0.423122 9.99733E-05 9.99733E-05
0.0801772 9.99822E-05 0.336503 0.00991033 0.573209 9.99822E-05
0.562154 9.99821E-05 0.148221 0.270841 9.99821E-05 0.0185838
0.0182608 0.149131 9.99821E-05 0.0967746 0.735633 9.99821E-05
9.99642E-05 0.775935 9.99642E-05 0.223665 9.99642E-05 9.99642E-05
9.99911E-05 0.726444 0.0891337 0.133527 0.0373935 0.013402
0.198754 9.99821E-05 9.99821E-05 0.309454 0.453786 0.0378055
0.025277 0.30213 9.99733E-05 0.672293 9.99733E-05 9.99733E-05
0.220306 9.99731E-05 0.420023 9.99731E-05 0.359371 9.99731E-05
0.0743145 0.0633962 9.99822E-05 0.523173 0.338916 9.99822E-05
9.99821E-05 0.0871423 0.179121 0.369402 0.364136 9.99821E-05
9.99822E-05 0.0725428 0.0451989 0.0904069 0.791651 9.99822E-05
0.596286 0.245638 9.99733E-05 9.99733E-05 0.157776 9.99733E-05
9.99643E-05 0.374746 9.99643E-05 9.99643E-05 0.624854 9.99643E-05
0.0591359 0.570592 0.0528184 0.113829 0.155249 0.048376
9.99643E-05 0.0917249 9.99643E-05 0.907875 9.99643E-05 9.99643E-05
9.99643E-05 0.57638 9.99643E-05 0.42322 9.99643E-05 9.99643E-05
9.99733E-05 0.407754 0.00149803 9.99733E-05 0.590448 9.99733E-05
9.99733E-05 9.99733E-05 9.99733E-05 0.801315 0.194216 0.00416859
0.144161 9.99821E-05 0.236367 0.41979 0.199482 9.99821E-05
9.99644E-05 9.99644E-05 0.48781 9.99644E-05 0.51179 9.99644E-05
9.996E-05 9.996E-05 9.996E-05 0.9995 9.996E-05 9.996E-05
0.229933 0.0485605 0.0877145 0.328019 0.305673 9.99911E-05
9.99734E-05 0.443335 9.99734E-05 0.342675 0.21369 9.99734E-05
9.99733E-05 0.353574 9.99733E-05 9.99733E-05 0.474936 0.17119
0.108048 0.278182 9.99732E-05 0.61347 9.99732E-05 9.99732E-05
9.99734E-05 0.630301 0.00462618 0.364773 9.99734E-05 9.99734E-05
