9.996E-05 9.996E-05 9.996E-05 9.996E-05 0.9995 9.996E-05
9.996E-05 0.618116 9.996E-05 9.996E-05 9.996E-05 0.381484
0.00377092 0.204628 0.180405 0.122647 0.00812996 0.480419
0.307101 9.99822E-05 9.99822E-05 0.0643837 0.0331028 0.595212
0.0418455 9.99733E-05 0.00376662 9.99733E-05 9.99733E-05 0.954088
0.406037 0.346479 0.1225 0.124784 9.99822E-05 9.99822E-05
0.411725 0.179097 9.99732E-05 0.408878 9.99732E-05 9.99732E-05
9.99733E-05 0.568097 0.355362 9.99733E-05 9.99733E-05 0.0762405
0.087307 9.99731E-05 0.520784 0.391609 9.99731E-05 9.99731E-05
9.998E-05 0.221847 0.153118 0.514635 9.998E-05 0.1102
9.99733E-05 0.236702 9.99733E-05 0.468471 9.99733E-05 0.294527
9.99642E-05 9.99642E-05 0.962386 9.99642E-05 0.0372138 9.99642E-05
0.185913 0.517014 0.0880623 9.99911E-05 0.000643352 0.208267
0.0754631 9.99733E-05 0.898302 9.99733E-05 9.99733E-05 0.0259345
0.104227 9.99734E-05 9.99734E-05 0.446664 9.99734E-05 0.448809
9.996E-05 9.996E-05 0.0444935 0.955107 9.996E-05 9.996E-05
0.384331 0.236615 9.99733E-05 9.99733E-05 9.99733E-05 0.378754
9.996E-05 9.996E-05 9.996E-05 9.996E-05 9.996E-05 0.9995
0.19521 9.99822E-05 0.486111 0.196995 9.99822E-05 0.121483
0.260642 0.550385 9.99821E-05 0.11599 9.99821E-05 0.0727841
0.0411 0.768481 9.99822E-05 0.0907076 9.99822E-05 0.0995113
0.0350723 0.786795 0.0460626 0.0644004 9.999E-05 0.0675697
0.36976 9.99733E-05 0.274051 0.355889 9.99733E-05 9.99733E-05
0.0472863 0.376331 0.427291 9.99911E-05 0.00574175 0.14325
9.99645E-05 0.466872 9.99645E-05 9.99645E-05 9.99645E-05 0.532728
9.996E-05 0.527093 9.996E-05 9.996E-05 9.996E-05 0.472507
0.844829 9.99643E-05 0.154771 9.99643E-05 9.99643E-05 9.99643E-05
0.294096 0.014214 9.99732E-05 0.69139 9.99732E-05 9.99732E-05
0.380932 0.17596 9.998E-05 9.998E-05 0.00564596 0.437263
0.330336 9.998E-05 0.105215 0.25625 9.998E-05 0.307999
0.752797 0.107108 9.99731E-05 9.99731E-05 9.99731E-05 0.139795
0.829501 0.170099 9.99643E-05 9.99643E-05 9.99643E-05 9.99643E-05
0.98209 9.99643E-05 9.99643E-05 0.0175104 9.99643E-05 9.99643E-05
0.415396 9.99732E-05 0.246686 9.99732E-05 9.99732E-05 0.337618
0.14726 9.99732E-05 0.147295 9.99732E-05 9.99732E-05 0.705145
0.209532 0.790068 9.99645E-05 9.99645E-05 9.99645E-05 9.99645E-05
0.494443 0.27959 0.161748 9.998E-05 0.0640194 9.998E-05
0.69971 0.0990682 9.997E-05 9.997E-05 9.997E-05 0.200922
9.99643E-05 9.99643E-05 9.99643E-05 0.514947 9.99643E-05 0.484653
9.998E-05 0.1494 9.998E-05 0.532597 0.0232842 0.294519
0.32637 0.0350136 9.998E-05 0.328643 9.998E-05 0.309773
0.14741 0.0402386 9.99822E-05 0.807455 0.00469679 9.99822E-05
0.348953 9.99643E-05 9.99643E-05 0.650647 9.99643E-05 9.99643E-05
0.704548 9.997E-05 0.116811 0.178341 9.997E-05 9.997E-05
0.0278379 0.671616 9.997E-05 0.300246 9.997E-05 9.997E-05
9.99643E-05 0.288731 9.99643E-05 9.99643E-05 9.99643E-05 0.710869
0.209709 9.998E-05 0.305356 0.131996 9.998E-05 0.352739
0.00529655 0.498294 9.99733E-05 0.49611 9.99733E-05 9.99733E-05
9.998E-05 0.225457 9.998E-05 0.327273 0.0339198 0.41315
0.0330509 9.99734E-05 0.91369 9.99734E-05 9.99734E-05 0.0529594
9.99732E-05 0.761925 0.0223163 0.215459 9.99732E-05 9.99732E-05
9.998E-05 0.503552 9.998E-05 0.334999 0.0220672 0.139182
0.60363 0.39597 9.99643E-05 9.99643E-05 9.99643E-05 9.99643E-05
0.210245 0.0489796 0.399517 0.341058 9.998E-05 9.998E-05
9.99732E-05 0.474699 9.99732E-05 9.99732E-05 0.496888 0.028113
9.997E-05 9.997E-05 0.201492 0.384123 9.997E-05 0.414086
9.997E-05 0.0404932 9.997E-05 0.239266 9.997E-05 0.719941
9.997E-05 0.208359 0.198755 9.997E-05 9.997E-05 0.592586
9.996E-05 0.9995 9.996E-05 9.996E-05 9.996E-05 9.996E-05
9.997E-05 0.0229582 0.237843 9.997E-05 9.997E-05 0.738899
0.234957 0.0230649 9.998E-05 0.0672463 9.998E-05 0.674532
0.139631 0.209756 0.000702659 9.99911E-05 0.0145106 0.6353
0.190324 0.0915361 0.345882 9.998E-05 9.998E-05 0.372058
0.484892 0.043546 9.99732E-05 0.471262 9.99732E-05 9.99732E-05
9.997E-05 0.289139 9.997E-05 0.340098 9.997E-05 0.370463
9.997E-05 0.740107 9.997E-05 0.0953343 9.997E-05 0.164259
9.996E-05 9.996E-05 0.9995 9.996E-05 9.996E-05 9.996E-05
0.300024 0.524509 9.997E-05 9.997E-05 9.997E-05 0.175167
9.996E-05 0.743865 9.996E-05 9.996E-05 9.996E-05 0.255735
9.99733E-05 9.99733E-05 0.034609 0.804687 9.99733E-05 0.160404
0.12081 9.99822E-05 0.225669 0.561815 0.091506 9.99822E-05
0.160032 0.836413 9.99733E-05 9.99733E-05 9.99733E-05 0.00325497
9.99732E-05 9.99732E-05 0.891966 9.99732E-05 0.101069 0.00666555
0.1426 0.594953 0.189651 9.998E-05 9.998E-05 0.0725958
0.664021 9.997E-05 0.127237 9.997E-05 9.997E-05 0.208442
0.274724 0.193314 0.475488 9.99821E-05 0.0562746 9.99821E-05
0.0825262 0.390226 0.0538268 9.99822E-05 9.99822E-05 0.473221
9.997E-05 0.113932 9.997E-05 0.531704 9.997E-05 0.354063
9.998E-05 0.323688 0.546474 0.113883 0.0157546 9.998E-05
0.254333 9.996E-05 9.996E-05 9.996E-05 9.996E-05 0.745267
0.305657 0.238464 9.99732E-05 0.45558 9.99732E-05 9.99732E-05
9.99642E-05 9.99642E-05 0.612998 9.99642E-05 9.99642E-05 0.386602
0.527669 9.99643E-05 9.99643E-05 0.471931 9.99643E-05 9.99643E-05
0.422244 0.374921 9.998E-05 0.0444287 9.998E-05 0.158206
9.9973E-05 0.200906 9.9973E-05 0.0687959 0.729998 9.9973E-05
0.147307 9.99644E-05 9.99644E-05 9.99644E-05 9.99644E-05 0.852293
0.460754 9.99822E-05 0.042434 0.427432 9.99822E-05 0.0691798
9.998E-05 0.14769 0.100306 0.0614266 9.998E-05 0.690377
0.607926 0.371548 0.0202265 9.997E-05 9.997E-05 9.997E-05
9.99822E-05 0.123636 0.000219251 0.678236 9.99822E-05 0.197709
0.0402937 0.620166 0.128804 0.197099 0.0135372 9.999E-05
0.755674 9.99645E-05 9.99645E-05 9.99645E-05 9.99645E-05 0.243927
0.307176 9.997E-05 9.997E-05 0.534228 9.997E-05 0.158296
9.99733E-05 0.354074 0.0273699 0.618256 9.99733E-05 9.99733E-05
9.99644E-05 0.497613 9.99644E-05 0.501988 9.99644E-05 9.99644E-05
0.0359373 9.998E-05 0.314635 0.632419 9.998E-05 0.0168085
9.99732E-05 9.99732E-05 0.0512463 0.379385 9.99732E-05 0.569069
0.326129 0.0136294 0.123883 0.418176 9.99911E-05 0.118083
0.521459 0.103144 0.0749499 0.184976 9.999E-05 0.11537
0.414053 0.367198 0.140455 0.0780938 9.998E-05 9.998E-05
9.999E-05 0.436689 0.223841 0.173283 0.0751578 0.0909296
9.99734E-05 0.0612066 9.99734E-05 0.874727 9.99734E-05 0.0637669
0.757814 9.997E-05 9.997E-05 0.0343668 9.997E-05 0.20752
9.99732E-05 0.353062 0.179152 0.467487 9.99732E-05 9.99732E-05
0.0243977 9.99732E-05 0.724976 0.250327 9.99732E-05 9.99732E-05
9.99821E-05 0.416765 0.223416 0.0618831 9.99821E-05 0.297736
0.0837101 0.711243 0.204747 9.99732E-05 9.99732E-05 9.99732E-05
9.998E-05 0.508242 0.109422 0.341378 9.998E-05 0.0407574
0.245694 0.0916931 0.662313 9.99731E-05 9.99731E-05 9.99731E-05
0.977667 9.99644E-05 9.99644E-05 0.021933 9.99644E-05 9.99644E-05
9.99733E-05 0.458755 0.269449 9.99733E-05 9.99733E-05 0.271496
0.306 9.99732E-05 9.99732E-05 0.625543 9.99732E-05 0.0681572
0.322906 9.99643E-05 9.99643E-05 0.676695 9.99643E-05 9.99643E-05
0.182324 0.540311 9.997E-05 9.997E-05 9.997E-05 0.277065
9.99642E-05 9.99642E-05 9.99642E-05 0.74376 9.99642E-05 0.25584
0.386025 0.00528967 0.418372 0.0813439 9.99911E-05 0.10887
0.0970827 9.999E-05 0.424173 0.176467 0.0781843 0.223993
0.106111 9.99732E-05 9.99732E-05 0.205401 9.99732E-05 0.688188
0.409249 9.99822E-05 0.383472 9.99822E-05 0.0957214 0.111358
9.99733E-05 0.240281 9.99733E-05 0.440174 9.99733E-05 0.319245
0.168956 0.0234495 0.792955 0.01444 9.99822E-05 9.99822E-05
0.174502 9.99732E-05 0.238537 0.586661 9.99732E-05 9.99732E-05
9.998E-05 0.0196364 0.298561 0.319461 9.998E-05 0.362141
0.479101 9.997E-05 0.171542 0.349057 9.997E-05 9.997E-05
0.316782 0.0396168 0.335409 0.307992 9.998E-05 9.998E-05
9.997E-05 9.997E-05 9.997E-05 0.645804 0.223029 0.130867
0.491 0.438095 0.070605 9.99732E-05 9.99732E-05 9.99732E-05
0.148379 0.274243 0.246818 0.021142 9.999E-05 0.309318
9.998E-05 0.462327 0.324898 9.998E-05 0.0295985 0.182977
9.99733E-05 0.0232804 0.450626 0.525794 9.99733E-05 9.99733E-05
0.722076 9.99643E-05 0.277524 9.99643E-05 9.99643E-05 9.99643E-05
0.0456035 9.99733E-05 0.312768 0.641328 9.99733E-05 9.99733E-05
0.15684 0.123049 0.367265 0.352646 9.998E-05 9.998E-05
0.384554 0.187406 9.998E-05 0.186832 9.998E-05 0.241008
9.99643E-05 0.326358 9.99643E-05 9.99643E-05 9.99643E-05 0.673242
9.998E-05 0.365436 0.127393 0.116884 9.998E-05 0.390088
0.531233 0.176529 0.0202283 0.271809 9.998E-05 9.998E-05
9.99643E-05 0.825038 9.99643E-05 0.174562 9.99643E-05 9.99643E-05
0.0434457 0.195282 0.261638 0.499434 9.998E-05 9.998E-05
9.997E-05 0.220261 9.997E-05 0.531214 9.997E-05 0.248225
0.147566 0.240238 0.0772952 0.171934 9.999E-05 0.362867
0.416553 9.99733E-05 9.99733E-05 0.322911 9.99733E-05 0.260236
0.542916 9.99645E-05 0.456685 9.99645E-05 9.99645E-05 9.99645E-05
0.373793 9.998E-05 0.375785 0.0680721 9.998E-05 0.18215
0.253191 0.17952 0.212284 9.998E-05 9.998E-05 0.354806
0.0590009 0.254375 9.998E-05 0.337113 9.998E-05 0.349311
9.99733E-05 0.539362 9.99733E-05 0.21911 9.99733E-05 0.241228
0.0784253 0.265987 0.199836 0.094713 9.999E-05 0.36094
0.149767 9.99733E-05 9.99733E-05 0.706997 9.99733E-05 0.142936
0.393407 9.99731E-05 9.99731E-05 0.499865 9.99731E-05 0.106427
0.817578 9.996E-05 9.996E-05 9.996E-05 9.996E-05 0.182022
0.113201 0.463631 9.997E-05 0.422868 9.997E-05 9.997E-05
0.326912 0.145626 0.119875 0.407387 9.998E-05 9.998E-05
9.997E-05 0.597317 9.997E-05 0.146661 9.997E-05 0.255722
9.99823E-05 0.16816 9.99823E-05 0.519053 0.0143868 0.2982
0.0224486 0.904265 9.99732E-05 0.0729867 9.99732E-05 9.99732E-05
9.996E-05 0.499869 9.996E-05 9.996E-05 9.996E-05 0.499731
