9.996E-05 9.996E-05 9.996E-05 9.996E-05 0.9995 9.996E-05
9.99643E-05 9.99643E-05 0.724277 9.99643E-05 9.99643E-05 0.275323
9.99732E-05 9.99732E-05 0.126468 9.99732E-05 0.0288844 0.844348
0.144922 9.99822E-05 0.395584 0.178087 9.99822E-05 0.281207
0.239644 9.99733E-05 0.739306 9.99733E-05 9.99733E-05 0.0207499
9.99733E-05 0.462768 9.99733E-05 0.327397 9.99733E-05 0.209535
0.353677 9.99643E-05 9.99643E-05 0.645923 9.99643E-05 9.99643E-05
9.99732E-05 0.13803 0.50832 0.353349 9.99732E-05 9.99732E-05
0.388239 9.99821E-05 0.177564 0.207612 9.99821E-05 0.226385
9.99732E-05 9.99732E-05 0.439778 0.442207 9.99732E-05 0.117715
0.150119 0.0907659 0.226848 9.99822E-05 9.99822E-05 0.532068
9.99822E-05 0.148541 0.333558 0.514916 9.99822E-05 0.00278601
9.99821E-05 0.108412 0.531672 0.250491 9.99821E-05 0.109225
9.99733E-05 0.278717 0.17884 0.542143 9.99733E-05 9.99733E-05
0.221031 9.99823E-05 0.220591 0.0294592 9.99823E-05 0.528719
0.873589 9.99734E-05 9.99734E-05 0.0404189 9.99734E-05 0.0856918
0.130388 9.99734E-05 0.369098 0.500215 9.99734E-05 9.99734E-05
0.14866 9.99733E-05 0.731424 9.99733E-05 9.99733E-05 0.119616
9.99734E-05 0.443452 9.99734E-05 0.54811 9.99734E-05 0.0081382
9.997E-05 9.997E-05 0.182094 0.274857 9.997E-05 0.542749
9.99822E-05 0.43512 0.43148 0.13217 9.99822E-05 0.0010302
9.99733E-05 0.199109 0.446325 9.99733E-05 9.99733E-05 0.354266
0.567539 0.307964 9.998E-05 0.0946207 0.0296764 9.998E-05
0.110651 0.410024 0.479025 9.99733E-05 9.99733E-05 9.99733E-05
9.99646E-05 9.99646E-05 0.754114 9.99646E-05 9.99646E-05 0.245487
9.99733E-05 9.99733E-05 0.648624 0.0405123 9.99733E-05 0.310563
9.99644E-05 0.0630155 9.99644E-05 0.936585 9.99644E-05 9.99644E-05
9.99642E-05 9.99642E-05 9.99642E-05 0.213112 9.99642E-05 0.786488
9.99643E-05 9.99643E-05 0.449231 0.550369 9.99643E-05 9.99643E-05
9.99734E-05 0.10297 9.99734E-05 0.737875 9.99734E-05 0.158855
9.99732E-05 9.99732E-05 0.00985599 0.713663 9.99732E-05 0.276181
9.996E-05 9.996E-05 9.996E-05 0.9995 9.996E-05 9.996E-05
9.996E-05 9.996E-05 9.996E-05 0.9995 9.996E-05 9.996E-05
0.319944 0.194798 0.174599 0.31046 9.99821E-05 9.99821E-05
0.580907 0.0665936 0.30893 0.0433694 9.99821E-05 9.99821E-05
0.225216 0.37542 0.358412 0.0237622 9.99911E-05 0.0170896
0.149847 0.0811903 0.214362 0.477648 0.0768531 9.999E-05
9.99732E-05 9.99732E-05 0.0258743 0.599015 9.99732E-05 0.37481
0.857531 0.088264 9.99732E-05 9.99732E-05 9.99732E-05 0.053905
0.203022 9.99733E-05 9.99733E-05 9.99733E-05 0.076375 0.720303
9.99642E-05 9.99642E-05 9.99642E-05 0.349741 9.99642E-05 0.649859
0.358414 0.142638 9.998E-05 0.169189 9.998E-05 0.329559
0.500629 9.99732E-05 9.99732E-05 0.474766 0.0243055 9.99732E-05
0.326968 9.99643E-05 9.99643E-05 0.672633 9.99643E-05 9.99643E-05
9.99733E-05 9.99733E-05 0.110509 0.522164 9.99733E-05 0.367026
9.99643E-05 9.99643E-05 0.984473 9.99643E-05 0.0151268 9.99643E-05
0.182562 9.998E-05 0.384288 0.125848 9.998E-05 0.307103
0.111301 0.339812 9.99732E-05 9.99732E-05 9.99732E-05 0.548586
0.114176 9.998E-05 0.268846 9.998E-05 0.0272668 0.589511
0.540026 0.128407 0.331267 9.997E-05 9.997E-05 9.997E-05
0.112373 0.104963 0.33844 9.99821E-05 9.99821E-05 0.444024
9.99734E-05 9.99734E-05 0.150779 9.99734E-05 0.00530745 0.843613
9.99732E-05 0.178061 9.99732E-05 0.72938 9.99732E-05 0.0922585
0.00492576 0.694914 9.99732E-05 9.99732E-05 9.99732E-05 0.29986
9.99642E-05 9.99642E-05 0.468415 9.99642E-05 0.531185 9.99642E-05
9.99644E-05 0.734827 9.99644E-05 9.99644E-05 9.99644E-05 0.264773
0.152117 0.167291 0.327773 9.99821E-05 9.99821E-05 0.352619
0.0321278 9.99733E-05 0.945854 0.0217187 9.99733E-05 9.99733E-05
9.99733E-05 9.99733E-05 0.573999 9.99733E-05 0.0294629 0.396238
0.091529 0.0960012 0.81217 9.99732E-05 9.99732E-05 9.99732E-05
9.99644E-05 9.99644E-05 0.278543 9.99644E-05 9.99644E-05 0.721057
9.99732E-05 9.99732E-05 0.530547 0.307716 9.99732E-05 0.161438
0.200073 0.0250395 0.426872 0.347816 9.99822E-05 9.99822E-05
9.99642E-05 9.99642E-05 9.99642E-05 0.637117 9.99642E-05 0.362483
9.99642E-05 9.99642E-05 0.14226 9.99642E-05 9.99642E-05 0.85734
9.99643E-05 9.99643E-05 0.454763 9.99643E-05 9.99643E-05 0.544838
0.0483959 0.551521 0.0486913 0.351192 9.99822E-05 9.99822E-05
9.99821E-05 0.0507089 0.173365 0.310411 9.99821E-05 0.465315
0.0943752 0.119069 0.30369 9.999E-05 0.0173495 0.465416
0.361572 9.99822E-05 0.0752523 0.137645 9.99822E-05 0.425331
0.0702712 9.99823E-05 9.99823E-05 0.402766 0.0506151 0.476148
9.997E-05 0.340975 0.324249 0.334476 9.997E-05 9.997E-05
0.22874 0.73503 0.0359294 9.99733E-05 9.99733E-05 9.99733E-05
9.99643E-05 0.588865 9.99643E-05 9.99643E-05 9.99643E-05 0.410735
0.100802 0.180549 9.99733E-05 0.718349 9.99733E-05 9.99733E-05
0.0043551 0.708374 0.00359147 0.283479 9.99821E-05 9.99821E-05
9.998E-05 0.0384465 0.483529 0.0909751 9.998E-05 0.386849
0.406095 9.997E-05 0.340525 9.997E-05 9.997E-05 0.253081
0.414252 0.175003 0.113238 0.15374 0.143667 9.9991E-05
0.341154 9.99911E-05 0.5282 0.068342 0.0008241 0.0613802
0.401875 9.99732E-05 9.99732E-05 0.257108 9.99732E-05 0.340717
9.99732E-05 0.141881 0.416217 9.99732E-05 9.99732E-05 0.441603
0.489093 9.997E-05 9.997E-05 0.223523 9.997E-05 0.287084
9.99732E-05 9.99732E-05 0.147929 0.451167 9.99732E-05 0.400603
9.99641E-05 9.99641E-05 9.99641E-05 9.99641E-05 0.828965 0.170635
0.114536 0.15799 0.418426 0.082854 9.999E-05 0.226094
0.652853 0.13892 9.99911E-05 0.178935 0.00297641 0.0262152
9.997E-05 0.594771 0.12241 9.997E-05 9.997E-05 0.282519
9.99643E-05 0.554561 9.99643E-05 0.445039 9.99643E-05 9.99643E-05
9.99644E-05 0.506275 9.99644E-05 9.99644E-05 9.99644E-05 0.493326
0.0401282 9.99821E-05 0.0438071 0.378123 9.99821E-05 0.537741
9.99645E-05 9.99645E-05 0.030898 0.968702 9.99645E-05 9.99645E-05
0.809322 9.99643E-05 9.99643E-05 9.99643E-05 9.99643E-05 0.190278
0.328673 9.998E-05 0.229659 0.101792 9.998E-05 0.339676
9.99733E-05 0.120723 9.99733E-05 0.0882576 9.99733E-05 0.79072
0.267216 0.0702205 9.99822E-05 0.456323 9.99822E-05 0.20604
0.133725 9.998E-05 0.263305 0.143724 9.998E-05 0.459046
0.242249 0.285095 9.99821E-05 0.12642 9.99821E-05 0.346035
0.147096 0.188165 9.998E-05 0.659487 9.998E-05 0.00505174
0.0876858 0.316075 9.998E-05 0.508312 9.998E-05 0.0877271
9.99823E-05 0.12291 0.24396 9.99823E-05 0.0797233 0.553207
9.99733E-05 0.112885 9.99733E-05 0.20944 9.99733E-05 0.677374
0.321795 9.99733E-05 0.128384 0.54952 9.99733E-05 9.99733E-05
0.126955 0.277424 0.063337 0.151279 9.99911E-05 0.380905
0.571503 0.334451 9.99732E-05 0.0937459 9.99732E-05 9.99732E-05
0.10734 0.490319 0.222591 9.998E-05 9.998E-05 0.179549
9.99732E-05 0.439437 0.414007 0.146256 9.99732E-05 9.99732E-05
9.997E-05 0.361394 0.244825 9.997E-05 9.997E-05 0.393481
9.99732E-05 0.0281064 0.508579 0.463014 9.99732E-05 9.99732E-05
0.114607 0.0147366 9.99733E-05 0.870356 9.99733E-05 9.99733E-05
9.99643E-05 0.391099 0.608501 9.99643E-05 9.99643E-05 9.99643E-05
0.34156 9.997E-05 9.997E-05 0.585782 9.997E-05 0.0723585
0.435377 9.99643E-05 9.99643E-05 0.564224 9.99643E-05 9.99643E-05
0.161214 9.998E-05 0.697505 0.0951966 9.998E-05 0.0458841
0.268363 9.99732E-05 0.0595426 9.99732E-05 9.99732E-05 0.671795
0.341242 0.0198603 0.193977 0.444721 9.998E-05 9.998E-05
9.99911E-05 0.4405 0.272206 0.0161355 0.0564545 0.214603
0.199931 0.0753355 0.293344 0.216965 9.999E-05 0.214325
9.99645E-05 0.882986 9.99645E-05 0.116614 9.99645E-05 9.99645E-05
9.99643E-05 0.439284 9.99643E-05 9.99643E-05 9.99643E-05 0.560316
0.346394 0.487748 9.998E-05 0.127466 9.998E-05 0.0381923
0.502225 9.99732E-05 9.99732E-05 0.338618 9.99732E-05 0.158857
0.115243 0.608922 9.99734E-05 9.99734E-05 9.99734E-05 0.275535
0.446045 0.105866 9.998E-05 0.424739 9.998E-05 0.0231502
0.417245 0.00842134 0.00177291 0.572361 9.99822E-05 9.99822E-05
0.109213 0.36966 9.99822E-05 9.99822E-05 0.1194 0.401527
0.444058 9.99643E-05 9.99643E-05 0.555542 9.99643E-05 9.99643E-05
0.0108631 9.99822E-05 0.457741 0.467122 9.99822E-05 0.064074
9.99732E-05 0.298931 0.636432 0.0643367 9.99732E-05 9.99732E-05
0.624179 9.99644E-05 0.375421 9.99644E-05 9.99644E-05 9.99644E-05
9.99643E-05 0.174155 9.99643E-05 0.825445 9.99643E-05 9.99643E-05
0.867612 9.99733E-05 0.0150104 0.117078 9.99733E-05 9.99733E-05
0.0673184 0.0645678 0.0863558 0.541226 9.999E-05 0.240432
0.356997 0.0854186 0.228162 0.329223 9.99821E-05 9.99821E-05
9.99821E-05 9.99821E-05 0.715725 0.095638 0.0061229 0.182314
0.0586075 0.263634 0.395144 9.998E-05 9.998E-05 0.282414
0.611477 9.99732E-05 9.99732E-05 0.126748 9.99732E-05 0.261475
0.242907 9.99732E-05 0.220343 9.99732E-05 9.99732E-05 0.53645
0.255807 0.0213589 9.99822E-05 0.672545 9.99822E-05 0.0500891
0.500739 9.99642E-05 9.99642E-05 9.99642E-05 9.99642E-05 0.498862
0.0518668 0.105636 0.149245 0.232082 9.99911E-05 0.46107
0.514535 9.997E-05 9.997E-05 0.181035 9.997E-05 0.30413
0.346649 9.99734E-05 0.320501 0.332549 9.99734E-05 9.99734E-05
0.762263 0.0301514 0.167267 0.0401185 9.99821E-05 9.99821E-05
0.234747 0.00659165 0.518721 0.00757274 0.000193323 0.232175
9.997E-05 9.997E-05 0.195154 0.206478 9.997E-05 0.598067
9.99643E-05 9.99643E-05 0.584598 9.99643E-05 9.99643E-05 0.415002
0.674043 9.99643E-05 0.325557 9.99643E-05 9.99643E-05 9.99643E-05
9.997E-05 9.997E-05 0.0146639 0.429051 9.997E-05 0.555986
0.18496 9.99821E-05 0.0898227 0.723153 9.99821E-05 0.00186415
0.39212 9.99733E-05 9.99733E-05 0.572146 0.0354342 9.99733E-05
9.996E-05 9.996E-05 9.996E-05 0.485857 9.996E-05 0.513743
0.23773 9.99732E-05 0.120739 0.641231 9.99732E-05 9.99732E-05
0.305043 0.142416 0.382031 9.998E-05 9.998E-05 0.17031
0.549111 9.998E-05 0.219175 9.998E-05 0.0727358 0.158778
0.0267953 9.99821E-05 0.485399 0.229729 9.99821E-05 0.257877
9.996E-05 9.996E-05 0.604331 9.996E-05 9.996E-05 0.395269
