9.995E-05 9.995E-05 9.995E-05 9.995E-05 9.995E-05 9.995E-05 0.9994
0.128146 0.537357 0.334097 9.99643E-05 9.99643E-05 9.99643E-05 9.99643E-05
0.00388234 0.335993 0.359981 9.99821E-05 0.25987 0.0400731 9.99821E-05
9.99644E-05 0.291118 0.480191 9.99644E-05 0.228291 9.99644E-05 9.99644E-05
9.99644E-05 0.643657 9.99644E-05 9.99644E-05 0.0529195 0.303023 9.99644E-05
0.0628757 9.99732E-05 0.170537 0.657498 9.99732E-05 0.10879 9.99732E-05
9.99553E-05 9.99553E-05 9.99553E-05 9.99553E-05 0.447002 0.552498 9.99553E-05
9.997E-05 0.382893 0.150294 0.224113 0.2424 9.997E-05 9.997E-05
9.99732E-05 0.0762247 0.0773915 9.99732E-05 0.0426763 0.803408 9.99732E-05
9.99821E-05 0.187672 0.219152 0.282115 0.0629028 0.247959 9.99821E-05
9.99732E-05 0.0530042 0.575714 0.107843 9.99732E-05 0.263139 9.99732E-05
0.056527 9.99732E-05 9.99732E-05 0.319911 0.46044 0.162822 9.99732E-05
0.159749 0.215879 0.0835162 0.226319 0.28024 9.99911E-05 0.0341964
9.99733E-05 0.0298207 9.99733E-05 0.441467 0.457824 0.0705881 9.99733E-05
0.0793286 0.040494 0.590396 0.148082 0.0726252 0.0689742 9.99912E-05
0.0491424 0.0919026 0.00972998 9.99822E-05 0.0277958 0.821229 9.99822E-05
0.227722 0.56414 9.99822E-05 0.012964 0.161125 0.0338488 9.99822E-05
0.386775 0.519541 0.0332344 9.99733E-05 0.0601501 9.99733E-05 9.99733E-05
9.99823E-05 0.0486174 0.109647 0.208115 0.477448 0.155972 9.99823E-05
9.99732E-05 9.99732E-05 0.504541 0.0183572 0.450651 9.99732E-05 0.0261512
9.99553E-05 9.99553E-05 0.280714 0.718786 9.99553E-05 9.99553E-05 9.99553E-05
0.291703 0.250378 0.136341 0.197613 9.99821E-05 0.123765 9.99821E-05
0.21848 9.99732E-05 9.99732E-05 0.310428 0.0849872 0.385805 9.99732E-05
9.99643E-05 0.429711 9.99643E-05 0.500272 9.99643E-05 0.0696169 9.99643E-05
9.99644E-05 0.527739 0.418772 0.0530894 9.99644E-05 9.99644E-05 9.99644E-05
0.134927 0.386836 0.376741 0.0164554 0.0848402 9.99821E-05 9.99821E-05
9.99552E-05 9.99552E-05 9.99552E-05 0.220315 0.779185 9.99552E-05 9.99552E-05
0.146701 9.99642E-05 0.620622 9.99642E-05 0.232277 9.99642E-05 9.99642E-05
0.476142 0.168002 0.0298568 9.99732E-05 0.3257 9.99732E-05 9.99732E-05
0.369575 9.99644E-05 0.274964 9.99644E-05 0.355061 9.99644E-05 9.99644E-05
0.00917778 0.0341844 0.10873 9.99731E-05 0.847608 9.99731E-05 9.99731E-05
9.99643E-05 9.99643E-05 0.108469 0.0311567 0.859974 9.99643E-05 9.99643E-05
9.995E-05 9.995E-05 9.995E-05 9.995E-05 0.9994 9.995E-05 9.995E-05
0.184262 0.0624913 9.99821E-05 0.26189 0.40693 0.0842269 9.99821E-05
0.298056 0.254918 9.99821E-05 0.0864734 0.25692 0.103433 9.99821E-05
0.524121 9.99645E-05 0.102903 0.372576 9.99645E-05 9.99645E-05 9.99645E-05
9.99821E-05 0.311812 9.99821E-05 0.331993 0.165068 0.117384 0.0735417
9.99643E-05 0.051242 0.481415 9.99643E-05 0.466943 9.99643E-05 9.99643E-05
0.617578 0.0171507 9.99643E-05 9.99643E-05 9.99643E-05 0.364872 9.99643E-05
0.465329 0.117929 0.294891 9.99822E-05 0.121473 9.99822E-05 0.000178073
0.0261824 9.99731E-05 0.774285 9.99731E-05 0.0358378 0.163395 9.99731E-05
0.193685 9.99822E-05 0.0509441 0.183169 0.31441 0.257592 9.99822E-05
0.68863 9.99643E-05 9.99643E-05 9.99643E-05 0.24474 0.0662293 9.99643E-05
9.997E-05 9.997E-05 0.211965 0.0788134 0.235156 0.473766 9.997E-05
9.99644E-05 9.99644E-05 0.631716 0.26549 0.102394 9.99644E-05 9.99644E-05
0.147905 0.779425 9.99643E-05 9.99643E-05 0.0722704 9.99643E-05 9.99643E-05
9.99821E-05 0.398307 0.114609 9.99821E-05 0.306794 0.161823 0.0182659
0.859454 9.99554E-05 0.140046 9.99554E-05 9.99554E-05 9.99554E-05 9.99554E-05
0.16983 0.215689 0.36428 9.99821E-05 9.99821E-05 0.184045 0.0659554
9.99643E-05 0.0193561 9.99643E-05 0.680629 9.99643E-05 0.299615 9.99643E-05
9.99732E-05 0.250861 0.611358 0.0574705 9.99732E-05 0.0800112 9.99732E-05
9.99733E-05 0.0385636 0.725847 0.145005 9.99733E-05 9.99733E-05 0.0902848
9.99643E-05 9.99643E-05 0.206947 0.313508 0.479145 9.99643E-05 9.99643E-05
9.99734E-05 9.99734E-05 0.183492 0.588276 0.107705 0.120227 9.99734E-05
0.120303 0.356047 0.0439086 0.0570918 9.99822E-05 9.99822E-05 0.42245
0.278654 0.0908921 9.99734E-05 0.236363 9.99734E-05 0.393792 9.99734E-05
0.167864 0.233085 0.536427 0.0623243 9.99733E-05 9.99733E-05 9.99733E-05
0.0972927 0.628253 9.99644E-05 9.99644E-05 9.99644E-05 0.274054 9.99644E-05
0.391001 0.139391 0.411775 0.0575333 9.99733E-05 9.99733E-05 9.99733E-05
0.507067 0.492433 9.99552E-05 9.99552E-05 9.99552E-05 9.99552E-05 9.99552E-05
9.99643E-05 0.419669 0.221121 9.99643E-05 0.35881 9.99643E-05 9.99643E-05
0.585011 0.400419 9.99642E-05 9.99642E-05 0.0141701 9.99642E-05 9.99642E-05
9.99732E-05 0.520187 9.99732E-05 0.110531 0.166998 0.201985 9.99732E-05
9.99553E-05 9.99553E-05 0.680113 9.99553E-05 0.319387 9.99553E-05 9.99553E-05
0.168172 0.227255 0.54923 9.99821E-05 0.0509367 9.99821E-05 0.00420573
0.15202 0.380014 0.467567 9.99643E-05 9.99643E-05 9.99643E-05 9.99643E-05
0.291305 9.99734E-05 9.99734E-05 0.370107 0.0267312 0.311558 9.99734E-05
0.309396 0.0393818 0.369451 0.0617624 0.219809 9.99821E-05 9.99821E-05
0.290131 0.0786532 0.51223 0.118685 9.99732E-05 9.99732E-05 9.99732E-05
9.99644E-05 9.99644E-05 0.757392 9.99644E-05 0.104685 0.137523 9.99644E-05
9.99734E-05 9.99734E-05 0.264819 9.99734E-05 0.407874 0.317442 0.00956432
9.99643E-05 0.411651 0.241245 0.346703 9.99643E-05 9.99643E-05 9.99643E-05
0.181708 9.997E-05 9.997E-05 0.65935 9.997E-05 0.138443 0.0201991
0.351287 9.99643E-05 0.201634 0.446679 9.99643E-05 9.99643E-05 9.99643E-05
0.0932659 0.00779662 9.99733E-05 9.99733E-05 0.884519 0.0141188 9.99733E-05
0.0398307 9.99731E-05 9.99731E-05 0.518582 9.99731E-05 0.394199 0.0470884
0.405797 0.258473 9.99643E-05 9.99643E-05 0.33533 9.99643E-05 9.99643E-05
9.99644E-05 0.290562 0.316922 9.99644E-05 9.99644E-05 0.392116 9.99644E-05
0.588596 0.0553342 9.99822E-05 0.0897206 9.99822E-05 0.265268 0.000880939
0.509808 0.254206 0.212407 9.99733E-05 0.0232791 9.99733E-05 9.99733E-05
0.515891 9.997E-05 0.354426 9.997E-05 0.0732256 0.0561575 9.997E-05
0.251806 0.530136 9.99732E-05 9.99732E-05 0.0604892 0.157269 9.99732E-05
0.151956 9.99732E-05 0.100118 9.99732E-05 0.403172 0.344454 9.99732E-05
0.352796 9.997E-05 0.504187 0.0567917 0.0859255 9.997E-05 9.997E-05
0.109961 0.0739212 0.162097 9.99731E-05 9.99731E-05 9.99731E-05 0.653721
9.99733E-05 0.442962 0.464496 0.029048 0.0631941 9.99733E-05 9.99733E-05
0.564167 9.99732E-05 9.99732E-05 0.0646687 0.181661 0.189203 9.99732E-05
0.428372 0.226766 0.133849 0.210713 9.99733E-05 9.99733E-05 9.99733E-05
9.99642E-05 9.99642E-05 0.00894031 0.73094 0.25972 9.99642E-05 9.99642E-05
9.99646E-05 9.99646E-05 0.730174 0.233017 9.99646E-05 0.03641 9.99646E-05
9.996E-05 9.996E-05 0.896527 9.996E-05 0.0621332 0.0409402 9.996E-05
9.99646E-05 0.119461 0.00549362 9.99646E-05 0.874646 9.99646E-05 9.99646E-05
0.533822 9.99642E-05 0.0302861 9.99642E-05 9.99642E-05 0.435492 9.99642E-05
9.99821E-05 0.422567 0.0795425 9.99821E-05 0.18124 0.24542 0.0710306
0.287422 9.99644E-05 0.640614 0.0715644 9.99644E-05 9.99644E-05 9.99644E-05
0.28107 9.99642E-05 9.99642E-05 9.99642E-05 0.242602 0.475928 9.99642E-05
0.226418 0.160743 0.153647 9.99821E-05 0.230186 0.228807 9.99821E-05
0.462607 9.99732E-05 0.195415 0.263941 0.0777366 9.99732E-05 9.99732E-05
9.99642E-05 9.99642E-05 0.191547 0.475576 0.332478 9.99642E-05 9.99642E-05
0.0822208 9.99821E-05 0.141468 0.549641 0.166163 0.0603072 9.99821E-05
0.108791 0.000353525 0.572481 0.318074 9.99734E-05 9.99734E-05 9.99734E-05
0.28807 9.99733E-05 0.409087 9.99733E-05 0.164997 0.137546 9.99733E-05
0.295611 0.0695592 9.99733E-05 9.99733E-05 0.347338 0.287192 9.99733E-05
0.76938 0.0410883 9.99643E-05 9.99643E-05 9.99643E-05 0.189132 9.99643E-05
9.996E-05 0.177104 9.996E-05 0.209349 9.996E-05 0.613147 9.996E-05
9.99731E-05 0.108562 0.191605 0.386748 9.99731E-05 0.312785 9.99731E-05
0.306584 0.0614968 9.99643E-05 0.631519 9.99643E-05 9.99643E-05 9.99643E-05
0.602064 0.104098 0.0152703 0.278268 9.99732E-05 9.99732E-05 9.99732E-05
9.99642E-05 0.163228 9.99642E-05 0.369182 0.46719 9.99642E-05 9.99642E-05
9.99643E-05 9.99643E-05 0.0118432 9.99643E-05 0.887489 0.100268 9.99643E-05
0.0404243 0.527665 9.99643E-05 0.431511 9.99643E-05 9.99643E-05 9.99643E-05
9.99643E-05 9.99643E-05 0.347792 9.99643E-05 0.410562 0.241246 9.99643E-05
9.99555E-05 9.99555E-05 0.324647 9.99555E-05 9.99555E-05 0.674853 9.99555E-05
0.0684364 0.390791 0.453037 9.99733E-05 9.99733E-05 0.0874357 9.99733E-05
0.093937 0.0560246 0.599118 9.99732E-05 9.99732E-05 0.250621 9.99732E-05
9.99822E-05 0.0512503 9.99822E-05 0.179359 0.237033 0.524833 0.00732486
9.99822E-05 0.2296 9.99822E-05 0.416345 0.187895 0.112779 0.0531815
0.231309 0.0560434 0.428047 0.0893144 0.195086 9.99821E-05 9.99821E-05
9.99555E-05 9.99555E-05 9.99555E-05 0.895917 9.99555E-05 9.99555E-05 0.103583
0.287464 9.996E-05 0.288937 0.423199 9.996E-05 9.996E-05 9.996E-05
0.386209 9.99733E-05 9.99733E-05 0.166091 0.260115 0.187284 9.99733E-05
9.99732E-05 9.99732E-05 0.0604083 0.0521564 0.484282 0.402854 9.99732E-05
0.444525 0.055478 0.268905 0.230792 9.99734E-05 9.99734E-05 9.99734E-05
0.50763 9.99643E-05 9.99643E-05 9.99643E-05 0.141094 0.350876 9.99643E-05
0.0931618 9.99822E-05 0.287479 0.123127 0.106584 0.389448 9.99822E-05
0.387052 9.99733E-05 9.99733E-05 0.324628 9.99733E-05 0.133936 0.154084
0.439093 0.0140001 9.99732E-05 9.99732E-05 0.449686 0.0969208 9.99732E-05
9.99732E-05 0.367737 0.0617612 9.99732E-05 0.406394 0.163808 9.99732E-05
9.99821E-05 0.401022 0.0290182 0.26695 9.99821E-05 0.271385 0.0314255
0.190869 0.104161 0.0116918 9.99733E-05 9.99733E-05 0.692978 9.99733E-05
0.180188 9.99732E-05 9.99732E-05 0.256497 0.520172 0.0428426 9.99732E-05
9.995E-05 9.995E-05 9.995E-05 9.995E-05 9.995E-05 0.9994 9.995E-05
0.285499 0.0220559 9.99732E-05 9.99732E-05 0.397002 0.295143 9.99732E-05
0.780282 0.018419 0.0172656 0.183734 9.99732E-05 9.99732E-05 9.99732E-05
0.443166 0.547919 9.99643E-05 9.99643E-05 0.00851564 9.99643E-05 9.99643E-05
0.0913737 0.689441 0.162136 9.997E-05 9.997E-05 0.0567496 9.997E-05
0.375533 9.99733E-05 0.332798 9.99733E-05 0.0339472 0.257422 9.99733E-05
0.242826 0.112222 0.641425 9.99732E-05 9.99732E-05 0.0032269 9.99732E-05
0.166426 9.99731E-05 9.99731E-05 0.302288 0.247154 0.283832 9.99731E-05
9.99552E-05 9.99552E-05 0.488957 9.99552E-05 9.99552E-05 0.510544 9.99552E-05
9.998E-05 0.211803 0.212503 0.141598 0.381217 0.0526797 9.998E-05
0.0160146 9.99644E-05 9.99644E-05 9.99644E-05 0.868086 0.1155 9.99644E-05
0.361716 0.199147 9.99734E-05 9.99734E-05 0.421206 0.0176316 9.99734E-05
9.99733E-05 0.29174 9.99733E-05 0.00282108 0.361324 0.343815 9.99733E-05
0.0840354 0.46703 0.305386 9.997E-05 0.143249 9.997E-05 9.997E-05
9.99643E-05 0.163129 0.833059 9.99643E-05 9.99643E-05 0.00341298 9.99643E-05
9.99642E-05 0.652279 0.305908 9.99642E-05 0.0414133 9.99642E-05 9.99642E-05
0.29799 0.190713 9.99732E-05 9.99732E-05 0.00638974 0.504607 9.99732E-05
0.0394712 9.99644E-05 0.665006 9.99644E-05 0.295123 9.99644E-05 9.99644E-05
9.99732E-05 0.192762 0.217147 9.99732E-05 0.3068 0.282991 9.99732E-05
9.99645E-05 0.0866735 9.99645E-05 9.99645E-05 0.89439 9.99645E-05 0.0185371
9.99555E-05 9.99555E-05 0.915497 9.99555E-05 0.0840032 9.99555E-05 9.99555E-05
9.99732E-05 9.99732E-05 0.533115 0.114324 0.220201 0.132059 9.99732E-05
0.252956 0.446749 0.0509402 0.0603379 9.99822E-05 0.188817 9.99822E-05
9.99734E-05 0.408876 0.00969376 0.0314604 9.99734E-05 0.54967 9.99734E-05
0.379665 0.160411 0.448061 0.011564 9.99732E-05 9.99732E-05 9.99732E-05
9.99555E-05 0.949763 0.0497377 9.99555E-05 9.99555E-05 9.99555E-05 9.99555E-05
