9.999E-05 0.9998 9.999E-05
0.9998 9.999E-05 9.999E-05
0.845832 0.0347176 0.11945
0.4522 0.0519712 0.495828
0.736398 9.99911E-05 0.263502
0.133419 0.0276565 0.838925
9.999E-05 9.999E-05 0.9998
0.898709 9.99911E-05 0.101191
9.999E-05 9.999E-05 0.9998
0.475486 9.99911E-05 0.524414
0.603077 9.99911E-05 0.396823
0.316713 0.0499699 0.633317
0.756887 0.0474855 0.195627
9.999E-05 9.999E-05 0.9998
0.209318 0.000743407 0.789938
9.999E-05 9.999E-05 0.9998
0.459238 9.99911E-05 0.540662
0.9998 9.999E-05 9.999E-05
0.00668488 9.99911E-05 0.993215
0.954667 0.0452329 9.99911E-05
0.930913 9.99911E-05 0.0689869
0.941222 0.058678 9.99911E-05
9.99911E-05 0.0085734 0.991327
0.679635 9.99911E-05 0.320265
0.975867 0.0240332 9.99911E-05
0.9998 9.999E-05 9.999E-05
9.99911E-05 0.0924477 0.907452
0.234226 9.99911E-05 0.765674
0.784015 9.99911E-05 0.215885
0.0310236 9.99911E-05 0.968876
0.670104 9.99911E-05 0.329796
0.217665 9.99911E-05 0.782235
9.999E-05 9.999E-05 0.9998
0.0639168 0.0180879 0.917995
9.999E-05 9.999E-05 0.9998
0.995704 9.99911E-05 0.00419613
0.0985071 0.120242 0.781251
0.45722 9.9991E-05 0.54268
0.0944109 9.99911E-05 0.905489
0.80191 0.0326804 0.165409
0.494678 9.99911E-05 0.505222
9.999E-05 9.999E-05 0.9998
9.999E-05 9.999E-05 0.9998
9.999E-05 9.999E-05 0.9998
0.723868 9.99911E-05 0.276032
0.892197 0.0428042 0.0649987
0.280906 0.0284627 0.690632
0.543109 9.99911E-05 0.456791
0.985747 9.99911E-05 0.0141525
0.538887 9.99912E-05 0.461013
0.928805 9.99911E-05 0.0710951
0.933433 0.0664673 9.99911E-05
0.179065 0.0690801 0.751855
0.346528 9.99911E-05 0.653372
0.593834 0.406066 9.99911E-05
0.0454706 9.99912E-05 0.954429
0.940323 9.99911E-05 0.0595773
0.962195 9.99911E-05 0.0377051
0.9998 9.999E-05 9.999E-05
0.785883 9.99911E-05 0.214017
0.9998 9.999E-05 9.999E-05
0.488696 0.0438578 0.467446
0.299818 9.99911E-05 0.700082
0.121892 9.99911E-05 0.878008
0.962136 9.99911E-05 0.0377636
0.9998 9.999E-05 9.999E-05
0.256594 9.99912E-05 0.743306
0.885869 9.99911E-05 0.114031
0.9998 9.999E-05 9.999E-05
0.24577 9.99911E-05 0.75413
9.99911E-05 0.0780029 0.921897
0.9998 9.999E-05 9.999E-05
9.99911E-05 0.0826666 0.917233
0.842332 0.0128679 0.1448
0.297015 9.99911E-05 0.702885
0.182003 0.122251 0.695746
0.882971 9.99911E-05 0.116929
0.499296 9.99911E-05 0.500604
0.10136 0.105198 0.793442
0.489461 9.99911E-05 0.510439
0.590671 9.99911E-05 0.409229
0.793395 0.0132538 0.193351
9.999E-05 9.999E-05 0.9998
0.816607 9.99911E-05 0.183293
0.264405 0.735495 9.9991E-05
0.886204 9.99911E-05 0.113696
9.999E-05 9.999E-05 0.9998
0.9998 9.999E-05 9.999E-05
0.51468 9.99911E-05 0.48522
0.415976 0.00107568 0.582949
0.81234 0.0168902 0.17077
9.999E-05 9.999E-05 0.9998
9.999E-05 9.999E-05 0.9998
0.325806 9.99911E-05 0.674094
0.405709 9.99911E-05 0.594191
9.999E-05 9.999E-05 0.9998
0.763792 9.99911E-05 0.236108
0.0635084 9.99911E-05 0.936392
0.287093 0.00753324 0.705373
0.217519 9.99911E-05 0.782381
0.987015 0.012885 9.99912E-05
0.237212 9.99911E-05 0.762688
0.15701 9.99911E-05 0.84289
0.365993 9.99911E-05 0.633907
9.999E-05 9.999E-05 0.9998
0.964556 9.99911E-05 0.0353441
0.9998 9.999E-05 9.999E-05
0.989405 9.99911E-05 0.0104955
0.370022 0.0676532 0.562325
9.999E-05 9.999E-05 0.9998
0.926357 0.0735433 9.99911E-05
9.999E-05 9.999E-05 0.9998
9.999E-05 9.999E-05 0.9998
0.9998 9.999E-05 9.999E-05
0.476302 9.99911E-05 0.523598
9.99911E-05 0.0556314 0.944269
0.139333 0.145516 0.715151
0.562521 9.99911E-05 0.437379
0.0909545 0.105815 0.80323
0.558126 9.99911E-05 0.441774
0.224924 9.99911E-05 0.774976
9.99911E-05 0.00635428 0.993546
0.296736 9.99911E-05 0.703164
9.999E-05 9.999E-05 0.9998
0.0524159 9.99911E-05 0.947484
0.263662 0.166515 0.569823
0.439523 9.99911E-05 0.560377
0.659729 9.99911E-05 0.340171
0.922162 0.0115988 0.0662391
0.0744314 9.99911E-05 0.925469
9.999E-05 9.999E-05 0.9998
9.999E-05 9.999E-05 0.9998
9.99911E-05 0.00594983 0.99395
0.245495 9.99911E-05 0.754405
0.9998 9.999E-05 9.999E-05
0.923245 9.99911E-05 0.0766547
0.22435 0.0080712 0.767579
0.9998 9.999E-05 9.999E-05
9.999E-05 9.999E-05 0.9998
0.773915 9.99911E-05 0.225985
0.671491 9.99911E-05 0.328409
9.999E-05 9.999E-05 0.9998
9.999E-05 9.999E-05 0.9998
9.999E-05 9.999E-05 0.9998
0.495173 0.0909149 0.413912
0.990549 0.00935147 9.99911E-05
0.9998 9.999E-05 9.999E-05
0.232036 9.99911E-05 0.767864
0.416984 0.0539128 0.529104
0.111559 9.99911E-05 0.888341
9.999E-05 9.999E-05 0.9998
0.497329 9.99911E-05 0.502571
0.100909 9.99911E-05 0.898991
0.9998 9.999E-05 9.999E-05
0.643147 9.99912E-05 0.356753
0.885654 9.99911E-05 0.114246
0.9998 9.999E-05 9.999E-05
