9.99201E-05 9.99201E-05 9.99201E-05 9.99201E-05 0.999101 9.99201E-05 9.99201E-05 9.99201E-05 9.99201E-05 9.99201E-05
9.99374E-05 9.99374E-05 9.99374E-05 9.99374E-05 9.99374E-05 9.99374E-05 0.362885 0.0843481 9.99374E-05 0.552068
0.0789095 0.130337 0.108447 0.193361 0.0664809 9.99732E-05 0.296237 9.99732E-05 9.99732E-05 0.125927
9.99555E-05 9.99555E-05 9.99555E-05 0.23197 0.0529118 0.323519 9.99555E-05 9.99555E-05 0.169444 0.221655
9.99375E-05 9.99375E-05 9.99375E-05 9.99375E-05 9.99375E-05 9.99375E-05 0.546017 0.0320307 0.421253 9.99375E-05
9.99553E-05 0.483534 0.00824498 9.99553E-05 9.99553E-05 0.110734 9.99553E-05 9.99553E-05 0.17194 0.225047
9.99463E-05 9.99463E-05 0.0804587 0.313212 9.99463E-05 0.471348 9.99463E-05 0.134381 9.99463E-05 9.99463E-05
9.99643E-05 0.038046 0.0652017 0.410071 9.99643E-05 0.0675849 0.304833 9.99643E-05 9.99643E-05 0.113864
9.99551E-05 9.99551E-05 0.212826 9.99551E-05 9.99551E-05 0.436386 0.048246 0.160907 0.141135 9.99551E-05
9.99463E-05 9.99463E-05 9.99463E-05 9.99463E-05 9.99463E-05 0.55612 0.0976189 9.99463E-05 0.262715 0.0829465
9.99466E-05 9.99466E-05 9.99466E-05 9.99466E-05 9.99466E-05 0.594927 0.130595 0.201061 0.0728184 9.99466E-05
9.99552E-05 0.229047 0.731941 9.99552E-05 0.0045804 0.0207819 0.0131495 9.99552E-05 9.99552E-05 9.99552E-05
9.99643E-05 0.305944 0.119591 0.0387296 9.99643E-05 0.153593 0.239487 9.99643E-05 9.99643E-05 0.142256
9.99643E-05 0.0240613 0.487773 0.0379715 9.99643E-05 0.325233 0.00289958 9.99643E-05 0.121662 9.99643E-05
0.293189 0.126425 9.99646E-05 0.168365 9.99646E-05 9.99646E-05 0.187792 0.208794 0.0150357 9.99646E-05
0.000401924 9.99466E-05 0.0130271 9.99466E-05 9.99466E-05 0.295297 9.99466E-05 0.690674 9.99466E-05 9.99466E-05
9.99467E-05 9.99467E-05 0.0843464 9.99467E-05 9.99467E-05 9.99467E-05 0.55175 0.146643 9.99467E-05 0.216661
0.48292 9.99465E-05 9.99465E-05 9.99465E-05 9.99465E-05 9.99465E-05 0.310724 9.99465E-05 0.125191 0.0805655
9.99289E-05 9.99289E-05 0.420996 9.99289E-05 9.99289E-05 0.578204 9.99289E-05 9.99289E-05 9.99289E-05 9.99289E-05
9.99464E-05 0.0552834 9.99464E-05 0.509637 9.99464E-05 0.288057 9.99464E-05 9.99464E-05 9.99464E-05 0.146423
9.99284E-05 0.957652 9.99284E-05 9.99284E-05 9.99284E-05 0.0415483 9.99284E-05 9.99284E-05 9.99284E-05 9.99284E-05
9.99643E-05 0.45187 0.23353 9.99643E-05 9.99643E-05 0.109238 0.0161787 0.104844 9.99643E-05 0.0839391
0.474205 9.99375E-05 9.99375E-05 9.99375E-05 9.99375E-05 9.99375E-05 9.99375E-05 0.147369 0.377727 9.99375E-05
9.99374E-05 0.119223 9.99374E-05 9.99374E-05 9.99374E-05 9.99374E-05 9.99374E-05 9.99374E-05 0.48422 0.395858
9.99466E-05 0.388982 9.99466E-05 9.99466E-05 9.99466E-05 9.99466E-05 0.392293 0.0145563 9.99466E-05 0.203569
9.99552E-05 0.206942 9.99552E-05 0.0762385 9.99552E-05 0.12696 0.209009 9.99552E-05 9.99552E-05 0.38035
0.0156965 0.169658 9.99554E-05 0.727296 9.99554E-05 0.0394862 9.99554E-05 9.99554E-05 0.0473636 9.99554E-05
0.263285 9.99463E-05 9.99463E-05 0.32574 9.99463E-05 0.00445766 9.99463E-05 9.99463E-05 9.99463E-05 0.405918
9.99374E-05 0.017413 9.99374E-05 0.425897 9.99374E-05 9.99374E-05 0.555991 9.99374E-05 9.99374E-05 9.99374E-05
0.358969 0.0329745 0.0793362 0.0585355 9.99644E-05 0.392987 0.0767982 9.99644E-05 9.99644E-05 9.99644E-05
9.99201E-05 9.99201E-05 9.99201E-05 0.999101 9.99201E-05 9.99201E-05 9.99201E-05 9.99201E-05 9.99201E-05 9.99201E-05
9.99287E-05 9.99287E-05 9.99287E-05 0.923717 9.99287E-05 9.99287E-05 9.99287E-05 9.99287E-05 0.075484 9.99287E-05
9.99285E-05 9.99285E-05 9.99285E-05 0.888759 9.99285E-05 9.99285E-05 9.99285E-05 9.99285E-05 0.110441 9.99285E-05
0.31138 0.223934 9.99553E-05 0.167078 9.99553E-05 0.0242156 0.272893 9.99553E-05 9.99553E-05 9.99553E-05
0.459593 9.99373E-05 9.99373E-05 9.99373E-05 9.99373E-05 9.99373E-05 0.266107 9.99373E-05 0.2736 9.99373E-05
9.99555E-05 0.257789 0.261399 0.114412 9.99555E-05 9.99555E-05 9.99555E-05 0.323344 9.99555E-05 0.0425565
9.99643E-05 0.0748241 9.99643E-05 0.151587 0.0698802 0.150002 9.99643E-05 0.0598669 0.49344 9.99643E-05
9.99553E-05 0.050899 9.99553E-05 0.849174 0.0226799 0.00900839 0.067739 9.99553E-05 9.99553E-05 9.99553E-05
0.876054 9.99464E-05 9.99464E-05 9.99464E-05 9.99464E-05 9.99464E-05 0.000504827 0.118437 0.00440458 9.99464E-05
0.348781 9.99465E-05 9.99465E-05 0.263668 9.99465E-05 9.99465E-05 9.99465E-05 0.22162 9.99465E-05 0.165332
0.0318469 9.99553E-05 9.99553E-05 0.213716 9.99553E-05 0.407802 9.99553E-05 0.012556 9.99553E-05 0.33358
0.850506 0.0589353 9.99555E-05 9.99555E-05 9.99555E-05 0.0400868 9.99555E-05 0.0308211 0.0191509 9.99555E-05
0.720032 9.99374E-05 9.99374E-05 9.99374E-05 9.99374E-05 0.206354 0.0729146 9.99374E-05 9.99374E-05 9.99374E-05
9.99462E-05 9.99462E-05 9.99462E-05 0.0489571 9.99462E-05 0.597542 9.99462E-05 0.11456 0.238341 9.99462E-05
9.99375E-05 0.251559 9.99375E-05 9.99375E-05 9.99375E-05 0.497589 9.99375E-05 9.99375E-05 9.99375E-05 0.250152
0.00579898 0.0933572 9.99554E-05 0.0457367 9.99554E-05 9.99554E-05 0.803271 0.0513366 9.99554E-05 9.99554E-05
0.208622 9.99463E-05 9.99463E-05 0.0201014 9.99463E-05 9.99463E-05 9.99463E-05 9.99463E-05 0.447103 0.323574
0.356099 9.99375E-05 9.99375E-05 0.15224 9.99375E-05 9.99375E-05 9.99375E-05 9.99375E-05 9.99375E-05 0.490961
9.99552E-05 9.99552E-05 9.99552E-05 0.258636 0.0543889 0.0411554 9.99552E-05 0.587137 9.99552E-05 0.0581827
9.99375E-05 9.99375E-05 0.237136 9.99375E-05 9.99375E-05 9.99375E-05 9.99375E-05 0.34249 0.419674 9.99375E-05
9.99374E-05 9.99374E-05 9.99374E-05 0.0070188 9.99374E-05 9.99374E-05 9.99374E-05 9.99374E-05 0.240959 0.751322
9.99555E-05 0.155205 9.99555E-05 0.25374 9.99555E-05 9.99555E-05 9.99555E-05 0.00575574 0.0305413 0.554258
0.0164053 0.156518 9.99643E-05 0.00844562 9.99643E-05 0.587964 9.99643E-05 9.99643E-05 0.0653117 0.164956
9.99376E-05 9.99376E-05 9.99376E-05 0.100572 9.99376E-05 0.142623 9.99376E-05 9.99376E-05 0.756105 9.99376E-05
9.99375E-05 0.0290426 9.99375E-05 9.99375E-05 0.259939 9.99375E-05 9.99375E-05 0.710318 9.99375E-05 9.99375E-05
0.158338 9.99555E-05 0.203258 9.99555E-05 9.99555E-05 0.00267755 9.99555E-05 9.99555E-05 0.536805 0.0984223
0.0216194 9.99643E-05 9.99643E-05 0.294356 9.99643E-05 9.99643E-05 0.296181 0.0492332 0.296556 0.041655
9.9929E-05 9.9929E-05 9.9929E-05 9.9929E-05 9.9929E-05 0.0777388 0.921462 9.9929E-05 9.9929E-05 9.9929E-05
9.994E-05 9.994E-05 0.325973 9.994E-05 9.994E-05 0.102215 9.994E-05 0.018226 9.994E-05 0.552987
0.128045 9.99374E-05 9.99374E-05 9.99374E-05 9.99374E-05 9.99374E-05 0.828007 9.99374E-05 9.99374E-05 0.0432479
9.99555E-05 9.99555E-05 9.99555E-05 0.409107 9.99555E-05 0.00705874 0.210829 9.99555E-05 0.0375618 0.334944
9.99373E-05 9.99373E-05 9.99373E-05 0.176239 9.99373E-05 9.99373E-05 0.681727 9.99373E-05 9.99373E-05 0.141335
9.99553E-05 9.99553E-05 9.99553E-05 9.99553E-05 9.99553E-05 0.182725 0.346218 0.0795894 0.336927 0.05404
9.993E-05 9.993E-05 9.993E-05 0.0486192 9.993E-05 0.770341 9.993E-05 9.993E-05 9.993E-05 0.18034
0.148895 9.99552E-05 9.99552E-05 0.104793 9.99552E-05 0.116735 0.201695 9.99552E-05 9.99552E-05 0.427383
9.99375E-05 9.99375E-05 9.99375E-05 9.99375E-05 9.99375E-05 9.99375E-05 0.234928 0.016271 9.99375E-05 0.748101
9.99201E-05 9.99201E-05 0.999101 9.99201E-05 9.99201E-05 9.99201E-05 9.99201E-05 9.99201E-05 9.99201E-05 9.99201E-05
9.997E-05 0.13641 0.107941 0.335772 9.997E-05 0.0460512 0.0285386 0.0686242 9.997E-05 0.276363
0.0118592 0.280005 0.0176682 9.99553E-05 9.99553E-05 9.99553E-05 9.99553E-05 0.204044 9.99553E-05 0.485924
0.464585 9.99376E-05 9.99376E-05 9.99376E-05 9.99376E-05 0.223403 9.99376E-05 9.99376E-05 9.99376E-05 0.311312
0.0493958 9.99556E-05 0.167083 0.0522411 0.0581121 0.672669 9.99556E-05 9.99556E-05 9.99556E-05 9.99556E-05
9.99286E-05 0.740161 9.99286E-05 9.99286E-05 9.99286E-05 9.99286E-05 9.99286E-05 9.99286E-05 9.99286E-05 0.259039
0.0383118 0.38753 0.361612 9.99555E-05 9.99555E-05 9.99555E-05 0.0317488 9.99555E-05 0.180298 9.99555E-05
0.171212 0.447352 0.0332416 9.99554E-05 9.99554E-05 9.99554E-05 9.99554E-05 9.99554E-05 0.174618 0.173077
0.161258 9.99554E-05 9.99554E-05 0.369543 9.99554E-05 0.133022 0.0779902 9.99554E-05 0.257688 9.99554E-05
9.99731E-05 0.0244539 0.0137033 0.0465055 0.074365 0.190243 0.0379315 9.99731E-05 0.612498 9.99731E-05
0.116346 0.0519045 0.0926311 0.435947 9.99643E-05 9.99643E-05 0.262935 9.99643E-05 9.99643E-05 0.0398364
9.99375E-05 9.99375E-05 9.99375E-05 9.99375E-05 9.99375E-05 0.237503 0.338536 0.423262 9.99375E-05 9.99375E-05
0.0304008 9.99555E-05 0.339794 9.99555E-05 0.0196926 9.99555E-05 9.99555E-05 0.242215 9.99555E-05 0.367397
0.457012 9.99376E-05 9.99376E-05 0.111405 9.99376E-05 9.99376E-05 0.430883 9.99376E-05 9.99376E-05 9.99376E-05
0.407861 9.99375E-05 9.99375E-05 0.322251 9.99375E-05 9.99375E-05 9.99375E-05 9.99375E-05 9.99375E-05 0.269188
9.99642E-05 9.99642E-05 0.0891024 0.222292 0.0249208 9.99642E-05 0.430248 0.115545 0.117492 9.99642E-05
0.433134 9.99463E-05 9.99463E-05 0.27318 9.99463E-05 0.0703098 9.99463E-05 0.222776 9.99463E-05 9.99463E-05
9.99464E-05 0.10143 9.99464E-05 0.525954 9.99464E-05 0.0800981 0.291918 9.99464E-05 9.99464E-05 9.99464E-05
9.99372E-05 9.99372E-05 9.99372E-05 9.99372E-05 0.763037 9.99372E-05 9.99372E-05 0.19891 9.99372E-05 0.0373533
0.0771693 0.302028 9.99643E-05 9.99643E-05 9.99643E-05 0.0511547 0.429955 0.0288708 0.110421 9.99643E-05
0.723119 9.99375E-05 9.99375E-05 0.162363 9.99375E-05 9.99375E-05 9.99375E-05 0.113818 9.99375E-05 9.99375E-05
0.00516043 0.334593 0.106905 0.0667566 9.99732E-05 9.99732E-05 0.0176487 9.99732E-05 0.115879 0.352756
9.99375E-05 0.682181 9.99375E-05 0.239388 9.99375E-05 0.0777314 9.99375E-05 9.99375E-05 9.99375E-05 9.99375E-05
9.99556E-05 0.261665 9.99556E-05 9.99556E-05 9.99556E-05 0.358959 9.99556E-05 0.0225202 0.0922955 0.264061
9.99463E-05 9.99463E-05 9.99463E-05 0.285166 9.99463E-05 0.279271 9.99463E-05 0.276976 9.99463E-05 0.157987
0.0163462 9.99467E-05 9.99467E-05 9.99467E-05 9.99467E-05 0.62383 0.187603 9.99467E-05 0.171621 9.99467E-05
0.518258 9.99463E-05 9.99463E-05 9.99463E-05 9.99463E-05 0.0101243 9.99463E-05 0.2707 9.99463E-05 0.200318
9.99467E-05 9.99467E-05 9.99467E-05 9.99467E-05 9.99467E-05 0.375571 9.99467E-05 0.115685 0.0761724 0.431972
0.0382556 9.99466E-05 9.99466E-05 9.99466E-05 0.0171334 0.17614 9.99466E-05 9.99466E-05 9.99466E-05 0.767871
0.288579 9.99463E-05 0.439286 0.0863229 9.99463E-05 0.185212 9.99463E-05 9.99463E-05 9.99463E-05 9.99463E-05
0.220646 9.99465E-05 9.99465E-05 0.0940059 9.99465E-05 0.384427 0.300321 9.99465E-05 9.99465E-05 9.99465E-05
0.649601 0.349599 9.99285E-05 9.99285E-05 9.99285E-05 9.99285E-05 9.99285E-05 9.99285E-05 9.99285E-05 9.99285E-05
0.0602043 0.424288 9.99373E-05 9.99373E-05 9.99373E-05 0.514808 9.99373E-05 9.99373E-05 9.99373E-05 9.99373E-05
9.99643E-05 0.170792 0.132702 0.179833 9.99643E-05 0.268284 9.99643E-05 0.199902 9.99643E-05 0.0480867
9.99467E-05 0.282486 9.99467E-05 0.143657 9.99467E-05 9.99467E-05 9.99467E-05 0.0972837 9.99467E-05 0.475974
0.264672 9.99644E-05 0.031183 9.99644E-05 9.99644E-05 0.363443 0.0154649 0.0470088 9.99644E-05 0.277828
0.20866 9.99554E-05 0.133762 0.146467 9.99554E-05 0.256406 9.99554E-05 0.254205 9.99554E-05 9.99554E-05
0.181982 9.99642E-05 0.421102 0.0411705 9.99642E-05 0.0884698 0.0226815 9.99642E-05 9.99642E-05 0.244194
9.99463E-05 9.99463E-05 0.124072 9.99463E-05 9.99463E-05 0.121479 9.99463E-05 0.51029 0.24356 9.99463E-05
0.00565997 0.394864 9.99642E-05 0.214465 9.99642E-05 9.99642E-05 9.99642E-05 0.0976575 0.254849 0.0321057
9.99552E-05 0.457488 0.343189 0.0427344 9.99552E-05 9.99552E-05 9.99552E-05 0.0139708 9.99552E-05 0.142118
9.99552E-05 0.214329 0.452411 0.086726 9.99552E-05 9.99552E-05 9.99552E-05 0.0169651 9.99552E-05 0.229069
9.99731E-05 0.0405308 0.51632 0.120592 0.00590723 0.0728327 0.233344 9.99731E-05 0.0101728 9.99731E-05
0.135229 0.0254466 9.99554E-05 0.42471 9.99554E-05 0.353463 9.99554E-05 9.99554E-05 0.0606509 9.99554E-05
9.99465E-05 0.445243 9.99465E-05 0.184555 9.99465E-05 9.99465E-05 0.234451 9.99465E-05 0.135152 9.99465E-05
0.528019 9.99375E-05 9.99375E-05 0.00568409 9.99375E-05 0.465598 9.99375E-05 9.99375E-05 9.99375E-05 9.99375E-05
9.99286E-05 9.99286E-05 9.99286E-05 9.99286E-05 9.99286E-05 0.887547 9.99286E-05 0.111653 9.99286E-05 9.99286E-05
9.99644E-05 9.99644E-05 9.99644E-05 0.0989315 9.99644E-05 0.145729 0.0521911 0.065867 0.09108 0.545801
0.174069 9.99553E-05 9.99553E-05 9.99553E-05 9.99553E-05 0.502434 0.0866176 0.132196 9.99553E-05 0.104183
9.99553E-05 9.99553E-05 0.146555 9.99553E-05 9.99553E-05 0.49311 0.0680141 0.0283063 0.263515 9.99553E-05
9.99555E-05 9.99555E-05 0.0599069 9.99555E-05 0.0251008 0.163577 0.0583716 9.99555E-05 0.692544 9.99555E-05
0.429828 0.354059 9.99553E-05 0.0416364 9.99553E-05 9.99553E-05 0.112582 9.99553E-05 9.99553E-05 0.0613953
9.99377E-05 0.293918 9.99377E-05 9.99377E-05 9.99377E-05 0.0103233 9.99377E-05 9.99377E-05 0.695059 9.99377E-05
0.172432 0.307086 9.99376E-05 9.99376E-05 9.99376E-05 9.99376E-05 9.99376E-05 9.99376E-05 9.99376E-05 0.519782
0.164348 9.99465E-05 0.681871 0.0163404 9.99465E-05 9.99465E-05 9.99465E-05 9.99465E-05 0.136841 9.99465E-05
0.42264 0.0128477 0.0914632 9.99554E-05 9.99554E-05 0.394076 9.99554E-05 9.99554E-05 0.0784737 9.99554E-05
0.181118 9.99466E-05 0.301686 9.99466E-05 9.99466E-05 9.99466E-05 0.0105008 9.99466E-05 9.99466E-05 0.506095
0.321246 9.99465E-05 0.220256 0.0100397 9.99465E-05 0.447859 9.99465E-05 9.99465E-05 9.99465E-05 9.99465E-05
0.304838 9.99642E-05 0.216826 9.99642E-05 9.99642E-05 0.148267 9.99642E-05 0.00161911 0.182453 0.145598
0.477169 0.228427 9.99555E-05 9.99555E-05 0.0526997 9.99555E-05 9.99555E-05 0.0407269 0.200477 9.99555E-05
0.397522 9.99642E-05 0.150025 0.0463748 9.99642E-05 0.264115 0.127051 9.99642E-05 9.99642E-05 0.0145125
9.99554E-05 0.0421187 9.99554E-05 9.99554E-05 9.99554E-05 0.44969 0.255689 9.99554E-05 0.197051 0.0549504
9.99463E-05 0.274781 9.99463E-05 9.99463E-05 9.99463E-05 0.19303 9.99463E-05 0.130674 0.400916 9.99463E-05
0.182689 9.99464E-05 0.153388 9.99464E-05 9.99464E-05 9.99464E-05 9.99464E-05 0.571994 0.0913295 9.99464E-05
9.99464E-05 9.99464E-05 0.325839 0.509916 9.99464E-05 0.00775036 9.99464E-05 9.99464E-05 0.155895 9.99464E-05
0.082836 9.99464E-05 9.99464E-05 9.99464E-05 9.99464E-05 0.438898 9.99464E-05 0.398237 0.0794288 9.99464E-05
0.0934674 9.99554E-05 0.320764 0.162639 9.99554E-05 0.195629 9.99554E-05 9.99554E-05 9.99554E-05 0.227001
0.485082 0.0871975 9.995E-05 0.0794346 9.995E-05 9.995E-05 0.282781 9.995E-05 9.995E-05 0.0650053
0.0430935 9.99373E-05 9.99373E-05 9.99373E-05 9.99373E-05 9.99373E-05 0.816527 9.99373E-05 9.99373E-05 0.13968
0.0529515 9.99553E-05 9.99553E-05 0.0367583 9.99553E-05 9.99553E-05 0.148316 9.99553E-05 0.307001 0.454473
0.200192 9.99642E-05 9.99642E-05 0.120052 0.012291 0.108688 9.99642E-05 0.441519 9.99642E-05 0.116859
9.99553E-05 9.99553E-05 9.99553E-05 0.0295438 9.99553E-05 0.141265 0.0266657 0.0585204 9.99553E-05 0.743505
0.25528 9.99464E-05 0.037591 9.99464E-05 9.99464E-05 0.683574 9.99464E-05 0.0229553 9.99464E-05 9.99464E-05
9.99373E-05 9.99373E-05 9.99373E-05 9.99373E-05 9.99373E-05 0.325358 9.99373E-05 0.629419 9.99373E-05 0.044524
0.0141083 0.308781 9.99731E-05 0.35112 0.0154118 0.0873459 0.0260336 0.1969 9.99731E-05 9.99731E-05
0.541604 9.99374E-05 9.99374E-05 0.0854983 9.99374E-05 9.99374E-05 9.99374E-05 9.99374E-05 0.372198 9.99374E-05
0.112185 9.99376E-05 0.839761 9.99376E-05 9.99376E-05 9.99376E-05 0.047355 9.99376E-05 9.99376E-05 9.99376E-05
0.146381 9.99642E-05 0.107893 9.99642E-05 9.99642E-05 0.0683185 0.0950791 0.329006 0.252923 9.99642E-05
0.101885 9.99643E-05 0.0204189 0.155066 9.99643E-05 9.99643E-05 0.0852593 9.99643E-05 0.182831 0.454139
0.00853891 0.0972169 9.99642E-05 0.119818 9.99642E-05 0.323153 9.99642E-05 0.183429 9.99642E-05 0.267444
9.99464E-05 9.99464E-05 9.99464E-05 0.123472 9.99464E-05 9.99464E-05 0.0267224 9.99464E-05 0.392775 0.456431
0.189178 0.00215709 9.99553E-05 9.99553E-05 9.99553E-05 0.0663389 0.335463 0.406363 9.99553E-05 9.99553E-05
0.31671 9.99465E-05 9.99465E-05 0.243359 9.99465E-05 0.0380296 9.99465E-05 9.99465E-05 9.99465E-05 0.401302
0.146584 9.99643E-05 9.99643E-05 0.247816 9.99643E-05 0.475346 0.106851 0.0187214 0.00428028 9.99643E-05
0.528786 9.99555E-05 9.99555E-05 0.165754 9.99555E-05 0.112094 0.0743479 9.99555E-05 0.118518 9.99555E-05
9.99376E-05 9.99376E-05 9.99376E-05 0.465867 9.99376E-05 0.314074 9.99376E-05 9.99376E-05 9.99376E-05 0.219359
0.158363 9.99731E-05 0.0966228 0.02636 9.99731E-05 0.364047 9.99731E-05 0.0963744 0.0219062 0.236026
9.99375E-05 9.99375E-05 9.99375E-05 0.0906252 9.99375E-05 9.99375E-05 9.99375E-05 0.895354 0.0133214 9.99375E-05
9.99288E-05 0.141539 9.99288E-05 9.99288E-05 9.99288E-05 9.99288E-05 9.99288E-05 0.857662 9.99288E-05 9.99288E-05
9.99642E-05 0.0653085 9.99642E-05 0.194849 9.99642E-05 0.128913 0.0139316 0.170788 9.99642E-05 0.42581
9.99554E-05 0.155351 9.99554E-05 0.132498 9.99554E-05 9.99554E-05 0.150029 0.47916 9.99554E-05 0.0824623
