9.995E-05 9.995E-05 9.995E-05 9.995E-05 9.995E-05 9.995E-05 0.9994
9.99732E-05 0.0861412 0.0664586 0.0272943 9.99732E-05 0.819806 9.99732E-05
9.99554E-05 0.851016 0.148485 9.99554E-05 9.99554E-05 9.99554E-05 9.99554E-05
0.291301 0.216395 9.99911E-05 0.314634 0.00516925 0.156037 0.016364
0.276153 9.99644E-05 9.99644E-05 0.0127735 9.99644E-05 0.710674 9.99644E-05
0.383391 9.99642E-05 9.99642E-05 0.0631067 0.553102 9.99642E-05 9.99642E-05
0.406316 0.264761 0.150162 0.178461 9.99732E-05 9.99732E-05 9.99732E-05
0.403328 0.00999586 0.0911022 9.99732E-05 9.99732E-05 0.495274 9.99732E-05
0.0756529 0.335534 0.320714 0.116581 9.99821E-05 0.151319 9.99821E-05
0.359879 9.99642E-05 9.99642E-05 9.99642E-05 0.0635496 0.576172 9.99642E-05
0.126913 0.688507 9.99733E-05 9.99733E-05 0.0796541 0.104627 9.99733E-05
0.000229573 0.148584 0.72048 9.99732E-05 9.99732E-05 0.130406 9.99732E-05
0.127686 0.240528 0.246855 9.99732E-05 9.99732E-05 0.384631 9.99732E-05
0.543826 9.99733E-05 0.26641 0.128482 9.99733E-05 0.0609818 9.99733E-05
9.99734E-05 0.0808757 9.99734E-05 0.758043 0.151593 0.00918836 9.99734E-05
0.140029 0.013974 9.99733E-05 0.60658 9.99733E-05 0.239117 9.99733E-05
0.123541 9.99733E-05 0.257298 0.126261 9.99733E-05 0.4926 9.99733E-05
0.0197639 0.0667127 0.0830742 0.332202 0.00758028 0.490566 9.99911E-05
0.670496 9.99554E-05 0.329004 9.99554E-05 9.99554E-05 9.99554E-05 9.99554E-05
0.395368 0.259528 9.99642E-05 9.99642E-05 9.99642E-05 0.344704 9.99642E-05
0.202167 0.122102 9.99642E-05 9.99642E-05 0.675331 9.99642E-05 9.99642E-05
9.997E-05 0.21716 0.284111 9.997E-05 0.204135 0.294294 9.997E-05
0.195156 9.99554E-05 9.99554E-05 0.804345 9.99554E-05 9.99554E-05 9.99554E-05
0.0257315 9.99732E-05 0.059223 9.99732E-05 0.439446 0.475299 9.99732E-05
9.995E-05 9.995E-05 9.995E-05 9.995E-05 9.995E-05 0.9994 9.995E-05
9.99732E-05 0.201991 0.0625517 9.99732E-05 0.0729134 0.662244 9.99732E-05
0.98001 0.0194899 9.99555E-05 9.99555E-05 9.99555E-05 9.99555E-05 9.99555E-05
9.99643E-05 0.810762 0.0501235 0.138714 9.99643E-05 9.99643E-05 9.99643E-05
0.143479 0.367879 0.261989 9.99732E-05 9.99732E-05 0.226353 9.99732E-05
0.229193 0.255635 0.340169 9.99733E-05 0.174703 9.99733E-05 9.99733E-05
0.325016 0.674484 9.99552E-05 9.99552E-05 9.99552E-05 9.99552E-05 9.99552E-05
0.415489 0.487205 9.99733E-05 0.0243715 9.99733E-05 0.0726339 9.99733E-05
0.516314 0.42507 0.0582157 9.99643E-05 9.99643E-05 9.99643E-05 9.99643E-05
0.497995 9.99732E-05 0.250229 0.24007 9.99732E-05 0.0114065 9.99732E-05
0.0416777 9.99732E-05 0.506567 0.287663 9.99732E-05 0.163793 9.99732E-05
9.99823E-05 0.135943 0.264733 0.194025 0.0806827 0.324416 9.99823E-05
0.656109 9.99642E-05 9.99642E-05 9.99642E-05 9.99642E-05 0.284908 0.058583
0.0789664 0.920534 9.99552E-05 9.99552E-05 9.99552E-05 9.99552E-05 9.99552E-05
9.99732E-05 9.99732E-05 0.211555 0.704202 0.0385524 0.0453899 9.99732E-05
9.99733E-05 0.274555 0.123735 0.521497 9.99733E-05 9.99733E-05 0.0799138
0.0427945 0.8718 9.99643E-05 0.0850057 9.99643E-05 9.99643E-05 9.99643E-05
0.238348 0.318061 0.0862312 0.295246 0.0619152 9.99822E-05 9.99822E-05
0.15028 0.0272221 0.566994 0.255204 9.997E-05 9.997E-05 9.997E-05
0.458945 0.312845 9.99643E-05 0.22781 9.99643E-05 9.99643E-05 9.99643E-05
0.455518 0.337146 9.99733E-05 9.99733E-05 0.0315041 0.175531 9.99733E-05
0.0239638 9.99643E-05 0.206088 9.99643E-05 9.99643E-05 0.769548 9.99643E-05
0.00458433 0.287371 9.99732E-05 0.339916 9.99732E-05 0.367829 9.99732E-05
0.058551 0.0585111 0.15013 0.50508 0.227528 9.99821E-05 9.99821E-05
9.99821E-05 0.596283 9.99821E-05 0.16793 0.00209587 0.203575 0.0299163
9.99644E-05 9.99644E-05 9.99644E-05 0.561588 0.202986 0.235026 9.99644E-05
9.99732E-05 0.31252 9.99732E-05 0.0273851 0.163546 0.496249 9.99732E-05
9.99733E-05 0.492739 9.99733E-05 9.99733E-05 0.329067 0.143464 0.0344307
0.9994 9.995E-05 9.995E-05 9.995E-05 9.995E-05 9.995E-05 9.995E-05
0.291375 0.122096 0.00553477 0.132444 0.44835 9.99822E-05 9.99822E-05
9.99733E-05 0.296263 9.99733E-05 0.0019984 9.99733E-05 0.265715 0.435724
0.00174795 0.147198 0.497078 0.0825713 0.271204 9.99823E-05 9.99823E-05
9.997E-05 0.415565 9.997E-05 0.136355 0.121014 0.326766 9.997E-05
9.99645E-05 0.024337 0.267386 9.99645E-05 9.99645E-05 0.707877 9.99645E-05
9.99911E-05 0.293085 0.14834 0.0313787 0.104196 0.412197 0.010704
9.99553E-05 9.99553E-05 0.353531 9.99553E-05 9.99553E-05 0.645969 9.99553E-05
0.334839 0.373832 9.997E-05 9.997E-05 0.0169554 0.274073 9.997E-05
9.99642E-05 0.371108 0.198172 9.99642E-05 9.99642E-05 0.430321 9.99642E-05
0.33415 9.99732E-05 0.0940333 0.152879 9.99732E-05 0.418639 9.99732E-05
0.488461 0.448345 0.062795 9.99643E-05 9.99643E-05 9.99643E-05 9.99643E-05
0.0536106 0.608972 0.0840559 9.99732E-05 9.99732E-05 0.253062 9.99732E-05
9.99643E-05 0.0969525 9.99643E-05 0.28375 9.99643E-05 0.618897 9.99643E-05
9.99556E-05 9.99556E-05 0.963117 9.99556E-05 0.0363829 9.99556E-05 9.99556E-05
9.99643E-05 0.521255 0.427973 0.0503721 9.99643E-05 9.99643E-05 9.99643E-05
9.99821E-05 0.0527889 0.0769972 0.226416 0.275535 0.368063 9.99821E-05
0.104825 0.0184291 0.14019 0.587825 0.0891938 0.059437 9.99911E-05
0.352772 0.345489 0.294826 9.99734E-05 9.99734E-05 9.99734E-05 0.0066138
0.271308 9.99643E-05 9.99643E-05 9.99643E-05 0.24893 0.479362 9.99643E-05
9.99643E-05 9.99643E-05 0.488269 9.99643E-05 0.48011 9.99643E-05 0.031222
9.99732E-05 0.0221279 0.32979 9.99732E-05 0.578737 0.0690453 9.99732E-05
0.318685 0.408069 0.175933 0.0970131 9.99733E-05 9.99733E-05 9.99733E-05
0.416591 0.123009 0.336904 9.99821E-05 0.0615747 9.99821E-05 0.0617217
9.99643E-05 0.255092 0.579789 9.99643E-05 9.99643E-05 0.164719 9.99643E-05
9.99643E-05 0.411606 9.99643E-05 0.178833 9.99643E-05 0.409161 9.99643E-05
9.99644E-05 9.99644E-05 0.829307 9.99644E-05 0.116882 9.99644E-05 0.0534109
9.99733E-05 0.408005 0.112933 0.345482 9.99733E-05 0.133279 9.99733E-05
9.99643E-05 0.588119 0.144318 0.267163 9.99643E-05 9.99643E-05 9.99643E-05
9.99822E-05 0.354793 0.171553 0.0710323 9.99822E-05 0.387572 0.0148497
0.310301 0.0837601 0.0370337 0.568605 9.99732E-05 9.99732E-05 9.99732E-05
0.0181219 0.773456 0.1281 0.080022 9.99732E-05 9.99732E-05 9.99732E-05
9.9973E-05 0.0255742 9.9973E-05 0.030182 0.107753 9.9973E-05 0.836191
9.99733E-05 0.437931 0.0178306 9.99733E-05 0.223103 0.320835 9.99733E-05
0.122408 0.00094659 0.244033 0.547945 0.0844672 9.99821E-05 9.99821E-05
9.99732E-05 0.259368 0.150273 9.99732E-05 0.534698 0.0553609 9.99732E-05
0.580177 9.99554E-05 9.99554E-05 9.99554E-05 0.419324 9.99554E-05 9.99554E-05
0.163582 0.241897 9.99733E-05 9.99733E-05 0.495175 0.0990459 9.99733E-05
0.236904 0.505532 9.99821E-05 0.238812 9.99821E-05 0.0133103 0.00524111
0.739792 9.99734E-05 0.197814 0.0421184 9.99734E-05 9.99734E-05 0.0199758
0.131512 9.99642E-05 9.99642E-05 0.833138 9.99642E-05 0.0349502 9.99642E-05
0.422866 0.0424969 9.99733E-05 0.0540955 9.99733E-05 0.480242 9.99733E-05
9.99733E-05 0.16098 0.406487 9.99733E-05 0.419521 9.99733E-05 0.0127127
9.99552E-05 0.381696 0.617805 9.99552E-05 9.99552E-05 9.99552E-05 9.99552E-05
9.99643E-05 0.597373 0.334143 9.99643E-05 9.99643E-05 0.0680846 9.99643E-05
9.996E-05 9.996E-05 0.48564 0.104313 0.409648 9.996E-05 9.996E-05
0.689133 9.99732E-05 0.128684 9.99732E-05 0.152274 0.0296094 9.99732E-05
0.495633 0.0145713 0.0893102 0.245995 0.15429 9.99821E-05 9.99821E-05
9.99644E-05 0.421183 9.99644E-05 9.99644E-05 0.523105 0.0553126 9.99644E-05
0.256267 0.228585 0.199568 9.99822E-05 0.133003 0.182376 9.99822E-05
0.27155 0.21942 9.99643E-05 0.508631 9.99643E-05 9.99643E-05 9.99643E-05
9.99643E-05 0.0778951 0.61611 9.99643E-05 9.99643E-05 0.305595 9.99643E-05
0.434032 9.996E-05 0.115015 0.450553 9.996E-05 9.996E-05 9.996E-05
0.0710749 0.176212 9.99731E-05 9.99731E-05 0.431613 0.3208 9.99731E-05
0.0991353 9.99732E-05 0.370661 9.99732E-05 0.254817 0.275086 9.99732E-05
9.99642E-05 0.372124 0.418854 9.99642E-05 0.208622 9.99642E-05 9.99642E-05
0.08242 9.99642E-05 0.604505 9.99642E-05 9.99642E-05 0.312675 9.99642E-05
0.682342 0.161171 9.99642E-05 0.156087 9.99642E-05 9.99642E-05 9.99642E-05
0.10076 9.99644E-05 9.99644E-05 9.99644E-05 0.164483 0.734357 9.99644E-05
0.37677 0.108158 0.24648 0.268292 9.99732E-05 9.99732E-05 9.99732E-05
0.248659 0.571813 9.99644E-05 0.179128 9.99644E-05 9.99644E-05 9.99644E-05
0.173493 0.202458 9.99733E-05 0.211635 9.99733E-05 0.412114 9.99733E-05
9.99641E-05 0.377725 9.99641E-05 0.449774 0.172101 9.99641E-05 9.99641E-05
0.463907 9.997E-05 0.183148 0.108974 9.997E-05 0.243672 9.997E-05
0.332032 9.99822E-05 9.99822E-05 0.116968 0.348942 0.183314 0.0185438
9.99821E-05 0.410411 0.160062 0.159293 0.267403 0.00263065 9.99821E-05
0.537669 9.99556E-05 9.99556E-05 9.99556E-05 0.461831 9.99556E-05 9.99556E-05
0.0740744 9.99732E-05 9.99732E-05 0.139147 0.682418 0.10406 9.99732E-05
9.99554E-05 9.99554E-05 0.996679 0.00282092 9.99554E-05 9.99554E-05 9.99554E-05
0.470398 0.0241657 0.201837 0.303299 9.99732E-05 9.99732E-05 9.99732E-05
9.99643E-05 9.99643E-05 0.554086 0.102853 0.342661 9.99643E-05 9.99643E-05
0.202595 9.99642E-05 0.416438 0.380567 9.99642E-05 9.99642E-05 9.99642E-05
0.135758 0.25686 0.134613 0.405112 0.067456 9.99821E-05 9.99821E-05
9.99644E-05 0.218629 9.99644E-05 9.99644E-05 0.736791 9.99644E-05 0.04418
0.497748 9.99732E-05 0.418591 0.0169941 9.99732E-05 0.0663667 9.99732E-05
0.361372 9.99644E-05 0.0601431 9.99644E-05 9.99644E-05 0.578085 9.99644E-05
0.00841066 0.561738 9.99822E-05 9.99822E-05 0.31893 0.060695 0.0500266
9.99555E-05 9.99555E-05 0.099366 0.900134 9.99555E-05 9.99555E-05 9.99555E-05
0.401831 0.0888996 0.34598 0.162989 9.99732E-05 9.99732E-05 9.99732E-05
0.0747021 0.147629 0.0176414 0.487529 9.99822E-05 0.272299 9.99822E-05
0.46414 0.0377124 0.400023 0.0531061 9.99822E-05 0.0448188 9.99822E-05
0.157396 9.99732E-05 0.259249 0.438608 0.144448 9.99732E-05 9.99732E-05
9.996E-05 0.133434 0.263915 9.996E-05 9.996E-05 0.602251 9.996E-05
0.0948578 0.287421 0.145007 9.99732E-05 9.99732E-05 0.472414 9.99732E-05
9.99644E-05 0.412597 0.142201 0.444802 9.99644E-05 9.99644E-05 9.99644E-05
9.99644E-05 0.404481 9.99644E-05 0.149432 9.99644E-05 0.445688 9.99644E-05
0.697566 9.99642E-05 0.146045 0.155989 9.99642E-05 9.99642E-05 9.99642E-05
9.99554E-05 0.781163 9.99554E-05 0.218337 9.99554E-05 9.99554E-05 9.99554E-05
0.176812 0.815775 9.99643E-05 9.99643E-05 9.99643E-05 0.00701377 9.99643E-05
0.372723 9.99556E-05 9.99556E-05 0.626777 9.99556E-05 9.99556E-05 9.99556E-05
9.99645E-05 9.99645E-05 0.724441 0.194223 9.99645E-05 0.0809368 9.99645E-05
0.0301649 0.157168 0.296198 0.477091 9.99822E-05 0.0391789 9.99822E-05
0.165848 9.99643E-05 9.99643E-05 0.40181 9.99643E-05 0.431942 9.99643E-05
9.99553E-05 0.78517 9.99553E-05 9.99553E-05 9.99553E-05 0.21433 9.99553E-05
0.1042 0.289244 9.99644E-05 9.99644E-05 9.99644E-05 0.606157 9.99644E-05
0.0106514 0.12837 0.181746 0.478635 9.998E-05 0.200398 9.998E-05
0.0712748 0.757352 0.0256014 0.0996542 0.0376419 9.99911E-05 0.00837602
0.349825 0.287022 0.0491723 0.205404 9.99821E-05 0.108377 9.99821E-05
0.72409 9.99555E-05 9.99555E-05 0.27541 9.99555E-05 9.99555E-05 9.99555E-05
0.064626 0.934874 9.99556E-05 9.99556E-05 9.99556E-05 9.99556E-05 9.99556E-05
0.355688 0.13524 9.99731E-05 0.391137 9.99731E-05 0.117635 9.99731E-05
9.99645E-05 0.142578 9.99645E-05 0.279397 9.99645E-05 0.577626 9.99645E-05
9.99645E-05 9.99645E-05 9.99645E-05 0.580458 0.274413 0.144729 9.99645E-05
0.0942218 0.188799 0.0536804 0.193103 9.99821E-05 0.469996 9.99821E-05
9.99557E-05 0.326717 9.99557E-05 9.99557E-05 9.99557E-05 0.672784 9.99557E-05
