9.994E-05 9.994E-05 9.994E-05 9.994E-05 0.9993 9.994E-05 9.994E-05 9.994E-05
0.125151 9.99553E-05 9.99553E-05 0.294827 9.99553E-05 9.99553E-05 9.99553E-05 0.579522
9.99643E-05 0.362412 9.99643E-05 0.110668 9.99643E-05 0.215586 9.99643E-05 0.310934
9.99732E-05 0.0221978 0.543005 9.99732E-05 0.123972 0.0699438 9.99732E-05 0.240582
9.99465E-05 9.99465E-05 0.408857 0.590544 9.99465E-05 9.99465E-05 9.99465E-05 9.99465E-05
9.997E-05 9.997E-05 0.270223 0.0863837 9.997E-05 0.129679 0.0994041 0.41401
9.99642E-05 0.0458522 0.533932 9.99642E-05 9.99642E-05 0.274913 0.144903 9.99642E-05
9.99642E-05 9.99642E-05 9.99642E-05 0.35086 9.99642E-05 0.339386 0.192031 0.117323
0.0558965 0.536778 0.110407 0.0729227 9.99821E-05 9.99821E-05 0.183563 0.0402322
9.99821E-05 0.170431 0.215583 0.231704 9.99821E-05 0.0582629 0.110657 0.213162
9.99644E-05 0.254355 9.99644E-05 0.0668367 9.99644E-05 0.337504 9.99644E-05 0.340904
9.99463E-05 0.375078 9.99463E-05 9.99463E-05 9.99463E-05 9.99463E-05 0.624322 9.99463E-05
9.99821E-05 0.0575436 9.99821E-05 0.0515031 0.0108589 0.229812 0.202181 0.447902
9.99465E-05 9.99465E-05 0.239457 9.99465E-05 9.99465E-05 9.99465E-05 0.759944 9.99465E-05
0.743326 9.99556E-05 9.99556E-05 9.99556E-05 9.99556E-05 0.253609 9.99556E-05 0.00256537
0.660279 9.99466E-05 0.339121 9.99466E-05 9.99466E-05 9.99466E-05 9.99466E-05 9.99466E-05
0.165905 9.99822E-05 0.241257 0.353013 9.99822E-05 0.110252 0.11185 0.0175228
0.209351 0.0990013 0.0353984 0.438248 9.99733E-05 9.99733E-05 9.99733E-05 0.217702
9.99644E-05 0.601147 9.99644E-05 0.0733138 9.99644E-05 9.99644E-05 0.183561 0.141579
9.996E-05 0.167203 9.996E-05 0.0544589 9.996E-05 0.310363 9.996E-05 0.467575
9.99643E-05 9.99643E-05 0.180947 0.359313 9.99643E-05 0.247297 9.99643E-05 0.212043
9.99555E-05 0.187284 9.99555E-05 0.32858 9.99555E-05 9.99555E-05 9.99555E-05 0.483636
0.14004 9.99554E-05 0.629203 9.99554E-05 9.99554E-05 9.99554E-05 0.230257 9.99554E-05
9.996E-05 9.996E-05 0.230926 0.571093 9.996E-05 9.996E-05 0.0622849 0.135296
9.99555E-05 0.279726 9.99555E-05 0.403954 9.99555E-05 9.99555E-05 9.99555E-05 0.31582
9.99553E-05 0.228148 9.99553E-05 0.4791 9.99553E-05 9.99553E-05 9.99553E-05 0.292252
9.99643E-05 0.167288 0.418035 9.99643E-05 9.99643E-05 0.340601 0.0736751 9.99643E-05
9.99642E-05 0.25616 0.0783037 9.99642E-05 9.99642E-05 0.313684 9.99642E-05 0.351452
9.99642E-05 0.0542635 9.99642E-05 0.363762 9.99642E-05 0.531042 0.0505321 9.99642E-05
9.99555E-05 0.700148 9.99555E-05 0.208677 9.99555E-05 0.0906752 9.99555E-05 9.99555E-05
9.994E-05 9.994E-05 9.994E-05 9.994E-05 9.994E-05 0.9993 9.994E-05 9.994E-05
9.99465E-05 9.99465E-05 0.361731 9.99465E-05 9.99465E-05 0.637669 9.99465E-05 9.99465E-05
9.99554E-05 0.0567045 0.0665139 9.99554E-05 9.99554E-05 0.876282 9.99554E-05 9.99554E-05
0.239615 0.218107 9.99643E-05 0.321896 9.99643E-05 0.219982 9.99643E-05 9.99643E-05
0.278193 0.0724112 0.131304 0.342845 9.99731E-05 9.99731E-05 0.174946 9.99731E-05
0.0151058 9.99734E-05 9.99734E-05 0.206808 9.99734E-05 0.0550988 0.315417 0.407271
0.0823036 0.0865513 0.139294 0.492241 0.0954106 0.103999 9.99821E-05 9.99821E-05
9.994E-05 9.994E-05 9.994E-05 9.994E-05 9.994E-05 0.9993 9.994E-05 9.994E-05
0.797467 0.117685 9.99552E-05 0.0843482 9.99552E-05 9.99552E-05 9.99552E-05 9.99552E-05
0.75983 0.0338274 9.99644E-05 9.99644E-05 9.99644E-05 0.0406105 9.99644E-05 0.165333
9.99552E-05 9.99552E-05 0.0519558 9.99552E-05 9.99552E-05 0.477304 9.99552E-05 0.470241
0.240458 0.0782366 0.657657 9.99644E-05 0.0232489 9.99644E-05 9.99644E-05 9.99644E-05
0.301443 0.687985 9.99553E-05 9.99553E-05 0.0100718 9.99553E-05 9.99553E-05 9.99553E-05
0.0272571 0.0597649 0.259865 9.99821E-05 9.99821E-05 0.482314 0.164417 0.00618203
9.995E-05 0.321367 9.995E-05 9.995E-05 9.995E-05 0.294551 9.995E-05 0.383583
0.0914117 9.99554E-05 9.99554E-05 0.55803 9.99554E-05 9.99554E-05 9.99554E-05 0.350059
0.0804317 9.9991E-05 0.573952 0.1257 0.0081788 0.00349733 0.075128 0.133013
0.36696 9.99643E-05 0.00665466 9.99643E-05 9.99643E-05 9.99643E-05 0.0522002 0.573785
0.389955 9.99732E-05 9.99732E-05 0.0207409 0.0150993 0.400337 9.99732E-05 0.173568
9.99556E-05 9.99556E-05 0.0237109 9.99556E-05 9.99556E-05 9.99556E-05 0.792195 0.183594
9.99553E-05 9.99553E-05 0.0852681 0.165535 9.99553E-05 9.99553E-05 9.99553E-05 0.748697
9.996E-05 9.996E-05 0.147796 0.0434553 9.996E-05 0.353811 9.996E-05 0.454538
9.99643E-05 9.99643E-05 0.5355 0.0221289 9.99643E-05 0.0117761 9.99643E-05 0.430195
0.0241982 0.417831 9.99733E-05 0.0420864 9.99733E-05 0.138347 9.99733E-05 0.377237
0.189761 9.99821E-05 0.00100506 0.0315651 0.664197 0.0867342 9.99821E-05 0.0265377
0.19208 0.335026 9.99556E-05 0.472394 9.99556E-05 9.99556E-05 9.99556E-05 9.99556E-05
0.0147113 9.99643E-05 9.99643E-05 0.415526 9.99643E-05 0.393829 9.99643E-05 0.175534
0.218033 9.99555E-05 0.0119551 0.769512 9.99555E-05 9.99555E-05 9.99555E-05 9.99555E-05
9.99465E-05 9.99465E-05 9.99465E-05 9.99465E-05 9.99465E-05 9.99465E-05 0.181853 0.817547
0.149541 0.040729 9.99642E-05 0.750559 9.99642E-05 9.99642E-05 0.0587719 9.99642E-05
0.00159453 9.99733E-05 0.120648 0.231045 9.99733E-05 0.39519 9.99733E-05 0.251222
9.99821E-05 0.0196788 0.0144792 0.403138 9.99821E-05 0.352025 0.0817561 0.128723
9.99554E-05 9.99554E-05 0.395827 0.510569 9.99554E-05 9.99554E-05 0.0931043 9.99554E-05
9.99642E-05 0.487682 0.276357 9.99642E-05 9.99642E-05 0.0804421 9.99642E-05 0.15512
9.99731E-05 0.0320942 0.257802 0.0341221 9.99731E-05 0.115815 9.99731E-05 0.559867
0.14828 0.002314 9.99554E-05 9.99554E-05 9.99554E-05 9.99554E-05 9.99554E-05 0.848906
9.994E-05 9.994E-05 9.994E-05 9.994E-05 9.994E-05 9.994E-05 0.9993 9.994E-05
9.99732E-05 0.00960826 0.0222043 9.99732E-05 9.99732E-05 0.272859 0.0940848 0.600944
0.123612 9.99554E-05 9.99554E-05 0.125765 9.99554E-05 9.99554E-05 9.99554E-05 0.750123
0.089277 9.99642E-05 0.29873 9.99642E-05 9.99642E-05 9.99642E-05 0.129727 0.481866
9.99468E-05 0.968236 9.99468E-05 9.99468E-05 9.99468E-05 9.99468E-05 9.99468E-05 0.0311644
9.99643E-05 9.99643E-05 0.0879534 0.514032 9.99643E-05 9.99643E-05 0.0254061 0.372208
0.0945306 0.298755 9.99733E-05 0.169521 0.0112611 9.99733E-05 0.425632 9.99733E-05
9.996E-05 9.996E-05 9.996E-05 0.340524 9.996E-05 0.094155 0.105877 0.459044
9.99554E-05 0.427546 0.437659 0.134296 9.99554E-05 9.99554E-05 9.99554E-05 9.99554E-05
9.99642E-05 0.475722 9.99642E-05 0.358751 0.0239324 0.141195 9.99642E-05 9.99642E-05
0.165738 9.99732E-05 0.0282339 0.329892 9.99732E-05 0.283314 9.99732E-05 0.192522
0.37517 0.0351258 9.99733E-05 0.264439 9.99733E-05 0.311677 9.99733E-05 0.0132887
9.99643E-05 0.364064 9.99643E-05 0.131692 9.99643E-05 9.99643E-05 0.321352 0.182493
0.334401 9.99748E-05 9.99748E-05 0.197759 9.99748E-05 0.232408 0.192718 0.0424144
0.0879538 0.285599 0.219624 9.99732E-05 9.99732E-05 0.0562304 9.99732E-05 0.350294
0.145637 0.00208026 9.99821E-05 0.455863 0.0175275 0.318861 0.0598311 9.99821E-05
0.359287 0.127351 0.512862 9.99554E-05 9.99554E-05 9.99554E-05 9.99554E-05 9.99554E-05
9.99643E-05 0.0748922 9.99643E-05 0.0683082 9.99643E-05 0.680718 9.99643E-05 0.175682
9.9964E-05 0.13634 9.9964E-05 9.9964E-05 0.737422 0.0264857 9.9964E-05 0.0993528
9.99554E-05 0.306413 9.99554E-05 0.552099 9.99554E-05 0.140989 9.99554E-05 9.99554E-05
0.712116 0.0979218 0.13038 9.99642E-05 9.99642E-05 0.0591822 9.99642E-05 9.99642E-05
9.99555E-05 9.99555E-05 9.99555E-05 0.344989 9.99555E-05 0.0834006 9.99555E-05 0.57111
0.0541241 9.99644E-05 9.99644E-05 9.99644E-05 9.99644E-05 0.517435 0.32729 0.100751
0.500087 9.99556E-05 9.99556E-05 9.99556E-05 9.99556E-05 0.242622 9.99556E-05 0.256791
9.99821E-05 0.0114388 0.118238 9.99821E-05 0.0607648 0.361858 0.00582554 0.441675
9.99644E-05 0.539127 0.0751242 0.317203 9.99644E-05 0.0681459 9.99644E-05 9.99644E-05
0.440436 0.141741 0.343647 9.99641E-05 9.99641E-05 9.99641E-05 9.99641E-05 0.0737752
9.99555E-05 9.99555E-05 0.595689 0.198014 9.99555E-05 9.99555E-05 9.99555E-05 0.205797
9.99644E-05 0.275374 0.0302383 9.99644E-05 0.0272076 9.99644E-05 9.99644E-05 0.666781
9.99554E-05 0.856736 9.99554E-05 9.99554E-05 9.99554E-05 0.0123778 0.130386 9.99554E-05
9.99643E-05 0.409277 9.99643E-05 0.281374 9.99643E-05 0.199824 9.99643E-05 0.109125
9.99554E-05 0.497827 9.99554E-05 9.99554E-05 9.99554E-05 9.99554E-05 0.122029 0.379645
0.0356422 0.410386 0.164972 0.139253 9.99822E-05 0.249057 0.000489818 9.99822E-05
9.996E-05 0.0631845 9.996E-05 9.996E-05 9.996E-05 0.093159 0.484316 0.358941
9.99733E-05 0.0301862 9.99733E-05 9.99733E-05 0.180923 0.145718 0.152415 0.490458
0.195471 0.67306 9.99554E-05 9.99554E-05 9.99554E-05 9.99554E-05 9.99554E-05 0.130969
0.321472 0.0117629 0.0382761 9.998E-05 9.998E-05 0.486294 0.123822 0.0181721
0.0399724 0.517897 9.99732E-05 0.0817999 9.99732E-05 9.99732E-05 0.094715 0.265316
0.0940088 0.0661112 0.215555 0.0573254 9.99733E-05 9.99733E-05 0.5667 9.99733E-05
0.109227 9.99642E-05 9.99642E-05 0.44547 9.99642E-05 0.184125 9.99642E-05 0.260778
9.99642E-05 9.99642E-05 9.99642E-05 0.269955 9.99642E-05 0.105166 0.597164 0.027315
9.99732E-05 9.99732E-05 9.99732E-05 0.0302163 0.0381932 0.140738 0.307082 0.48347
9.99641E-05 0.186843 9.99641E-05 0.0443905 9.99641E-05 0.0157088 0.752657 9.99641E-05
9.99554E-05 0.117221 0.686884 9.99554E-05 9.99554E-05 0.195395 9.99554E-05 9.99554E-05
9.99644E-05 9.99644E-05 9.99644E-05 0.699529 0.0150475 9.99644E-05 0.10435 0.180674
0.0655372 0.731626 0.202337 9.99552E-05 9.99552E-05 9.99552E-05 9.99552E-05 9.99552E-05
9.99465E-05 0.442826 9.99465E-05 9.99465E-05 9.99465E-05 0.556575 9.99465E-05 9.99465E-05
9.99555E-05 9.99555E-05 0.387015 0.202126 9.99555E-05 9.99555E-05 9.99555E-05 0.410359
0.44785 0.199938 9.99641E-05 9.99641E-05 9.99641E-05 0.0819213 9.99641E-05 0.269891
9.997E-05 0.278898 0.290981 0.13645 9.997E-05 0.0225848 0.270785 9.997E-05
0.0105535 9.99822E-05 0.0666492 0.306482 0.183262 0.149659 0.283194 9.99822E-05
0.113444 0.277948 0.174318 0.187927 9.99732E-05 0.246063 9.99732E-05 9.99732E-05
9.99733E-05 0.100546 0.235876 0.527774 0.116584 9.99733E-05 0.0189197 9.99733E-05
0.241107 9.99555E-05 9.99555E-05 0.123851 9.99555E-05 9.99555E-05 9.99555E-05 0.634542
9.99554E-05 0.393371 9.99554E-05 9.99554E-05 9.99554E-05 9.99554E-05 0.480786 0.125344
0.0602464 0.611004 0.328249 9.99554E-05 9.99554E-05 9.99554E-05 9.99554E-05 9.99554E-05
0.105517 0.0629584 9.99733E-05 0.0959763 9.99733E-05 9.99733E-05 0.174214 0.561034
0.141304 0.729632 9.99642E-05 9.99642E-05 9.99642E-05 9.99642E-05 0.0221067 0.106558
9.99732E-05 0.0797742 0.348565 9.99732E-05 0.00890606 9.99732E-05 0.468381 0.0940743
0.316219 0.159646 0.02558 0.0896757 0.173338 9.99822E-05 9.99822E-05 0.235342
9.99642E-05 0.446699 0.40189 0.142245 9.99642E-05 9.99642E-05 9.99642E-05 0.00876644
9.99732E-05 0.250801 0.323257 0.186609 9.99732E-05 9.99732E-05 0.111455 0.127578
9.99643E-05 9.99643E-05 9.99643E-05 0.724214 0.107187 0.161858 0.00634135 9.99643E-05
0.560753 0.179191 9.99642E-05 0.0327361 9.99642E-05 9.99642E-05 0.22692 9.99642E-05
0.00145156 9.99642E-05 0.00626206 9.99642E-05 9.99642E-05 0.386892 0.604995 9.99642E-05
0.250611 0.546019 0.20287 9.995E-05 9.995E-05 9.995E-05 9.995E-05 9.995E-05
9.997E-05 0.249392 0.369997 9.997E-05 0.0156891 9.997E-05 0.195696 0.168926
0.495016 9.998E-05 0.157442 0.045006 9.998E-05 0.0459303 0.01649 0.239916
9.99643E-05 9.99643E-05 0.0462273 0.495212 9.99643E-05 0.00876071 9.99643E-05 0.4494
0.0368713 0.0887401 0.217423 0.656566 9.99642E-05 9.99642E-05 9.99642E-05 9.99642E-05
0.199096 0.109326 0.235926 9.99732E-05 9.99732E-05 0.126405 9.99732E-05 0.328948
9.99554E-05 0.0742153 9.99554E-05 9.99554E-05 9.99554E-05 0.0700529 9.99554E-05 0.855232
0.0437593 0.347835 0.243148 9.99643E-05 9.99643E-05 9.99643E-05 9.99643E-05 0.364858
0.122856 0.181379 9.99643E-05 9.99643E-05 9.99643E-05 0.259398 9.99643E-05 0.435967
9.99732E-05 0.196931 0.104347 0.246556 0.00869734 0.443169 9.99732E-05 9.99732E-05
9.994E-05 9.994E-05 0.9993 9.994E-05 9.994E-05 9.994E-05 9.994E-05 9.994E-05
9.99466E-05 9.99466E-05 0.282675 9.99466E-05 9.99466E-05 9.99466E-05 0.716725 9.99466E-05
0.0788378 9.99643E-05 0.492966 0.0357104 9.99643E-05 9.99643E-05 0.392086 9.99643E-05
0.183131 9.99733E-05 0.0688869 0.095756 9.99733E-05 9.99733E-05 0.131116 0.520811
0.0385208 9.995E-05 9.995E-05 9.995E-05 9.995E-05 0.661312 9.995E-05 0.299667
9.996E-05 9.996E-05 0.454888 0.254832 9.996E-05 0.13393 9.996E-05 0.155949
0.23663 0.167514 0.172295 0.294129 9.998E-05 9.998E-05 0.0602747 0.0689582
9.99733E-05 0.0669522 0.480742 9.99733E-05 0.0180857 0.296856 9.99733E-05 0.137064
9.99732E-05 0.143514 0.364054 0.0332268 9.99732E-05 0.356516 0.102389 9.99732E-05
0.0510726 0.0875287 0.813903 0.0470956 9.99644E-05 9.99644E-05 9.99644E-05 9.99644E-05
9.99555E-05 0.084142 9.99555E-05 9.99555E-05 9.99555E-05 0.648227 9.99555E-05 0.267131
0.0146929 0.122675 0.337438 9.99821E-05 9.99821E-05 0.112116 0.314259 0.0986185
0.511421 9.99555E-05 9.99555E-05 9.99555E-05 9.99555E-05 0.228213 9.99555E-05 0.259866
0.970632 9.99556E-05 9.99556E-05 0.0171554 0.0117129 9.99556E-05 9.99556E-05 9.99556E-05
0.102587 9.99731E-05 9.99731E-05 0.0538947 9.99731E-05 0.149205 0.0120716 0.681941
0.380929 9.996E-05 9.996E-05 0.262833 9.996E-05 0.290382 9.996E-05 0.0654562
