9.998E-05 9.998E-05 9.998E-05 0.9997
0.563415 9.99822E-05 0.436385 9.99822E-05
0.618707 0.317264 0.00831992 0.0557091
0.381744 0.305708 0.24484 0.0677085
0.256619 9.99822E-05 0.743181 9.99822E-05
0.375711 0.337873 0.252366 0.0340502
0.25955 0.74025 9.99822E-05 9.99822E-05
0.964576 9.99822E-05 0.0352245 9.99822E-05
0.0442749 0.663603 0.292022 9.99911E-05
0.483648 0.0792794 0.436972 9.99911E-05
0.731305 0.268495 9.99822E-05 9.99822E-05
0.0735678 0.645667 0.280666 9.99911E-05
0.815664 9.99911E-05 0.169021 0.0152143
0.141797 0.308289 0.549814 9.99911E-05
0.18274 0.81706 9.99823E-05 9.99823E-05
9.998E-05 0.9997 9.998E-05 9.998E-05
0.343857 9.99822E-05 0.655943 9.99822E-05
0.654853 9.99822E-05 0.344947 9.99822E-05
9.99822E-05 0.0137807 0.986019 9.99822E-05
0.9997 9.998E-05 9.998E-05 9.998E-05
0.936688 0.063112 9.99822E-05 9.99822E-05
0.96544 0.0343604 9.99822E-05 9.99822E-05
9.998E-05 0.9997 9.998E-05 9.998E-05
0.539044 9.99822E-05 0.460756 9.99822E-05
0.825363 9.99823E-05 0.174437 9.99823E-05
0.65253 9.99821E-05 0.34727 9.99821E-05
0.0758113 0.632145 0.291944 9.99911E-05
0.159971 0.839829 9.99822E-05 9.99822E-05
0.635631 9.99911E-05 0.312378 0.0518918
0.075908 0.724483 0.199509 9.99911E-05
0.660477 0.339323 9.99821E-05 9.99821E-05
0.716266 0.283534 9.99821E-05 9.99821E-05
0.176465 0.823335 9.99822E-05 9.99822E-05
0.177404 0.363184 0.459311 9.99911E-05
9.998E-05 9.998E-05 0.9997 9.998E-05
0.918154 0.0124256 0.0693206 9.99912E-05
0.107149 0.0269804 0.658825 0.207046
0.941977 0.0578232 9.99821E-05 9.99821E-05
9.99821E-05 0.437179 0.562621 9.99821E-05
0.453044 0.51855 9.99911E-05 0.0283063
0.72329 0.27651 9.99821E-05 9.99821E-05
9.998E-05 0.9997 9.998E-05 9.998E-05
9.99821E-05 0.81485 0.18495 9.99821E-05
0.312024 0.481435 0.206442 9.99911E-05
0.891385 0.0446876 9.99911E-05 0.0638279
0.4767 9.99822E-05 0.5231 9.99822E-05
0.0799891 0.457022 0.462889 9.99911E-05
0.168878 0.830922 9.99822E-05 9.99822E-05
0.750367 0.183445 9.99911E-05 0.0660876
0.00203123 0.360951 0.636918 9.99911E-05
0.971444 9.99822E-05 0.0283559 9.99822E-05
0.883037 0.0188372 9.99911E-05 0.0980258
0.472726 0.272044 0.25513 9.99911E-05
0.522336 0.477464 9.99823E-05 9.99823E-05
0.532038 9.99822E-05 9.99822E-05 0.467762
0.106701 0.323096 0.556682 0.0135209
0.731068 9.99822E-05 0.268732 9.99822E-05
0.520849 9.99823E-05 0.478951 9.99823E-05
0.978409 9.99822E-05 9.99822E-05 0.0213915
0.126393 9.99822E-05 0.873407 9.99822E-05
0.785249 0.142558 0.0720924 9.99911E-05
0.330351 9.99821E-05 0.669449 9.99821E-05
0.150528 0.0929339 0.756438 9.99911E-05
0.409684 0.590116 9.99821E-05 9.99821E-05
0.729476 0.270324 9.99821E-05 9.99821E-05
0.9404 9.99822E-05 0.0594003 9.99822E-05
9.998E-05 0.9997 9.998E-05 9.998E-05
0.692444 0.307356 9.99821E-05 9.99821E-05
0.879068 9.99822E-05 0.120732 9.99822E-05
0.149128 0.683953 0.166819 9.99911E-05
9.99911E-05 0.933676 0.0324637 0.0337599
0.9997 9.998E-05 9.998E-05 9.998E-05
9.99911E-05 0.37481 0.548268 0.0768227
0.710822 0.288978 9.99822E-05 9.99822E-05
0.339917 0.659883 9.99822E-05 9.99822E-05
0.147078 0.158414 0.564382 0.130126
0.540248 0.268596 0.191056 9.99911E-05
0.59017 0.218437 0.191293 9.99911E-05
9.99911E-05 0.46933 0.404043 0.126527
0.416054 0.142683 0.441162 9.99911E-05
0.244755 0.755045 9.99822E-05 9.99822E-05
0.594778 0.117417 0.287705 9.99911E-05
9.998E-05 0.9997 9.998E-05 9.998E-05
0.83032 0.16948 9.99821E-05 9.99821E-05
9.9982E-05 0.275001 9.9982E-05 0.724799
0.662745 0.10675 0.217503 0.0130019
9.99822E-05 0.99786 9.99822E-05 0.00194013
0.743408 9.99822E-05 0.256392 9.99822E-05
0.31651 0.381682 0.301709 9.99911E-05
0.870316 9.99822E-05 9.99822E-05 0.129484
0.654008 0.345792 9.99821E-05 9.99821E-05
9.99822E-05 0.357768 0.642032 9.99822E-05
9.99821E-05 0.708158 0.291642 9.99821E-05
0.347668 0.146889 0.505343 9.99911E-05
0.299772 0.583623 9.99911E-05 0.116505
9.99822E-05 0.962443 0.0373572 9.99822E-05
0.412827 0.586973 9.99822E-05 9.99822E-05
9.99822E-05 0.907626 0.0921745 9.99822E-05
0.330149 0.397745 0.272006 9.99911E-05
0.320045 0.58408 0.0957742 9.99911E-05
0.612216 0.256367 9.99911E-05 0.131316
0.36348 0.597563 9.99911E-05 0.0388567
0.248738 0.305119 0.446044 9.99911E-05
0.199841 0.572979 0.227081 9.99911E-05
9.99822E-05 0.190926 0.808874 9.99822E-05
0.911096 9.99822E-05 0.0887039 9.99822E-05
0.714934 9.99822E-05 0.284866 9.99822E-05
0.794207 0.173486 9.99911E-05 0.0322062
0.31847 0.188047 0.493383 9.99911E-05
0.0662986 0.613815 0.319786 9.99911E-05
0.660329 9.99822E-05 0.339471 9.99822E-05
9.99821E-05 0.854232 0.145568 9.99821E-05
0.443808 0.448235 0.107857 9.99911E-05
0.882807 9.99822E-05 0.116993 9.99822E-05
0.408157 0.591643 9.99821E-05 9.99821E-05
0.0559115 0.280219 0.649884 0.0139856
0.0510768 0.397219 0.409683 0.142021
0.411552 0.270908 0.31744 9.99911E-05
9.99822E-05 9.99822E-05 0.802516 0.197284
0.380174 0.498278 0.121448 9.99911E-05
0.120088 0.616913 0.262899 9.99911E-05
9.99821E-05 0.921481 0.0783192 9.99821E-05
0.281322 0.525243 0.193334 9.99911E-05
9.99821E-05 0.872219 0.127581 9.99821E-05
0.0217451 0.702703 0.275451 9.99911E-05
9.99911E-05 0.679485 0.00855306 0.311862
0.0994828 0.272901 0.627516 9.99911E-05
0.411037 0.254106 0.334757 9.99911E-05
0.759838 9.99911E-05 0.0904864 0.149575
9.99823E-05 0.764281 0.235519 9.99823E-05
0.256946 0.438927 0.304027 9.99911E-05
9.99822E-05 0.909229 0.0905714 9.99822E-05
9.99822E-05 0.774769 0.225031 9.99822E-05
0.150489 0.166386 0.683026 9.99911E-05
0.423307 9.99822E-05 0.576493 9.99822E-05
0.378065 9.99821E-05 0.621735 9.99821E-05
0.00742284 0.953965 0.0385119 9.99911E-05
0.850686 0.0481552 0.101059 9.99911E-05
0.212009 0.787791 9.99822E-05 9.99822E-05
0.553271 0.446529 9.99822E-05 9.99822E-05
0.577343 0.422458 9.99821E-05 9.99821E-05
9.99822E-05 0.767829 0.231971 9.99822E-05
9.99823E-05 0.260615 0.739186 9.99823E-05
0.0264727 0.30652 0.666908 9.99911E-05
0.424396 9.99911E-05 0.539875 0.0356295
0.922682 0.0771184 9.99821E-05 9.99821E-05
0.952735 9.99822E-05 0.0470648 9.99822E-05
0.105376 0.498907 0.395618 9.99911E-05
0.404529 0.520042 0.0452534 0.030176
0.23738 0.380341 0.382179 9.99911E-05
9.99823E-05 0.368929 0.630872 9.99823E-05
0.829363 0.170437 9.99822E-05 9.99822E-05
0.315921 0.600043 0.0839366 9.99911E-05
0.9997 9.998E-05 9.998E-05 9.998E-05
0.268529 0.694581 9.99912E-05 0.0367905
0.909774 0.00518593 0.0849405 9.99911E-05
0.931283 9.99823E-05 0.0685173 9.99823E-05
