9.994E-05 9.994E-05 9.994E-05 9.994E-05 0.9993 9.994E-05 9.994E-05 9.994E-05
0.279672 0.292539 9.99642E-05 0.0852595 9.99642E-05 0.34213 9.99642E-05 9.99642E-05
0.381922 0.447299 0.0253352 9.99642E-05 9.99642E-05 9.99642E-05 0.145044 9.99642E-05
0.356547 0.286421 9.99732E-05 0.105616 9.99732E-05 9.99732E-05 0.217794 0.0333215
9.99643E-05 0.537804 0.129755 0.282492 9.99643E-05 0.0495491 9.99643E-05 9.99643E-05
9.99732E-05 0.0027451 9.99732E-05 0.217813 9.99732E-05 0.0772711 0.139946 0.561925
9.99642E-05 9.99642E-05 9.99642E-05 0.386004 9.99642E-05 0.00554415 0.227309 0.380743
0.238972 9.99644E-05 0.0917467 9.99644E-05 9.99644E-05 0.352317 9.99644E-05 0.316565
0.00785715 0.00943548 0.500103 0.323257 9.9991E-05 0.00239981 0.130437 0.0264098
0.256497 0.139264 0.168419 0.226972 9.99732E-05 9.99732E-05 9.99732E-05 0.208548
0.425853 0.121304 0.291835 0.0245083 9.99732E-05 9.99732E-05 9.99732E-05 0.1362
9.99553E-05 0.0466628 0.700071 9.99553E-05 9.99553E-05 0.252766 9.99553E-05 9.99553E-05
9.99642E-05 0.0660189 0.16462 9.99642E-05 9.99642E-05 0.643363 9.99642E-05 0.125599
9.99644E-05 9.99644E-05 0.417848 9.99644E-05 9.99644E-05 0.226975 0.166849 0.187928
0.241224 0.512691 9.99556E-05 9.99556E-05 9.99556E-05 9.99556E-05 0.245586 9.99556E-05
9.99466E-05 9.99466E-05 9.99466E-05 0.595951 9.99466E-05 9.99466E-05 0.403449 9.99466E-05
0.162375 9.99644E-05 9.99644E-05 0.390811 9.99644E-05 0.323648 9.99644E-05 0.122767
9.99554E-05 0.553966 9.99554E-05 9.99554E-05 9.99554E-05 0.28821 0.157324 9.99554E-05
9.99554E-05 9.99554E-05 0.882245 9.99554E-05 9.99554E-05 0.0472195 9.99554E-05 0.070036
0.585082 9.99463E-05 9.99463E-05 9.99463E-05 9.99463E-05 9.99463E-05 9.99463E-05 0.414318
0.0691409 0.288805 9.99732E-05 0.100968 9.99732E-05 0.215238 9.99732E-05 0.325548
0.259811 9.99733E-05 0.0074436 0.0756426 9.99733E-05 0.498643 9.99733E-05 0.15816
9.99554E-05 9.99554E-05 9.99554E-05 0.26235 9.99554E-05 0.182338 0.554812 9.99554E-05
0.143314 9.99555E-05 9.99555E-05 0.73896 9.99555E-05 9.99555E-05 9.99555E-05 0.117226
0.606702 0.0228969 0.369901 9.99555E-05 9.99555E-05 9.99555E-05 9.99555E-05 9.99555E-05
0.26142 0.308556 0.107097 0.0668118 9.99821E-05 0.243278 0.0126363 9.99821E-05
9.99464E-05 9.99464E-05 9.99464E-05 9.99464E-05 9.99464E-05 9.99464E-05 0.328601 0.670799
0.588749 0.108468 9.99553E-05 9.99553E-05 9.99553E-05 9.99553E-05 0.302283 9.99553E-05
9.99552E-05 9.99552E-05 0.312313 9.99552E-05 9.99552E-05 0.427046 9.99552E-05 0.260141
0.0994592 0.0563776 0.315313 9.99822E-05 9.99822E-05 0.106233 0.369166 0.0532503
0.0556788 9.99641E-05 9.99641E-05 9.99641E-05 9.99641E-05 0.325765 0.266039 0.352117
0.2896 9.99732E-05 9.99732E-05 0.0790113 9.99732E-05 0.0557728 0.0404551 0.534861
9.99464E-05 9.99464E-05 9.99464E-05 9.99464E-05 9.99464E-05 9.99464E-05 0.457363 0.542037
9.99732E-05 0.161343 0.0921765 9.99732E-05 9.99732E-05 0.0125843 0.398649 0.334947
9.99732E-05 0.124727 0.267297 0.229152 9.99732E-05 0.0117413 0.366783 9.99732E-05
9.99556E-05 9.99556E-05 9.99556E-05 0.0963888 9.99556E-05 0.751012 9.99556E-05 0.152099
9.99642E-05 9.99642E-05 0.249466 0.141332 0.0710696 9.99642E-05 9.99642E-05 0.537732
0.472245 9.99551E-05 9.99551E-05 9.99551E-05 9.99551E-05 9.99551E-05 0.0883783 0.438877
9.99552E-05 0.349989 0.200095 9.99552E-05 9.99552E-05 9.99552E-05 0.449416 9.99552E-05
0.254289 0.164502 9.99644E-05 9.99644E-05 0.0576203 9.99644E-05 0.523189 9.99644E-05
0.523903 0.274995 9.99641E-05 9.99641E-05 9.99641E-05 9.99641E-05 0.108965 0.0917369
9.99556E-05 0.0328359 9.99556E-05 0.080607 9.99556E-05 9.99556E-05 0.886057 9.99556E-05
9.99553E-05 9.99553E-05 0.138222 9.99553E-05 9.99553E-05 0.0510879 0.81019 9.99553E-05
0.087772 9.99641E-05 9.99641E-05 0.263045 9.99641E-05 9.99641E-05 0.169129 0.479654
0.603782 9.99554E-05 0.0884151 9.99554E-05 9.99554E-05 9.99554E-05 9.99554E-05 0.307303
0.0918868 0.633843 9.99555E-05 9.99555E-05 9.99555E-05 0.273771 9.99555E-05 9.99555E-05
0.124221 0.507825 9.99642E-05 0.278122 9.99642E-05 9.99642E-05 0.0894324 9.99642E-05
0.182537 9.99554E-05 9.99554E-05 9.99554E-05 9.99554E-05 0.570003 0.246961 9.99554E-05
0.3762 0.494683 9.99642E-05 9.99642E-05 9.99642E-05 0.107423 0.0212939 9.99642E-05
9.99554E-05 9.99554E-05 0.0868057 0.826079 9.99554E-05 0.0866155 9.99554E-05 9.99554E-05
0.602775 9.99643E-05 0.0576248 0.232608 9.99643E-05 0.106592 9.99643E-05 9.99643E-05
0.750435 9.99645E-05 9.99645E-05 0.22493 0.0177385 0.00649634 9.99645E-05 9.99645E-05
0.188075 9.99643E-05 9.99643E-05 9.99643E-05 9.99643E-05 0.201308 0.151202 0.459015
0.0419311 0.116188 0.178264 0.0915248 9.99822E-05 0.00705886 9.99822E-05 0.564833
9.99553E-05 9.99553E-05 9.99553E-05 0.237277 0.377991 0.384232 9.99553E-05 9.99553E-05
0.109224 0.0970225 0.769982 9.99733E-05 9.99733E-05 9.99733E-05 0.00364915 0.0198232
0.311426 0.263479 0.110911 0.123254 9.99821E-05 0.0669555 9.99821E-05 0.123775
9.99733E-05 0.33109 0.123114 0.000671056 9.99733E-05 0.487442 9.99733E-05 0.0573821
0.374839 9.99555E-05 9.99555E-05 0.0102637 9.99555E-05 0.614397 9.99555E-05 9.99555E-05
9.99553E-05 0.279268 0.298603 9.99553E-05 9.99553E-05 0.421629 9.99553E-05 9.99553E-05
0.220325 0.346607 9.99822E-05 0.00722808 9.99822E-05 0.0866664 0.124241 0.214732
9.99642E-05 0.304578 9.99642E-05 9.99642E-05 9.99642E-05 0.343271 0.277226 0.074525
9.997E-05 9.997E-05 0.220719 0.537348 0.0172759 0.0731785 9.997E-05 0.151179
0.533132 9.99553E-05 9.99553E-05 9.99553E-05 9.99553E-05 9.99553E-05 0.420816 0.045552
0.392984 0.194608 9.99642E-05 9.99642E-05 9.99642E-05 0.306154 0.105853 9.99642E-05
0.527839 9.99553E-05 9.99553E-05 0.02252 9.99553E-05 0.449142 9.99553E-05 9.99553E-05
9.99467E-05 9.99467E-05 0.489392 9.99467E-05 9.99467E-05 0.510009 9.99467E-05 9.99467E-05
0.172182 9.99643E-05 9.99643E-05 9.99643E-05 9.99643E-05 0.724538 0.0515714 0.051309
0.275632 0.0534892 9.99643E-05 0.0960706 9.99643E-05 0.574409 9.99643E-05 9.99643E-05
0.416474 9.99643E-05 0.272901 0.115832 9.99643E-05 9.99643E-05 0.194392 9.99643E-05
0.272588 9.99554E-05 0.612426 9.99554E-05 9.99554E-05 9.99554E-05 0.114486 9.99554E-05
0.321967 9.99556E-05 9.99556E-05 9.99556E-05 9.99556E-05 0.336234 9.99556E-05 0.341299
9.99733E-05 9.99733E-05 0.582823 0.179744 0.0296276 0.042412 9.99733E-05 0.165094
0.134229 0.16097 9.99822E-05 9.99822E-05 0.0263509 0.469929 0.149818 0.0585029
9.99733E-05 9.99733E-05 0.231933 0.0105683 9.99733E-05 0.114407 0.622142 0.0206496
9.99552E-05 9.99552E-05 0.281194 0.120137 9.99552E-05 9.99552E-05 9.99552E-05 0.598169
9.99554E-05 0.126042 9.99554E-05 9.99554E-05 9.99554E-05 0.729314 0.144145 9.99554E-05
0.347307 0.121787 0.206626 0.323879 9.99643E-05 9.99643E-05 9.99643E-05 9.99643E-05
0.0313915 9.99911E-05 0.202236 0.322474 0.067638 0.151391 0.207651 0.0171181
9.99554E-05 0.468146 9.99554E-05 9.99554E-05 9.99554E-05 0.131949 0.399406 9.99554E-05
0.169248 9.99553E-05 9.99553E-05 9.99553E-05 9.99553E-05 0.196578 0.633675 9.99553E-05
0.309539 0.442093 9.99554E-05 9.99554E-05 9.99554E-05 0.247869 9.99554E-05 9.99554E-05
0.0153463 9.99554E-05 9.99554E-05 0.163261 9.99554E-05 9.99554E-05 0.820893 9.99554E-05
0.161705 9.99643E-05 9.99643E-05 9.99643E-05 9.99643E-05 0.446653 0.0885719 0.302671
9.99462E-05 9.99462E-05 9.99462E-05 9.99462E-05 0.765322 0.234078 9.99462E-05 9.99462E-05
0.0705943 0.675819 9.99643E-05 9.99643E-05 9.99643E-05 9.99643E-05 0.00773785 0.245449
9.99466E-05 9.99466E-05 9.99466E-05 9.99466E-05 9.99466E-05 0.0928974 0.906503 9.99466E-05
9.99554E-05 0.584691 9.99554E-05 9.99554E-05 9.99554E-05 0.203734 9.99554E-05 0.211075
9.99465E-05 9.99465E-05 9.99465E-05 9.99465E-05 9.99465E-05 0.223668 9.99465E-05 0.775732
0.364377 0.00208175 0.287719 9.99645E-05 9.99645E-05 9.99645E-05 9.99645E-05 0.345422
0.775738 9.99553E-05 9.99553E-05 9.99553E-05 9.99553E-05 9.99553E-05 0.139333 0.0844291
9.99644E-05 0.046567 0.194235 9.99644E-05 9.99644E-05 9.99644E-05 0.290724 0.468074
0.0432938 9.99642E-05 9.99642E-05 0.214767 9.99642E-05 0.210691 0.530848 9.99642E-05
0.297159 9.99644E-05 0.000220565 0.498576 9.99644E-05 9.99644E-05 0.203645 9.99644E-05
0.633679 9.99644E-05 0.0783849 9.99644E-05 9.99644E-05 0.134265 0.153271 9.99644E-05
9.99554E-05 0.0801223 0.403755 9.99554E-05 9.99554E-05 9.99554E-05 0.515622 9.99554E-05
0.231323 0.27303 0.089995 9.99732E-05 9.99732E-05 0.0778828 0.327469 9.99732E-05
9.99643E-05 0.372364 9.99643E-05 0.00902704 9.99643E-05 0.197817 0.420392 9.99643E-05
0.0966687 0.0740462 0.0681268 9.99732E-05 9.99732E-05 9.99732E-05 0.30731 0.453549
9.99643E-05 9.99643E-05 9.99643E-05 0.364517 9.99643E-05 0.155679 0.202933 0.276471
0.33228 0.289569 9.99734E-05 9.99734E-05 0.00937176 0.283796 9.99734E-05 0.0846836
0.387146 9.99464E-05 0.612254 9.99464E-05 9.99464E-05 9.99464E-05 9.99464E-05 9.99464E-05
0.0387842 9.99733E-05 9.99733E-05 0.0450001 9.99733E-05 0.12325 0.631464 0.161202
9.99554E-05 9.99554E-05 0.322367 9.99554E-05 9.99554E-05 0.507229 0.169904 9.99554E-05
9.99643E-05 9.99643E-05 0.161617 0.463612 9.99643E-05 9.99643E-05 0.240428 0.133943
9.99732E-05 0.239319 0.184732 0.0369454 9.99732E-05 0.228864 9.99732E-05 0.309839
9.99464E-05 9.99464E-05 9.99464E-05 9.99464E-05 9.99464E-05 0.885755 9.99464E-05 0.113646
9.99553E-05 0.226249 0.044664 9.99553E-05 9.99553E-05 0.728588 9.99553E-05 9.99553E-05
9.99731E-05 0.0296179 0.147251 0.181166 9.99731E-05 0.506335 9.99731E-05 0.135331
9.99465E-05 9.99465E-05 9.99465E-05 9.99465E-05 9.99465E-05 9.99465E-05 0.707223 0.292178
9.99732E-05 0.223775 0.00357992 0.0235672 9.99732E-05 0.321919 9.99732E-05 0.426859
0.236767 9.99642E-05 0.16427 9.99642E-05 9.99642E-05 9.99642E-05 0.591516 0.00704733
0.0293395 9.99732E-05 0.211669 0.196412 9.99732E-05 9.99732E-05 0.256954 0.305326
0.470316 9.99554E-05 9.99554E-05 0.364833 9.99554E-05 0.164352 9.99554E-05 9.99554E-05
0.30354 0.46224 0.0393206 0.024771 9.99731E-05 9.99731E-05 0.169829 9.99731E-05
9.99641E-05 9.99641E-05 0.398313 0.333462 9.99641E-05 9.99641E-05 0.0668071 0.201018
9.99643E-05 0.608579 9.99643E-05 0.119781 0.0339268 9.99643E-05 9.99643E-05 0.237313
0.126981 0.283406 0.0629491 9.99733E-05 9.99733E-05 0.132537 0.393826 9.99733E-05
9.99557E-05 0.309864 9.99557E-05 9.99557E-05 0.0274368 9.99557E-05 9.99557E-05 0.662199
0.368459 0.314136 0.00231325 9.99822E-05 9.99822E-05 0.119192 0.117287 0.0784131
9.99643E-05 9.99643E-05 0.556285 0.034546 9.99643E-05 0.2998 0.108969 9.99643E-05
9.99643E-05 9.99643E-05 0.120418 0.258145 9.99643E-05 0.00238296 0.618653 9.99643E-05
0.256792 9.99644E-05 0.491464 9.99644E-05 9.99644E-05 0.0536547 0.197689 9.99644E-05
9.99465E-05 9.99465E-05 9.99465E-05 9.99465E-05 9.99465E-05 0.327307 0.672093 9.99465E-05
0.122145 9.99732E-05 0.00967721 0.258523 9.99732E-05 0.160343 0.449011 9.99732E-05
9.99556E-05 0.641191 9.99556E-05 9.99556E-05 0.0825921 9.99556E-05 0.275717 9.99556E-05
9.99642E-05 9.99642E-05 9.99642E-05 0.137981 9.99642E-05 0.324022 0.462952 0.074644
0.368317 9.99822E-05 0.288201 0.0972436 0.0342178 9.99822E-05 0.167908 0.0439117
9.99644E-05 0.101042 9.99644E-05 0.315398 9.99644E-05 0.219079 9.99644E-05 0.364081
9.99644E-05 9.99644E-05 0.354299 0.34189 9.99644E-05 0.0490545 0.254357 9.99644E-05
9.99554E-05 9.99554E-05 9.99554E-05 9.99554E-05 9.99554E-05 0.408158 0.226156 0.365186
9.99553E-05 9.99553E-05 0.210356 0.368059 9.99553E-05 9.99553E-05 0.421085 9.99553E-05
9.99644E-05 9.99644E-05 0.118822 9.99644E-05 9.99644E-05 0.318477 0.531416 0.0308864
9.99464E-05 9.99464E-05 9.99464E-05 9.99464E-05 9.99464E-05 0.653609 0.345792 9.99464E-05
0.0149591 0.343777 9.99552E-05 9.99552E-05 9.99552E-05 0.640764 9.99552E-05 9.99552E-05
0.439662 0.206211 0.122511 0.228505 9.99732E-05 0.00281095 9.99732E-05 9.99732E-05
0.225395 9.99553E-05 9.99553E-05 0.371061 9.99553E-05 9.99553E-05 0.403045 9.99553E-05
0.578073 9.99554E-05 9.99554E-05 0.123496 9.99554E-05 0.297932 9.99554E-05 9.99554E-05
9.99643E-05 9.99643E-05 0.108035 9.99643E-05 9.99643E-05 0.051724 0.702843 0.136999
0.284692 0.25982 9.99643E-05 0.199441 9.99643E-05 9.99643E-05 0.255647 9.99643E-05
0.147817 0.368507 9.996E-05 9.996E-05 9.996E-05 9.996E-05 0.322934 0.160342
9.99466E-05 9.99466E-05 9.99466E-05 0.154304 9.99466E-05 9.99466E-05 0.845096 9.99466E-05
9.99645E-05 9.99645E-05 0.0695216 0.15122 9.99645E-05 0.472782 0.306076 9.99645E-05
9.99554E-05 9.99554E-05 0.00946586 0.723647 9.99554E-05 9.99554E-05 0.266387 9.99554E-05
0.332291 0.364231 0.0181668 0.141609 9.99821E-05 0.0435513 0.0999512 9.99821E-05
0.797056 0.0953872 9.99642E-05 9.99642E-05 9.99642E-05 9.99642E-05 0.0825886 0.0245686
0.552462 9.99553E-05 9.99553E-05 0.0949722 9.99553E-05 0.352066 9.99553E-05 9.99553E-05
9.99732E-05 0.125073 9.99732E-05 0.343103 9.99732E-05 0.174048 0.318488 0.0389884
0.572045 9.99554E-05 9.99554E-05 9.99554E-05 0.0494825 9.99554E-05 0.377973 9.99554E-05
0.158128 0.0784246 9.99731E-05 0.109677 9.99731E-05 9.99731E-05 0.355551 0.297919
9.99467E-05 9.99467E-05 9.99467E-05 9.99467E-05 9.99467E-05 9.99467E-05 0.708728 0.290673
0.750045 9.99466E-05 9.99466E-05 9.99466E-05 9.99466E-05 9.99466E-05 9.99466E-05 0.249355
0.311705 9.99642E-05 9.99642E-05 0.167192 9.99642E-05 0.0630094 0.457694 9.99642E-05
0.215739 9.99644E-05 9.99644E-05 0.400182 9.99644E-05 0.264732 9.99644E-05 0.118946
9.99467E-05 0.590481 9.99467E-05 0.40892 9.99467E-05 9.99467E-05 9.99467E-05 9.99467E-05
0.416827 9.99552E-05 9.99552E-05 0.14266 9.99552E-05 0.440014 9.99552E-05 9.99552E-05
0.226756 0.214614 9.99644E-05 0.183901 9.99644E-05 9.99644E-05 9.99644E-05 0.37433
