9.998E-05 0.9997 9.998E-05 9.998E-05
9.998E-05 9.998E-05 0.9997 9.998E-05
0.174719 0.0218165 0.803364 9.99911E-05
0.278385 0.0481306 0.651851 0.0216328
0.697408 9.99822E-05 0.302392 9.99822E-05
0.389514 9.99911E-05 0.000305894 0.61008
0.648734 9.99821E-05 9.99821E-05 0.351066
9.99822E-05 9.99822E-05 0.647007 0.352793
0.87687 9.99821E-05 9.99821E-05 0.12293
0.354121 9.99911E-05 0.214745 0.431034
0.20501 0.0138172 0.682349 0.0988242
0.582445 0.00277172 0.259908 0.154875
0.100538 9.99911E-05 0.49871 0.400652
0.457597 9.99822E-05 9.99822E-05 0.542203
0.340257 0.143927 0.515716 9.99911E-05
0.823489 9.99823E-05 0.176311 9.99823E-05
0.423971 9.99823E-05 0.575829 9.99823E-05
0.433808 9.99822E-05 0.565992 9.99822E-05
0.502448 9.99823E-05 9.99823E-05 0.497352
9.99821E-05 9.99821E-05 0.542692 0.457108
9.99822E-05 9.99822E-05 0.381871 0.617929
0.0999026 9.99911E-05 0.764218 0.135779
0.807889 0.0202601 9.99911E-05 0.171751
0.254068 9.99911E-05 0.587466 0.158366
9.998E-05 9.998E-05 0.9997 9.998E-05
9.998E-05 9.998E-05 0.9997 9.998E-05
0.120694 9.99822E-05 9.99822E-05 0.879106
0.318912 9.99911E-05 0.628104 0.0528833
9.99821E-05 9.99821E-05 0.617738 0.382062
0.441372 9.99911E-05 0.0921457 0.466383
9.99821E-05 9.99821E-05 0.540726 0.459074
0.0499206 9.99911E-05 0.215792 0.734187
0.242815 9.99822E-05 9.99822E-05 0.756985
0.475398 9.99911E-05 0.0758835 0.448618
0.912051 9.99822E-05 9.99822E-05 0.0877486
0.00173343 9.99911E-05 0.727609 0.270558
0.0995066 0.0530156 0.18372 0.663758
9.99821E-05 9.99821E-05 0.452539 0.547261
0.951899 0.0479012 9.99821E-05 9.99821E-05
0.0607265 0.0441103 0.895063 9.99911E-05
0.162659 9.9991E-05 0.567026 0.270215
0.707609 9.99822E-05 9.99822E-05 0.292191
0.675108 0.0226747 9.99911E-05 0.302118
0.457319 9.99821E-05 9.99821E-05 0.542481
9.99822E-05 9.99822E-05 0.326577 0.673223
0.0455992 9.99822E-05 0.954201 9.99822E-05
0.685636 0.0330174 0.281247 9.99911E-05
0.353746 9.99911E-05 0.577908 0.0682453
0.0678178 0.0920438 0.840038 9.99911E-05
0.796469 9.99911E-05 0.0747705 0.12866
0.103776 9.99822E-05 0.896024 9.99822E-05
9.99911E-05 0.0357323 0.655686 0.308481
0.0577948 9.99911E-05 0.142848 0.799257
0.141677 9.99911E-05 0.389822 0.4684
9.99821E-05 0.577283 0.422517 9.99821E-05
0.722123 9.99823E-05 9.99823E-05 0.277677
0.143797 9.99911E-05 0.847364 0.00873914
0.345316 9.99823E-05 0.654484 9.99823E-05
9.99911E-05 0.0231677 0.910511 0.0662215
0.451131 9.99821E-05 0.548669 9.99821E-05
0.0607482 0.0158665 0.709856 0.213529
0.267967 9.99911E-05 0.662049 0.0698838
0.538418 9.99911E-05 0.322485 0.138996
0.298373 9.99911E-05 0.150749 0.550778
0.0499555 9.99821E-05 0.949845 9.99821E-05
9.998E-05 9.998E-05 0.9997 9.998E-05
0.501352 9.99912E-05 0.407857 0.0906912
0.0334712 9.99911E-05 0.800862 0.165566
9.99822E-05 9.99822E-05 0.993732 0.00606811
0.734786 9.99822E-05 0.265014 9.99822E-05
0.551918 9.99823E-05 9.99823E-05 0.447882
9.99822E-05 9.99822E-05 0.525104 0.474696
0.450202 0.111063 9.99911E-05 0.438636
0.0307124 9.99911E-05 0.569172 0.400016
0.670858 9.99822E-05 9.99822E-05 0.328943
0.315864 0.000345089 9.99911E-05 0.683691
0.161836 9.99911E-05 0.833689 0.00437594
0.317128 9.99822E-05 0.682672 9.99822E-05
0.588975 9.99911E-05 0.248932 0.161993
0.366038 0.0794122 0.55445 9.99911E-05
0.438038 9.99911E-05 0.431417 0.130445
9.99821E-05 0.0553291 0.944471 9.99821E-05
0.774497 9.99821E-05 9.99821E-05 0.225303
9.99822E-05 9.99822E-05 0.67934 0.32046
9.9982E-05 0.805423 0.194377 9.9982E-05
0.10926 9.99822E-05 0.89054 9.99822E-05
0.716617 0.0269635 9.99911E-05 0.25632
9.99822E-05 9.99822E-05 0.981401 0.0183995
9.998E-05 9.998E-05 9.998E-05 0.9997
0.0346893 0.119857 0.629694 0.215759
0.0702705 0.0277413 0.774059 0.127929
0.412989 9.99823E-05 9.99823E-05 0.586811
0.9997 9.998E-05 9.998E-05 9.998E-05
0.604611 9.99911E-05 0.252234 0.143055
9.99911E-05 0.0243809 0.802514 0.173005
0.969032 9.99822E-05 0.0307685 9.99822E-05
0.3602 9.99822E-05 0.6396 9.99822E-05
0.465364 9.99911E-05 0.236522 0.298014
0.219172 9.99821E-05 9.99821E-05 0.780628
0.288018 9.99821E-05 9.99821E-05 0.711782
9.99911E-05 0.0460321 0.786411 0.167456
0.163278 9.99911E-05 0.48966 0.346962
0.654974 0.0716047 0.252605 0.0208166
0.517288 9.99911E-05 0.39972 0.0828923
0.894956 9.99822E-05 9.99822E-05 0.104844
0.359462 9.99911E-05 0.308331 0.332106
9.99822E-05 9.99822E-05 0.561123 0.438677
9.998E-05 9.998E-05 0.9997 9.998E-05
0.291553 9.99911E-05 0.45388 0.254467
0.536767 9.99822E-05 9.99822E-05 0.463033
9.99822E-05 9.99822E-05 0.773434 0.226366
0.798026 9.99911E-05 0.0336329 0.168241
0.531488 9.99822E-05 9.99822E-05 0.468312
0.29966 9.99911E-05 0.59886 0.10138
0.458657 9.99911E-05 0.531331 0.00991179
0.779031 9.99821E-05 9.99821E-05 0.220769
0.33337 0.112146 9.99911E-05 0.554385
0.306309 9.99911E-05 0.590384 0.103207
9.99823E-05 0.0672695 9.99823E-05 0.932531
0.018342 9.99911E-05 0.523117 0.458441
0.684631 9.99822E-05 0.315169 9.99822E-05
0.755515 9.99821E-05 9.99821E-05 0.244285
0.402906 9.99823E-05 0.596894 9.99823E-05
0.772459 9.99822E-05 9.99822E-05 0.227341
0.952099 9.99822E-05 9.99822E-05 0.0477006
0.443805 0.173227 0.0685811 0.314387
0.67899 9.99821E-05 9.99821E-05 0.32081
0.424768 0.0633631 0.190924 0.320945
9.99822E-05 9.99822E-05 0.699128 0.300672
0.709752 0.102325 0.187824 9.99911E-05
0.306976 9.99821E-05 9.99821E-05 0.692824
0.9997 9.998E-05 9.998E-05 9.998E-05
0.733529 9.99911E-05 0.198957 0.0674139
0.425532 9.99911E-05 0.370001 0.204367
9.998E-05 9.998E-05 0.9997 9.998E-05
0.141462 9.99822E-05 0.858338 9.99822E-05
0.726119 0.0831256 0.190656 9.99911E-05
0.0379215 9.99822E-05 0.961878 9.99822E-05
0.619193 9.99821E-05 9.99821E-05 0.380607
0.444595 9.99821E-05 0.555205 9.99821E-05
0.225224 9.99911E-05 0.547468 0.227208
0.9997 9.998E-05 9.998E-05 9.998E-05
0.984867 9.99823E-05 0.0149332 9.99823E-05
0.9997 9.998E-05 9.998E-05 9.998E-05
0.247628 0.0618058 0.690466 9.99911E-05
9.9991E-05 0.0913248 0.798887 0.109688
0.0450603 9.99911E-05 0.944202 0.0106375
0.812085 9.99822E-05 0.187715 9.99822E-05
0.347962 0.0235117 0.508107 0.120419
0.606773 9.99911E-05 0.274478 0.118649
0.639149 9.99822E-05 9.99822E-05 0.360651
9.99822E-05 9.99822E-05 0.568849 0.430951
0.633545 9.99911E-05 0.28223 0.0841258
9.998E-05 9.998E-05 0.9997 9.998E-05
0.34273 0.0538061 0.603364 9.99912E-05
9.99821E-05 9.99821E-05 0.780031 0.219769
9.998E-05 9.998E-05 0.9997 9.998E-05
