9.999E-05 9.999E-05 0.9998
0.100425 0.899475 9.99911E-05
9.999E-05 0.361443 0.638457
9.999E-05 0.57399 0.42591
0.604181 0.395719 9.99911E-05
0.766205 0.0754448 0.15835
0.772771 9.99911E-05 0.227129
0.0184569 0.981443 9.99911E-05
0.9998 9.999E-05 9.999E-05
0.441744 0.261083 0.297173
0.146574 0.588427 0.264999
0.577874 0.0948436 0.327283
9.99911E-05 0.827321 0.172579
0.860858 9.99911E-05 0.139042
0.418215 0.209015 0.37277
0.862417 9.99911E-05 0.137483
0.640154 0.359746 9.99911E-05
0.128404 0.871496 9.99911E-05
0.916846 9.99911E-05 0.0830538
9.99911E-05 0.430834 0.569066
0.135368 0.825418 0.0392144
0.0987483 0.901152 9.99911E-05
0.9998 9.999E-05 9.999E-05
0.385377 0.614523 9.99911E-05
9.99911E-05 0.872638 0.127262
9.999E-05 0.9998 9.999E-05
0.458417 9.99911E-05 0.541483
0.046774 0.104077 0.849148
9.99911E-05 0.696761 0.303139
0.355927 9.99911E-05 0.643973
9.9991E-05 0.380901 0.618999
0.156083 0.243521 0.600397
0.245414 9.99911E-05 0.754486
0.878305 0.107544 0.0141512
0.9998 9.999E-05 9.999E-05
0.173765 0.826135 9.99911E-05
0.548909 0.450991 9.99911E-05
9.9991E-05 0.540355 0.459545
0.840536 0.159364 9.99911E-05
9.99911E-05 0.469681 0.530219
0.18834 0.349984 0.461676
0.484833 9.99911E-05 0.515067
0.619462 9.99911E-05 0.380438
0.83663 9.99911E-05 0.16327
9.99911E-05 0.441133 0.558767
9.999E-05 0.9998 9.999E-05
0.43809 0.210017 0.351893
0.250459 0.556326 0.193215
9.99911E-05 0.610815 0.389085
0.9998 9.999E-05 9.999E-05
0.015584 0.951649 0.0327671
9.99911E-05 0.60815 0.39175
0.446274 0.22749 0.326236
0.304691 0.30057 0.394739
9.99912E-05 0.757794 0.242106
0.713155 0.198334 0.0885111
9.99911E-05 0.767701 0.232199
0.151407 0.848493 9.99911E-05
9.999E-05 0.9998 9.999E-05
0.286113 0.713787 9.99911E-05
9.99911E-05 0.524651 0.475249
0.24947 0.737265 0.0132651
0.579696 0.420204 9.99911E-05
0.25546 9.9991E-05 0.74444
9.9991E-05 0.583967 0.415933
9.99911E-05 0.872788 0.127112
0.9998 9.999E-05 9.999E-05
0.0647795 0.693155 0.242066
9.99911E-05 0.992758 0.00714222
0.527015 9.99911E-05 0.472885
0.090534 9.99911E-05 0.909366
9.999E-05 0.9998 9.999E-05
0.875597 9.99911E-05 0.124303
0.0979581 0.826008 0.0760337
0.253062 9.99911E-05 0.746838
0.878207 0.068493 0.0533002
9.99911E-05 0.798207 0.201693
0.277039 0.585178 0.137782
0.583532 0.369558 0.0469105
0.356374 0.466737 0.176889
0.31777 0.166684 0.515546
9.99911E-05 0.853143 0.146757
0.586418 9.99911E-05 0.413482
9.99911E-05 0.642758 0.357142
9.999E-05 9.999E-05 0.9998
9.99911E-05 0.861473 0.138427
0.86605 9.99911E-05 0.13385
9.999E-05 0.9998 9.999E-05
0.508751 0.132361 0.358888
9.99911E-05 0.281886 0.718014
9.9991E-05 0.412071 0.587829
0.769007 9.99911E-05 0.230893
0.815875 9.9991E-05 0.184025
0.529007 0.255375 0.215618
9.99911E-05 0.0771124 0.922788
0.575295 9.9991E-05 0.424605
0.0385823 0.620765 0.340653
0.514794 0.00342703 0.481779
0.562201 0.101339 0.336461
0.786052 0.117555 0.0963925
9.99911E-05 0.443613 0.556287
0.0714232 0.143327 0.78525
0.681648 0.143305 0.175046
0.611687 0.388213 9.99911E-05
0.9998 9.999E-05 9.999E-05
9.999E-05 0.9998 9.999E-05
0.0732999 0.9266 9.99911E-05
0.0405629 0.959337 9.99911E-05
0.574759 0.322947 0.102294
0.461912 9.99911E-05 0.537988
9.999E-05 0.9998 9.999E-05
0.321502 9.9991E-05 0.678398
0.618476 9.99911E-05 0.381424
0.272372 0.727528 9.99911E-05
0.188289 0.221644 0.590067
0.963267 9.99911E-05 0.0366334
0.639601 0.259353 0.101046
0.208388 0.372652 0.41896
0.646079 0.23402 0.119901
0.0971321 0.5372 0.365668
0.823431 9.99911E-05 0.176469
0.682484 9.99911E-05 0.317416
0.602895 0.269728 0.127377
0.776833 9.99911E-05 0.223067
0.884405 9.99911E-05 0.115495
9.99911E-05 0.182964 0.816936
0.966063 0.0338371 9.99911E-05
0.173662 0.4096 0.416738
9.999E-05 0.9998 9.999E-05
0.971867 0.0280326 9.99911E-05
0.573275 0.0955075 0.331218
0.817482 9.99911E-05 0.182418
0.494924 9.99911E-05 0.504976
0.770742 0.203135 0.0261231
0.0145644 0.985336 9.99911E-05
0.0161599 0.98374 9.99911E-05
0.556514 9.99911E-05 0.443386
0.39436 0.44098 0.164659
0.922639 9.99911E-05 0.0772612
0.0936299 0.444876 0.461494
9.99911E-05 0.521499 0.478401
0.672638 9.99911E-05 0.327262
0.9998 9.999E-05 9.999E-05
0.9998 9.999E-05 9.999E-05
0.309201 0.689693 0.00110665
9.99911E-05 0.618991 0.380909
9.99911E-05 0.964233 0.0356666
0.653766 0.346134 9.99911E-05
0.110047 9.99911E-05 0.889853
0.506862 9.9991E-05 0.493038
0.72182 9.99911E-05 0.27808
9.99911E-05 0.0886984 0.911202
0.659927 0.00129333 0.33878
9.999E-05 0.9998 9.999E-05
0.176423 0.632469 0.191108
0.113731 0.886169 9.99911E-05
9.999E-05 0.9998 9.999E-05
