9.993E-05 9.993E-05 9.993E-05 0.999201 9.993E-05 9.993E-05 9.993E-05 9.993E-05 9.993E-05
9.99464E-05 0.0819006 0.0259864 9.99464E-05 9.99464E-05 9.99464E-05 9.99464E-05 0.891513 9.99464E-05
9.99464E-05 9.99464E-05 0.695493 9.99464E-05 9.99464E-05 9.99464E-05 0.0328111 9.99464E-05 0.271096
0.0724809 0.390905 0.217553 9.99555E-05 9.99555E-05 9.99555E-05 0.318562 9.99555E-05 9.99555E-05
0.215265 9.99465E-05 9.99465E-05 9.99465E-05 9.99465E-05 9.99465E-05 0.338963 0.445172 9.99465E-05
0.306654 0.352003 0.143856 9.99733E-05 9.99733E-05 0.0836869 0.0407109 9.99733E-05 0.0727884
9.99553E-05 0.596896 9.99553E-05 9.99553E-05 9.99553E-05 0.177244 0.22378 9.99553E-05 0.00158055
0.186919 9.99554E-05 0.0857289 9.99554E-05 9.99554E-05 0.422101 9.99554E-05 0.304752 9.99554E-05
9.99374E-05 0.503174 9.99374E-05 9.99374E-05 9.99374E-05 9.99374E-05 9.99374E-05 9.99374E-05 0.496126
0.178023 0.477986 0.0725883 9.99643E-05 9.99643E-05 9.99643E-05 0.0233268 0.247677 9.99643E-05
0.170376 0.272415 0.483879 9.99556E-05 9.99556E-05 9.99556E-05 9.99556E-05 0.0728296 9.99556E-05
9.99464E-05 9.99464E-05 0.202365 9.99464E-05 9.99464E-05 9.99464E-05 0.0214162 9.99464E-05 0.77562
0.0406706 9.99643E-05 0.315476 9.99643E-05 9.99643E-05 0.0645918 9.99643E-05 0.344748 0.234113
0.177438 0.00650158 9.99733E-05 9.99733E-05 9.99733E-05 0.135861 0.258989 0.118554 0.302356
9.99555E-05 0.00871236 0.240383 9.99555E-05 0.62805 0.122354 9.99555E-05 9.99555E-05 9.99555E-05
9.99375E-05 0.351685 9.99375E-05 9.99375E-05 0.647615 9.99375E-05 9.99375E-05 9.99375E-05 9.99375E-05
0.0739418 0.0269269 9.99644E-05 9.99644E-05 9.99644E-05 0.149267 0.234296 0.515168 9.99644E-05
9.99376E-05 9.99376E-05 9.99376E-05 9.99376E-05 9.99376E-05 9.99376E-05 0.457402 0.541898 9.99376E-05
0.377714 0.0827749 9.99466E-05 9.99466E-05 9.99466E-05 9.99466E-05 9.99466E-05 9.99466E-05 0.538911
9.99374E-05 9.99374E-05 0.680026 9.99374E-05 9.99374E-05 0.319274 9.99374E-05 9.99374E-05 9.99374E-05
0.329351 0.202739 0.201875 9.99732E-05 9.99732E-05 0.182911 0.0151446 0.0676791 9.99732E-05
0.0913166 9.99555E-05 0.318239 9.99555E-05 9.99555E-05 9.99555E-05 9.99555E-05 0.239104 0.35084
0.125154 0.370637 9.99643E-05 9.99643E-05 0.0644575 9.99643E-05 0.386754 9.99643E-05 0.0525974
0.682931 0.20174 9.99465E-05 9.99465E-05 9.99465E-05 9.99465E-05 9.99465E-05 0.114729 9.99465E-05
0.0576084 9.99467E-05 0.53498 9.99467E-05 9.99467E-05 9.99467E-05 9.99467E-05 0.406812 9.99467E-05
0.226284 9.99465E-05 0.54841 9.99465E-05 9.99465E-05 9.99465E-05 9.99465E-05 0.224707 9.99465E-05
9.99465E-05 9.99465E-05 9.99465E-05 9.99465E-05 9.99465E-05 0.688497 0.15286 9.99465E-05 0.158044
9.99552E-05 0.146928 0.527488 9.99552E-05 9.99552E-05 0.248488 9.99552E-05 9.99552E-05 0.0765971
9.99463E-05 9.99463E-05 9.99463E-05 9.99463E-05 9.99463E-05 0.607877 9.99463E-05 0.169957 0.221566
0.132193 0.280453 0.329501 9.99644E-05 9.99644E-05 0.168079 9.99644E-05 9.99644E-05 0.0893743
9.99373E-05 9.99373E-05 9.99373E-05 9.99373E-05 9.99373E-05 0.978051 0.0212491 9.99373E-05 9.99373E-05
9.994E-05 0.231711 9.994E-05 9.994E-05 9.994E-05 0.690073 0.0776166 9.994E-05 9.994E-05
9.99465E-05 9.99465E-05 9.99465E-05 9.99465E-05 0.0252157 0.972386 0.00179889 9.99465E-05 9.99465E-05
0.052602 9.99553E-05 9.99553E-05 9.99553E-05 9.99553E-05 0.289496 0.36409 9.99553E-05 0.293312
0.397552 9.99463E-05 9.99463E-05 9.99463E-05 9.99463E-05 9.99463E-05 0.286804 9.99463E-05 0.315044
9.99467E-05 9.99467E-05 9.99467E-05 9.99467E-05 9.99467E-05 0.220945 9.99467E-05 0.653413 0.125042
0.584942 9.99553E-05 9.99553E-05 0.0486605 0.132743 0.233155 9.99553E-05 9.99553E-05 9.99553E-05
9.99463E-05 0.101281 9.99463E-05 9.99463E-05 0.0425394 0.85558 9.99463E-05 9.99463E-05 9.99463E-05
0.150818 0.0733001 9.99731E-05 9.99731E-05 0.447836 9.99731E-05 0.0486189 0.082998 0.196129
9.99643E-05 9.99643E-05 0.490187 9.99643E-05 0.336759 0.100788 0.0284834 9.99643E-05 0.0433825
9.99462E-05 0.663116 0.262854 9.99462E-05 9.99462E-05 0.0734309 9.99462E-05 9.99462E-05 9.99462E-05
0.00287999 0.00874352 0.100616 9.99733E-05 0.238207 9.99733E-05 0.581472 9.99733E-05 0.0677804
9.99642E-05 9.99642E-05 9.99642E-05 0.00164156 0.304214 0.0218411 0.177563 9.99642E-05 0.494341
0.0118055 0.863139 9.99464E-05 9.99464E-05 9.99464E-05 0.124456 9.99464E-05 9.99464E-05 9.99464E-05
9.99556E-05 0.150528 0.643301 9.99556E-05 9.99556E-05 0.201705 9.99556E-05 9.99556E-05 0.00396638
0.0318414 9.99643E-05 0.038825 9.99643E-05 9.99643E-05 0.0740092 9.99643E-05 0.693265 0.16166
0.0960586 0.196056 0.240287 9.99642E-05 0.0938824 9.99642E-05 0.373316 9.99642E-05 9.99642E-05
9.99732E-05 9.99732E-05 0.2153 9.99732E-05 0.308635 0.0361756 0.0415413 0.245464 0.152585
9.99642E-05 0.263699 0.0687095 9.99642E-05 0.295124 0.212769 9.99642E-05 0.159299 9.99642E-05
9.99556E-05 0.16597 9.99556E-05 9.99556E-05 0.241266 9.99556E-05 0.0668505 0.525414 9.99556E-05
0.226719 0.0446655 0.319533 9.99552E-05 9.99552E-05 9.99552E-05 9.99552E-05 0.408582 9.99552E-05
9.99379E-05 9.99379E-05 0.838421 9.99379E-05 9.99379E-05 0.160879 9.99379E-05 9.99379E-05 9.99379E-05
0.0995855 9.99643E-05 0.302329 9.99643E-05 9.99643E-05 0.174718 0.316771 0.106196 9.99643E-05
0.47232 9.99555E-05 0.2948 9.99555E-05 0.0330385 0.199342 9.99555E-05 9.99555E-05 9.99555E-05
9.99642E-05 0.0580382 9.99642E-05 0.575151 0.0866242 0.0366886 9.99642E-05 0.243098 9.99642E-05
0.863542 9.99556E-05 0.0504837 9.99556E-05 0.0710194 9.99556E-05 9.99556E-05 9.99556E-05 0.014455
0.393171 9.99554E-05 0.171664 9.99554E-05 9.99554E-05 0.241535 9.99554E-05 0.19313 9.99554E-05
0.219277 0.152533 9.99467E-05 9.99467E-05 9.99467E-05 9.99467E-05 9.99467E-05 0.62759 9.99467E-05
9.99377E-05 9.99377E-05 0.404463 9.99377E-05 9.99377E-05 9.99377E-05 9.99377E-05 0.594838 9.99377E-05
0.32393 9.99553E-05 9.99553E-05 9.99553E-05 9.99553E-05 9.99553E-05 0.0215208 0.485159 0.168891
9.99554E-05 9.99554E-05 0.376545 9.99554E-05 9.99554E-05 0.319615 0.100952 0.202389 9.99554E-05
0.0719737 0.0167026 0.0700628 9.99821E-05 9.99821E-05 0.274587 0.0857399 0.420434 0.0603
0.453853 0.129792 9.99643E-05 9.99643E-05 9.99643E-05 0.0208859 0.165412 0.229657 9.99643E-05
9.99463E-05 0.501783 0.434999 9.99463E-05 9.99463E-05 0.0626188 9.99463E-05 9.99463E-05 9.99463E-05
9.99461E-05 9.99461E-05 0.66115 9.99461E-05 9.99461E-05 9.99461E-05 0.219843 0.118408 9.99461E-05
9.99464E-05 9.99464E-05 0.540327 9.99464E-05 0.0789725 9.99464E-05 9.99464E-05 0.380101 9.99464E-05
9.99466E-05 9.99466E-05 9.99466E-05 9.99466E-05 0.0250877 0.0109698 9.99466E-05 9.99466E-05 0.963343
9.99553E-05 9.99553E-05 0.25004 9.99553E-05 9.99553E-05 0.302729 9.99553E-05 0.262682 0.184049
9.99463E-05 9.99463E-05 0.271612 9.99463E-05 0.0523958 9.99463E-05 9.99463E-05 0.675392 9.99463E-05
9.99732E-05 0.195595 0.377984 9.99732E-05 0.0766902 9.99732E-05 0.100113 0.173284 0.0760337
9.99466E-05 9.99466E-05 0.480942 9.99466E-05 0.16186 9.99466E-05 9.99466E-05 9.99466E-05 0.356598
0.300685 9.99555E-05 0.129491 9.99555E-05 9.99555E-05 0.0931974 9.99555E-05 0.476126 9.99555E-05
0.589182 0.0443318 9.99555E-05 9.99555E-05 0.0296183 9.99555E-05 9.99555E-05 9.99555E-05 0.336368
0.542258 9.99554E-05 0.285034 9.99554E-05 0.0089709 0.163238 9.99554E-05 9.99554E-05 9.99554E-05
9.99464E-05 9.99464E-05 0.104593 9.99464E-05 9.99464E-05 9.99464E-05 0.733785 9.99464E-05 0.161022
0.699498 9.99552E-05 9.99552E-05 9.99552E-05 9.99552E-05 0.0801697 0.049224 9.99552E-05 0.170609
9.99643E-05 9.99643E-05 0.116279 9.99643E-05 9.99643E-05 0.183505 0.193465 0.140515 0.365835
9.99643E-05 0.474403 0.0597096 9.99643E-05 0.238746 0.0788434 9.99643E-05 0.147898 9.99643E-05
0.216312 9.99642E-05 9.99642E-05 0.0525535 0.0380436 9.99642E-05 9.99642E-05 0.0862448 0.606446
9.99644E-05 0.16672 9.99644E-05 9.99644E-05 0.0820161 0.0292339 0.356757 0.364873 9.99644E-05
9.99553E-05 0.0967883 0.417173 9.99553E-05 9.99553E-05 9.99553E-05 0.279557 9.99553E-05 0.205981
0.265434 9.99643E-05 0.352049 9.99643E-05 0.106422 0.238758 9.99643E-05 0.036937 9.99643E-05
9.99642E-05 0.109432 0.0909686 9.99642E-05 0.342342 0.169663 0.287195 9.99642E-05 9.99642E-05
9.99464E-05 9.99464E-05 0.311426 9.99464E-05 9.99464E-05 0.400847 9.99464E-05 0.287127 9.99464E-05
9.99551E-05 9.99551E-05 0.0912695 0.797066 9.99551E-05 9.99551E-05 9.99551E-05 0.0806697 0.0304952
0.194184 9.99644E-05 0.531403 9.99644E-05 9.99644E-05 9.99644E-05 0.110404 0.139398 0.024211
9.99552E-05 9.99552E-05 9.99552E-05 9.99552E-05 0.480673 0.172664 0.156108 9.99552E-05 0.190055
0.447027 9.99555E-05 0.232086 9.99555E-05 0.0383164 9.99555E-05 9.99555E-05 0.282071 9.99555E-05
0.194205 0.140944 9.99554E-05 9.99554E-05 9.99554E-05 0.586792 9.99554E-05 9.99554E-05 0.0775587
0.221444 9.99466E-05 0.388979 9.99466E-05 0.388977 9.99466E-05 9.99466E-05 9.99466E-05 9.99466E-05
9.99553E-05 0.19115 0.640988 9.99553E-05 9.99553E-05 0.149007 9.99553E-05 0.018355 9.99553E-05
0.40458 0.304074 9.99555E-05 9.99555E-05 9.99555E-05 0.288308 0.00253836 9.99555E-05 9.99555E-05
9.99641E-05 0.488821 9.99641E-05 9.99641E-05 0.266576 9.99641E-05 0.192795 0.0426657 0.00874254
0.0962144 0.118231 0.283246 9.99732E-05 0.213611 9.99732E-05 0.178095 0.110303 9.99732E-05
9.99466E-05 0.0752711 0.836734 9.99466E-05 9.99466E-05 9.99466E-05 9.99466E-05 9.99466E-05 0.087395
0.000844781 0.0746966 0.227297 9.99553E-05 9.99553E-05 9.99553E-05 9.99553E-05 9.99553E-05 0.696662
0.058225 9.99643E-05 0.571893 9.99643E-05 9.99643E-05 9.99643E-05 0.0892887 0.077942 0.202251
0.0718454 0.0664863 0.48283 9.99643E-05 9.99643E-05 0.0248202 9.99643E-05 9.99643E-05 0.353618
0.268657 0.337292 0.0980534 9.99643E-05 9.99643E-05 0.212159 9.99643E-05 9.99643E-05 0.0834385
0.18232 0.490034 0.0560533 9.99643E-05 9.99643E-05 0.267195 9.99643E-05 9.99643E-05 0.0039969
9.99645E-05 9.99645E-05 0.494409 0.0764349 0.236118 0.0837714 9.99645E-05 0.108866 9.99645E-05
9.99465E-05 9.99465E-05 0.7386 9.99465E-05 0.171698 9.99465E-05 9.99465E-05 9.99465E-05 0.0891021
0.0772248 0.614759 9.99822E-05 0.0122634 0.131841 0.117774 0.0398684 0.00606864 9.99822E-05
0.277721 9.99553E-05 0.203869 9.99553E-05 9.99553E-05 9.99553E-05 9.99553E-05 0.0927246 0.425186
0.378146 0.379208 9.99554E-05 9.99554E-05 0.0881528 9.99554E-05 9.99554E-05 9.99554E-05 0.153993
0.377223 9.99732E-05 0.00229447 9.99732E-05 0.0479289 0.197389 9.99732E-05 0.307642 0.067223
9.99465E-05 9.99465E-05 9.99465E-05 9.99465E-05 9.99465E-05 0.315984 9.99465E-05 0.577175 0.106241
9.99732E-05 9.99732E-05 0.174256 0.0166681 0.0190388 0.0842404 9.99732E-05 0.387563 0.317934
9.99463E-05 9.99463E-05 9.99463E-05 9.99463E-05 9.99463E-05 0.175125 9.99463E-05 0.222603 0.601673
9.99553E-05 0.189874 0.0611435 9.99553E-05 9.99553E-05 0.0827775 0.665705 9.99553E-05 9.99553E-05
0.408153 9.99554E-05 0.0726304 9.99554E-05 9.99554E-05 0.227088 9.99554E-05 0.291629 9.99554E-05
9.99642E-05 0.108421 0.238527 9.99642E-05 0.0401839 9.99642E-05 0.284351 9.99642E-05 0.328118
9.99376E-05 0.96911 9.99376E-05 9.99376E-05 9.99376E-05 0.0301906 9.99376E-05 9.99376E-05 9.99376E-05
9.99555E-05 0.150915 0.0325396 9.99555E-05 9.99555E-05 9.99555E-05 0.111856 0.704189 9.99555E-05
9.99463E-05 0.501767 0.327082 9.99463E-05 0.170552 9.99463E-05 9.99463E-05 9.99463E-05 9.99463E-05
0.097687 0.571542 9.99465E-05 9.99465E-05 9.99465E-05 9.99465E-05 9.99465E-05 9.99465E-05 0.330171
0.399498 0.354233 9.99554E-05 0.128555 9.99554E-05 0.117214 9.99554E-05 9.99554E-05 9.99554E-05
0.118751 0.0676119 0.432078 9.99643E-05 9.99643E-05 9.99643E-05 0.363293 9.99643E-05 0.0178661
0.816147 9.99377E-05 9.99377E-05 9.99377E-05 9.99377E-05 0.183153 9.99377E-05 9.99377E-05 9.99377E-05
0.337501 9.99644E-05 0.537233 9.99644E-05 0.0613664 0.0364055 9.99644E-05 0.0270944 9.99644E-05
0.0945063 9.99376E-05 9.99376E-05 9.99376E-05 9.99376E-05 9.99376E-05 9.99376E-05 9.99376E-05 0.904794
9.99643E-05 0.132012 0.216027 9.99643E-05 0.0505274 9.99643E-05 0.235701 9.99643E-05 0.365332
0.376392 9.99554E-05 0.217891 9.99554E-05 0.198843 9.99554E-05 9.99554E-05 9.99554E-05 0.206374
9.99554E-05 0.31382 0.0543522 9.99554E-05 0.051877 9.99554E-05 9.99554E-05 9.99554E-05 0.579451
0.16017 0.554443 9.99554E-05 9.99554E-05 9.99554E-05 9.99554E-05 0.165408 9.99554E-05 0.11948
0.274192 9.99733E-05 0.19329 0.0846516 0.406749 9.99733E-05 0.0155878 9.99733E-05 0.0252296
0.0900652 0.185952 9.99642E-05 9.99642E-05 9.99642E-05 9.99642E-05 0.214764 0.251158 0.25766
0.0705786 0.330859 0.230503 9.99554E-05 9.99554E-05 9.99554E-05 0.367559 9.99554E-05 9.99554E-05
0.595682 0.214724 9.99554E-05 0.00357416 9.99554E-05 9.99554E-05 9.99554E-05 0.18552 9.99554E-05
0.0831505 0.123484 9.99553E-05 9.99553E-05 0.391865 9.99553E-05 9.99553E-05 9.99553E-05 0.401001
9.99464E-05 0.0535366 9.99464E-05 9.99464E-05 9.99464E-05 0.716784 9.99464E-05 9.99464E-05 0.229079
0.0203394 0.67464 9.99644E-05 9.99644E-05 0.138939 9.99644E-05 0.0373208 9.99644E-05 0.128361
9.99643E-05 0.0099845 0.185281 9.99643E-05 9.99643E-05 0.0186164 0.306083 9.99643E-05 0.479635
9.99643E-05 9.99643E-05 9.99643E-05 9.99643E-05 0.133317 0.219588 0.235024 0.312431 0.0992398
9.99464E-05 9.99464E-05 9.99464E-05 9.99464E-05 9.99464E-05 0.0520652 0.106908 0.840428 9.99464E-05
0.597689 9.99463E-05 0.305106 9.99463E-05 9.99463E-05 9.99463E-05 9.99463E-05 0.0966056 9.99463E-05
9.99643E-05 0.489748 9.99643E-05 9.99643E-05 0.205782 0.130778 0.00210724 9.99643E-05 0.171185
9.99464E-05 0.238318 0.36615 9.99464E-05 9.99464E-05 9.99464E-05 9.99464E-05 0.394932 9.99464E-05
9.99732E-05 0.25157 0.176505 9.99732E-05 0.0190577 9.99732E-05 0.313309 0.0414804 0.197778
9.99554E-05 0.549187 0.301206 9.99554E-05 0.00975749 9.99554E-05 9.99554E-05 9.99554E-05 0.13935
0.0154658 9.99732E-05 0.325513 9.99732E-05 0.0216782 0.300295 0.222417 9.99732E-05 0.114331
9.993E-05 9.993E-05 9.993E-05 9.993E-05 9.993E-05 9.993E-05 0.999201 9.993E-05 9.993E-05
9.99467E-05 9.99467E-05 9.99467E-05 9.99467E-05 9.99467E-05 9.99467E-05 0.0918626 0.289983 0.617555
9.99466E-05 0.499739 9.99466E-05 9.99466E-05 9.99466E-05 9.99466E-05 0.270462 9.99466E-05 0.229199
0.192191 9.99643E-05 0.161854 9.99643E-05 0.212006 9.99643E-05 0.0185887 0.41496 9.99643E-05
9.99552E-05 0.388915 0.431277 9.99552E-05 9.99552E-05 0.0683854 9.99552E-05 0.110923 9.99552E-05
9.99553E-05 0.0496183 9.99553E-05 9.99553E-05 9.99553E-05 0.0566001 0.518028 0.375254 9.99553E-05
9.99554E-05 9.99554E-05 9.99554E-05 9.99554E-05 0.159364 9.99554E-05 0.213188 0.384461 0.242487
9.99554E-05 0.0120293 0.508825 0.033112 9.99554E-05 9.99554E-05 0.445534 9.99554E-05 9.99554E-05
0.0618055 0.52926 0.0756414 9.99821E-05 9.99821E-05 0.0937578 0.20297 0.0172328 0.0191317
0.0157711 9.99554E-05 9.99554E-05 9.99554E-05 0.154554 0.125308 0.703868 9.99554E-05 9.99554E-05
9.99466E-05 0.0972051 0.626894 9.99466E-05 9.99466E-05 0.275301 9.99466E-05 9.99466E-05 9.99466E-05
9.99464E-05 0.645011 9.99464E-05 9.99464E-05 9.99464E-05 9.99464E-05 0.278371 9.99464E-05 0.0760184
9.99465E-05 9.99465E-05 9.99465E-05 9.99465E-05 0.441121 0.270798 9.99465E-05 0.287482 9.99465E-05
9.993E-05 9.993E-05 9.993E-05 9.993E-05 0.999201 9.993E-05 9.993E-05 9.993E-05 9.993E-05
9.99552E-05 0.0792067 0.359908 9.99552E-05 9.99552E-05 0.130514 9.99552E-05 0.429871 9.99552E-05
0.148413 9.99643E-05 0.0397436 9.99643E-05 0.509823 0.189029 9.99643E-05 0.112592 9.99643E-05
