9.993E-05 9.993E-05 9.993E-05 9.993E-05 9.993E-05 9.993E-05 0.999201 9.993E-05 9.993E-05
0.293976 0.139973 0.257224 0.308327 9.99552E-05 9.99552E-05 9.99552E-05 9.99552E-05 9.99552E-05
0.216428 9.99643E-05 9.99643E-05 0.287239 0.390223 0.100319 0.00539195 9.99643E-05 9.99643E-05
0.200912 9.99644E-05 0.33373 0.109773 0.0425629 9.99644E-05 9.99644E-05 0.312622 9.99644E-05
9.99377E-05 9.99377E-05 0.277569 0.721732 9.99377E-05 9.99377E-05 9.99377E-05 9.99377E-05 9.99377E-05
9.99464E-05 0.378005 0.216857 9.99464E-05 9.99464E-05 9.99464E-05 9.99464E-05 0.404538 9.99464E-05
9.99732E-05 0.000503777 0.446247 9.99732E-05 0.357918 0.0219648 9.99732E-05 0.142792 0.0302744
0.370297 9.99464E-05 9.99464E-05 0.472521 9.99464E-05 0.156583 9.99464E-05 9.99464E-05 9.99464E-05
9.99551E-05 9.99551E-05 0.458682 9.99551E-05 0.0028413 0.531674 9.99551E-05 0.00630334 9.99551E-05
0.186361 9.99641E-05 0.171914 0.0789658 9.99641E-05 0.0973364 9.99641E-05 0.465023 9.99641E-05
0.393485 9.996E-05 0.126852 0.137604 9.996E-05 9.996E-05 9.996E-05 0.159915 0.181745
9.99464E-05 9.99464E-05 9.99464E-05 9.99464E-05 0.210388 0.77252 9.99464E-05 9.99464E-05 0.0164925
0.332293 0.0520222 9.99731E-05 9.99731E-05 0.0405504 0.243857 0.0220435 0.308933 9.99731E-05
9.99464E-05 9.99464E-05 0.202317 9.99464E-05 9.99464E-05 0.539471 9.99464E-05 0.257612 9.99464E-05
0.0811289 9.99377E-05 9.99377E-05 9.99377E-05 9.99377E-05 9.99377E-05 9.99377E-05 9.99377E-05 0.918172
9.99376E-05 9.99376E-05 0.488294 9.99376E-05 9.99376E-05 9.99376E-05 9.99376E-05 9.99376E-05 0.511007
0.211936 9.99555E-05 0.386783 0.161127 9.99555E-05 9.99555E-05 9.99555E-05 0.239655 9.99555E-05
0.188895 9.99555E-05 0.347522 0.28949 0.173594 9.99555E-05 9.99555E-05 9.99555E-05 9.99555E-05
9.99465E-05 9.99465E-05 9.99465E-05 0.148381 9.99465E-05 0.518674 9.99465E-05 0.332345 9.99465E-05
0.442223 0.052533 9.99642E-05 0.0560681 0.15769 9.99642E-05 9.99642E-05 0.291086 9.99642E-05
9.99554E-05 0.352552 9.99554E-05 0.112364 9.99554E-05 9.99554E-05 9.99554E-05 0.361857 0.172727
0.135476 0.747302 9.99466E-05 9.99466E-05 9.99466E-05 0.116622 9.99466E-05 9.99466E-05 9.99466E-05
9.99555E-05 0.560129 0.368146 9.99555E-05 9.99555E-05 9.99555E-05 9.99555E-05 0.0120542 0.0591708
0.00599502 0.0635048 0.627321 0.302679 9.99555E-05 9.99555E-05 9.99555E-05 9.99555E-05 9.99555E-05
0.354122 9.99556E-05 9.99556E-05 0.541329 9.99556E-05 9.99556E-05 9.99556E-05 0.00285048 0.101199
0.138425 9.99464E-05 9.99464E-05 0.753364 9.99464E-05 9.99464E-05 9.99464E-05 9.99464E-05 0.107611
9.99374E-05 9.99374E-05 9.99374E-05 9.99374E-05 0.592744 9.99374E-05 9.99374E-05 0.406556 9.99374E-05
0.441526 9.99642E-05 0.0395175 0.000544701 0.425863 9.99642E-05 9.99642E-05 9.99642E-05 0.0921493
0.256404 9.99642E-05 9.99642E-05 0.192158 0.066623 0.211113 9.99642E-05 0.273303 9.99642E-05
0.0556075 9.99644E-05 9.99644E-05 0.11265 0.423336 0.188166 9.99644E-05 0.219841 9.99644E-05
0.0519987 9.99462E-05 9.99462E-05 0.0206359 0.926766 9.99462E-05 9.99462E-05 9.99462E-05 9.99462E-05
0.160119 9.99554E-05 0.0860922 9.99554E-05 0.689707 9.99554E-05 9.99554E-05 0.063582 9.99554E-05
9.993E-05 9.993E-05 9.993E-05 9.993E-05 0.999201 9.993E-05 9.993E-05 9.993E-05 9.993E-05
9.996E-05 0.236736 0.050543 0.180989 9.996E-05 9.996E-05 9.996E-05 0.387159 0.144173
9.99643E-05 0.0419764 0.402911 0.401594 0.0446206 9.99643E-05 9.99643E-05 0.108498 9.99643E-05
9.995E-05 0.728476 0.0617146 9.995E-05 0.157306 0.0520039 9.995E-05 9.995E-05 9.995E-05
9.99553E-05 0.330486 9.99553E-05 0.110707 9.99553E-05 9.99553E-05 0.105949 0.452358 9.99553E-05
0.366209 9.99552E-05 9.99552E-05 9.99552E-05 0.536921 9.99552E-05 9.99552E-05 0.0105798 0.0857909
9.99642E-05 0.221601 0.353335 0.0389947 0.059313 9.99642E-05 9.99642E-05 9.99642E-05 0.326356
0.520415 9.99465E-05 9.99465E-05 9.99465E-05 0.24787 9.99465E-05 9.99465E-05 9.99465E-05 0.231115
0.424413 9.99552E-05 0.277246 9.99552E-05 0.203856 9.99552E-05 9.99552E-05 0.0939853 9.99552E-05
9.99733E-05 0.18089 0.161862 9.99733E-05 0.382334 0.0283103 0.0144968 9.99733E-05 0.231807
9.99552E-05 0.374014 9.99552E-05 9.99552E-05 9.99552E-05 0.150048 9.99552E-05 0.1564 0.319039
0.160987 9.99463E-05 0.512021 9.99463E-05 9.99463E-05 9.99463E-05 9.99463E-05 0.326393 9.99463E-05
0.343362 9.99376E-05 9.99376E-05 9.99376E-05 9.99376E-05 9.99376E-05 9.99376E-05 0.655939 9.99376E-05
0.187903 0.130841 9.99643E-05 0.652881 9.99643E-05 9.99643E-05 9.99643E-05 0.00063781 0.0273374
0.108941 9.99553E-05 0.372528 0.221429 0.296603 9.99553E-05 9.99553E-05 9.99553E-05 9.99553E-05
0.124052 0.504661 9.99643E-05 9.99643E-05 0.215525 0.0550628 9.99643E-05 9.99643E-05 0.1003
0.322829 9.99553E-05 9.99553E-05 0.239102 0.170219 9.99553E-05 9.99553E-05 9.99553E-05 0.26735
9.99466E-05 9.99466E-05 0.534517 9.99466E-05 9.99466E-05 0.402295 0.0625885 9.99466E-05 9.99466E-05
0.389552 0.25342 0.171878 0.18465 9.99553E-05 9.99553E-05 9.99553E-05 9.99553E-05 9.99553E-05
0.651236 9.99467E-05 9.99467E-05 9.99467E-05 0.274159 9.99467E-05 0.0740052 9.99467E-05 9.99467E-05
0.187934 0.294935 0.0451482 9.99643E-05 0.0254147 9.99643E-05 9.99643E-05 0.446167 9.99643E-05
0.334764 0.0130805 9.99644E-05 9.99644E-05 9.99644E-05 0.10561 9.99644E-05 0.426945 0.119202
9.99553E-05 9.99553E-05 0.183496 0.0388787 0.225884 9.99553E-05 0.551242 9.99553E-05 9.99553E-05
9.996E-05 0.0628513 9.996E-05 0.214469 9.996E-05 0.364724 9.996E-05 0.329146 0.0284101
0.149616 9.99642E-05 0.130585 0.465392 0.161674 9.99642E-05 9.99642E-05 9.99642E-05 0.0923345
9.99376E-05 9.99376E-05 9.99376E-05 0.878168 9.99376E-05 9.99376E-05 9.99376E-05 9.99376E-05 0.121132
0.733199 9.99375E-05 9.99375E-05 9.99375E-05 9.99375E-05 0.266101 9.99375E-05 9.99375E-05 9.99375E-05
9.99463E-05 0.197707 9.99463E-05 0.784839 9.99463E-05 0.016854 9.99463E-05 9.99463E-05 9.99463E-05
0.346504 9.99465E-05 9.99465E-05 0.219885 0.433012 9.99465E-05 9.99465E-05 9.99465E-05 9.99465E-05
9.99552E-05 0.161492 0.0308385 0.621394 0.185776 9.99552E-05 9.99552E-05 9.99552E-05 9.99552E-05
9.99554E-05 9.99554E-05 0.363024 0.446839 9.99554E-05 0.0556846 9.99554E-05 0.133953 9.99554E-05
0.418538 9.99463E-05 9.99463E-05 9.99463E-05 0.247046 9.99463E-05 9.99463E-05 0.333816 9.99463E-05
0.662537 0.152481 9.99552E-05 0.00438166 0.180101 9.99552E-05 9.99552E-05 9.99552E-05 9.99552E-05
0.538915 0.129583 0.0984272 0.0758666 9.99643E-05 9.99643E-05 9.99643E-05 9.99643E-05 0.156809
9.993E-05 9.993E-05 9.993E-05 9.993E-05 9.993E-05 0.999201 9.993E-05 9.993E-05 9.993E-05
0.240405 0.49605 9.99553E-05 9.99553E-05 0.114588 0.148458 9.99553E-05 9.99553E-05 9.99553E-05
0.413328 0.393377 0.0980357 0.0947599 9.99553E-05 9.99553E-05 9.99553E-05 9.99553E-05 9.99553E-05
0.453935 0.0033081 0.382966 9.99643E-05 9.99643E-05 0.0157516 9.99643E-05 9.99643E-05 0.143639
9.99466E-05 9.99466E-05 9.99466E-05 9.99466E-05 9.99466E-05 0.371704 9.99466E-05 0.22907 0.398627
0.291364 0.512979 9.99555E-05 0.157997 9.99555E-05 9.99555E-05 9.99555E-05 0.0371597 9.99555E-05
9.99822E-05 0.110649 0.0322835 0.259576 9.99822E-05 0.292674 0.0432071 0.142507 0.118904
0.202292 0.797008 9.99376E-05 9.99376E-05 9.99376E-05 9.99376E-05 9.99376E-05 9.99376E-05 9.99376E-05
9.99376E-05 9.99376E-05 9.99376E-05 9.99376E-05 0.912177 0.0871236 9.99376E-05 9.99376E-05 9.99376E-05
9.99642E-05 0.207286 9.99642E-05 0.0181515 9.99642E-05 0.257178 0.0414317 0.475553 9.99642E-05
0.119074 0.270479 9.99552E-05 0.394096 0.215853 9.99552E-05 9.99552E-05 9.99552E-05 9.99552E-05
0.0643412 9.99643E-05 0.166089 0.345633 9.99643E-05 0.122896 9.99643E-05 9.99643E-05 0.300641
9.99553E-05 0.444627 0.238952 9.99553E-05 9.99553E-05 0.280754 0.0351673 9.99553E-05 9.99553E-05
9.99465E-05 9.99465E-05 9.99465E-05 0.439051 0.317172 9.99465E-05 9.99465E-05 9.99465E-05 0.243177
0.00865982 0.373988 0.0245778 9.99554E-05 0.592275 9.99554E-05 9.99554E-05 9.99554E-05 9.99554E-05
0.180844 9.996E-05 9.996E-05 0.395116 0.0619573 0.14121 9.996E-05 9.996E-05 0.220473
9.995E-05 0.145263 0.0417924 9.995E-05 0.551703 9.995E-05 9.995E-05 9.995E-05 0.260741
0.240582 0.31952 9.998E-05 0.037835 0.129291 0.0709288 9.998E-05 0.130193 0.0714504
9.99461E-05 0.0379257 9.99461E-05 0.138836 9.99461E-05 9.99461E-05 0.822639 9.99461E-05 9.99461E-05
9.99643E-05 0.185305 9.99643E-05 0.333918 0.0712759 9.99643E-05 9.99643E-05 0.360664 0.048437
9.99463E-05 0.429965 9.99463E-05 9.99463E-05 0.0994984 9.99463E-05 9.99463E-05 9.99463E-05 0.469937
0.119637 0.558647 9.99466E-05 0.321117 9.99466E-05 9.99466E-05 9.99466E-05 9.99466E-05 9.99466E-05
0.00311964 0.191859 9.99643E-05 9.99643E-05 0.037839 9.99643E-05 9.99643E-05 0.762486 0.00429613
0.283955 9.99555E-05 9.99555E-05 0.0166104 9.99555E-05 9.99555E-05 9.99555E-05 0.125641 0.573294
0.665628 9.99463E-05 9.99463E-05 9.99463E-05 0.0914528 9.99463E-05 9.99463E-05 9.99463E-05 0.242319
9.995E-05 9.995E-05 0.0382806 0.0126524 0.080922 9.995E-05 9.995E-05 0.867645 9.995E-05
9.99553E-05 0.292532 0.588112 9.99553E-05 0.0538911 9.99553E-05 9.99553E-05 9.99553E-05 0.0649657
0.142437 9.99732E-05 0.54388 0.10387 0.061379 9.99732E-05 0.0940413 0.0540929 9.99732E-05
0.645756 0.0378826 9.99644E-05 9.99644E-05 0.0585831 0.127736 9.99644E-05 0.129642 9.99644E-05
9.99464E-05 9.99464E-05 9.99464E-05 0.0241669 0.466114 0.50912 9.99464E-05 9.99464E-05 9.99464E-05
0.0650364 0.112772 9.99643E-05 0.327299 0.428152 0.066341 9.99643E-05 9.99643E-05 9.99643E-05
0.0375725 0.354531 0.0975294 9.996E-05 0.173507 9.996E-05 9.996E-05 0.33646 9.996E-05
0.00231119 0.0170331 9.99642E-05 9.99642E-05 9.99642E-05 0.12871 9.99642E-05 0.72928 0.122265
0.25032 0.276378 0.19182 9.996E-05 9.996E-05 0.184571 9.996E-05 0.0965123 9.996E-05
0.245607 0.0568065 9.99733E-05 0.158235 0.0809919 9.99733E-05 9.99733E-05 0.0129485 0.445111
0.308011 9.99643E-05 9.99643E-05 0.00186494 9.99643E-05 0.137813 9.99643E-05 0.362989 0.188921
0.0702792 0.0934035 0.394407 9.99821E-05 0.0804893 0.0961892 9.99821E-05 0.042073 0.222958
0.235566 0.34397 9.99553E-05 0.00981879 9.99553E-05 0.410145 9.99553E-05 9.99553E-05 9.99553E-05
9.99554E-05 0.0713195 0.494878 9.99554E-05 9.99554E-05 0.349346 9.99554E-05 0.0839567 9.99554E-05
9.99553E-05 0.301818 9.99553E-05 0.304165 0.239616 9.99553E-05 9.99553E-05 9.99553E-05 0.1539
0.215588 0.344061 9.99553E-05 9.99553E-05 9.99553E-05 0.325037 9.99553E-05 0.114815 9.99553E-05
0.172516 0.341309 9.99642E-05 0.0572408 0.0218105 0.406724 9.99642E-05 9.99642E-05 9.99642E-05
0.0919279 9.99641E-05 0.0391453 9.99641E-05 9.99641E-05 0.56045 9.99641E-05 0.305639 0.00243797
9.99466E-05 9.99466E-05 0.0951977 9.99466E-05 0.666329 9.99466E-05 9.99466E-05 0.237874 9.99466E-05
9.99464E-05 0.30962 9.99464E-05 0.664556 9.99464E-05 9.99464E-05 9.99464E-05 0.0252247 9.99464E-05
9.99552E-05 9.99552E-05 9.99552E-05 9.99552E-05 0.421891 0.13514 9.99552E-05 0.327186 0.115283
9.99464E-05 9.99464E-05 0.31594 9.99464E-05 9.99464E-05 9.99464E-05 9.99464E-05 0.575083 0.108377
9.99466E-05 0.17759 0.588182 0.233628 9.99466E-05 9.99466E-05 9.99466E-05 9.99466E-05 9.99466E-05
0.214608 9.99641E-05 0.184704 0.00774495 9.99641E-05 9.99641E-05 9.99641E-05 0.0789088 0.513635
9.99553E-05 9.99553E-05 0.404551 9.99553E-05 0.00212644 0.0891459 9.99553E-05 0.503677 9.99553E-05
9.99733E-05 9.99733E-05 0.155694 0.204933 9.99733E-05 0.0285619 0.0241293 0.524698 0.0616834
0.187745 9.99644E-05 9.99644E-05 0.254019 0.364229 9.99644E-05 9.99644E-05 0.161617 0.031989
9.99379E-05 0.00137695 9.99379E-05 9.99379E-05 9.99379E-05 9.99379E-05 9.99379E-05 0.997923 9.99379E-05
0.256498 0.370893 9.996E-05 0.0815916 9.996E-05 9.996E-05 9.996E-05 0.28334 0.0072783
9.99554E-05 0.172632 9.99554E-05 9.99554E-05 0.194053 0.5987 9.99554E-05 9.99554E-05 0.0341152
9.99554E-05 9.99554E-05 0.192029 9.99554E-05 0.450849 0.232493 9.99554E-05 0.124129 9.99554E-05
9.99553E-05 0.0504464 9.99553E-05 0.266582 9.99553E-05 0.257924 9.99553E-05 9.99553E-05 0.424547
9.99642E-05 0.498001 0.147748 9.99642E-05 9.99642E-05 0.0114702 9.99642E-05 0.107196 0.235185
9.99554E-05 0.13043 0.639352 9.99554E-05 0.0207153 0.209002 9.99554E-05 9.99554E-05 9.99554E-05
9.99644E-05 0.119092 9.99644E-05 9.99644E-05 0.42047 9.99644E-05 0.143979 0.176759 0.1393
9.99642E-05 0.435163 0.243564 9.99642E-05 0.0591492 0.0629649 9.99642E-05 0.198759 9.99642E-05
0.17379 9.99732E-05 0.36143 0.164636 9.99732E-05 0.0687773 9.99732E-05 0.175129 0.0559368
0.106996 0.0768733 0.185583 0.318787 9.99733E-05 9.99733E-05 0.00944054 0.302021 9.99733E-05
9.99643E-05 0.054128 0.264603 0.138828 9.99643E-05 0.0457561 9.99643E-05 9.99643E-05 0.496286
9.99464E-05 9.99464E-05 9.99464E-05 9.99464E-05 0.522546 0.313287 9.99464E-05 0.163568 9.99464E-05
9.99554E-05 9.99554E-05 0.602999 9.99554E-05 0.169319 0.0680588 9.99554E-05 9.99554E-05 0.159123
0.00666789 9.99554E-05 0.154808 9.99554E-05 0.479242 0.358783 9.99554E-05 9.99554E-05 9.99554E-05
9.99553E-05 0.455274 0.230765 9.99553E-05 9.99553E-05 9.99553E-05 9.99553E-05 0.051651 0.261811
0.185941 0.200184 9.99553E-05 0.573275 9.99553E-05 0.0401007 9.99553E-05 9.99553E-05 9.99553E-05
0.0984213 9.99642E-05 0.193466 0.64471 0.00615919 9.99642E-05 9.99642E-05 9.99642E-05 0.0568434
0.000698293 0.0368971 0.476 9.99732E-05 0.283581 0.0236023 9.99732E-05 9.99732E-05 0.178922
0.376981 0.278301 0.344118 9.99465E-05 9.99465E-05 9.99465E-05 9.99465E-05 9.99465E-05 9.99465E-05
9.99641E-05 0.148365 0.18532 9.99641E-05 9.99641E-05 0.19581 9.99641E-05 0.340211 0.129894
0.22874 9.99642E-05 0.299737 9.99642E-05 0.248232 0.00354236 9.99642E-05 9.99642E-05 0.219348
0.0147104 9.99552E-05 9.99552E-05 0.202761 0.583256 9.99552E-05 9.99552E-05 9.99552E-05 0.198773
9.99378E-05 9.99378E-05 0.32677 9.99378E-05 0.67253 9.99378E-05 9.99378E-05 9.99378E-05 9.99378E-05
9.99554E-05 0.014737 0.44235 0.0546453 9.99554E-05 0.487768 9.99554E-05 9.99554E-05 9.99554E-05
9.99464E-05 9.99464E-05 0.815657 9.99464E-05 0.114746 0.0689973 9.99464E-05 9.99464E-05 9.99464E-05
0.228314 9.99554E-05 0.400029 0.264548 9.99554E-05 9.99554E-05 9.99554E-05 9.99554E-05 0.10661
0.636328 9.99642E-05 0.0251591 9.99642E-05 9.99642E-05 0.0201379 9.99642E-05 0.0394749 0.278501
0.489252 9.995E-05 0.224342 0.244596 0.0413109 9.995E-05 9.995E-05 9.995E-05 9.995E-05
9.995E-05 0.416414 0.352609 0.0894686 9.995E-05 9.995E-05 9.995E-05 9.995E-05 0.141008
0.300991 9.996E-05 0.117439 0.155782 0.393305 9.996E-05 0.0320832 9.996E-05 9.996E-05
0.0360913 9.99642E-05 0.302712 0.236668 0.00562385 9.99642E-05 9.99642E-05 0.418506 9.99642E-05
9.99555E-05 9.99555E-05 0.133385 9.99555E-05 0.371917 9.99555E-05 9.99555E-05 0.451302 0.0428965
0.847763 9.99466E-05 9.99466E-05 9.99466E-05 0.14278 9.99466E-05 9.99466E-05 0.00885758 9.99466E-05
0.19624 9.996E-05 0.562133 9.996E-05 0.129298 0.0205157 9.996E-05 0.0914136 9.996E-05
0.72667 9.99466E-05 0.0263887 9.99466E-05 9.99466E-05 9.99466E-05 9.99466E-05 9.99466E-05 0.246342
9.99378E-05 9.99378E-05 0.0881986 9.99378E-05 9.99378E-05 9.99378E-05 9.99378E-05 9.99378E-05 0.911102
0.660231 0.177239 0.117575 9.99552E-05 9.99552E-05 0.0444541 9.99552E-05 9.99552E-05 9.99552E-05
0.318673 9.99466E-05 9.99466E-05 0.252845 9.99466E-05 9.99466E-05 9.99466E-05 9.99466E-05 0.427883
