0.9997 9.998E-05 9.998E-05 9.998E-05
9.99822E-05 0.0247897 9.99822E-05 0.97501
0.00534506 9.99911E-05 0.301828 0.692727
0.00223786 0.17505 0.198845 0.623868
9.999E-05 0.246885 0.243829 0.509186
9.99822E-05 0.760156 0.239644 9.99822E-05
9.99821E-05 0.318681 0.681119 9.99821E-05
9.99821E-05 0.532017 9.99821E-05 0.467783
9.999E-05 0.183818 0.647092 0.168989
9.99821E-05 0.457504 9.99821E-05 0.542296
9.99911E-05 0.21883 0.0382134 0.742856
9.999E-05 0.215856 0.689997 0.0940473
0.0793166 0.411895 0.0265717 0.482217
9.999E-05 0.426182 0.519957 0.0537608
9.99823E-05 9.99823E-05 0.301406 0.698394
9.99911E-05 0.0965673 0.639673 0.26366
9.99911E-05 0.130265 0.398803 0.470832
9.99822E-05 9.99822E-05 0.282925 0.716875
9.99823E-05 0.141664 0.858136 9.99823E-05
9.99821E-05 0.361232 9.99821E-05 0.638568
9.99822E-05 0.693556 9.99822E-05 0.306244
9.99911E-05 0.457497 0.0991353 0.443267
9.99822E-05 0.227264 0.772536 9.99822E-05
9.99822E-05 0.437194 9.99822E-05 0.562606
9.998E-05 9.998E-05 9.998E-05 0.9997
9.998E-05 9.998E-05 9.998E-05 0.9997
9.99822E-05 0.665547 0.334253 9.99822E-05
9.99821E-05 9.99821E-05 0.397424 0.602376
0.0184023 0.431671 0.197443 0.352484
9.99822E-05 9.99822E-05 0.730122 0.269678
9.9991E-05 0.355379 0.40969 0.234831
9.99911E-05 0.674603 0.28332 0.0419773
9.99821E-05 0.277367 0.722433 9.99821E-05
9.99822E-05 0.381639 0.618161 9.99822E-05
9.99911E-05 0.0402784 0.912555 0.0470668
9.99911E-05 0.607176 0.218012 0.174713
0.119822 0.810369 0.0697083 9.99911E-05
9.99821E-05 0.745988 9.99821E-05 0.253812
9.99822E-05 9.99822E-05 0.771717 0.228083
0.0105642 9.99911E-05 0.446965 0.54237
9.99911E-05 0.0058909 0.151322 0.842687
9.99822E-05 0.0564152 0.943385 9.99822E-05
9.998E-05 9.998E-05 0.9997 9.998E-05
9.99911E-05 0.486043 0.36294 0.150917
9.99822E-05 0.567288 9.99822E-05 0.432512
9.99911E-05 0.104269 0.147824 0.747806
9.99821E-05 9.99821E-05 0.417615 0.582185
9.99911E-05 0.0638149 0.594909 0.341176
0.0284531 9.99822E-05 9.99822E-05 0.971347
9.99911E-05 0.607359 0.209905 0.182636
9.99822E-05 0.234778 9.99822E-05 0.765022
0.0145974 0.36694 9.99911E-05 0.618362
9.99822E-05 0.555942 0.443858 9.99822E-05
9.99911E-05 0.653253 0.290909 0.0557379
0.549028 0.237093 9.99911E-05 0.21378
9.99911E-05 0.0601533 0.664895 0.274852
9.99822E-05 0.0626264 9.99822E-05 0.937174
9.99911E-05 0.393411 0.0959425 0.510547
0.0273188 0.242234 9.99911E-05 0.730347
9.99822E-05 9.99822E-05 0.332009 0.667791
9.99911E-05 0.350542 0.0269236 0.622435
0.0123035 0.0639148 0.29106 0.632722
0.00257384 0.263141 0.252557 0.481728
9.99911E-05 0.0701717 0.53174 0.397988
9.99821E-05 9.99821E-05 0.288941 0.710859
9.998E-05 9.998E-05 9.998E-05 0.9997
9.99823E-05 0.293195 0.706605 9.99823E-05
9.99911E-05 0.213103 0.375062 0.411735
9.99911E-05 0.260191 0.0476978 0.692011
9.99821E-05 9.99821E-05 0.592077 0.407723
0.00837139 0.0943044 0.760357 0.136967
9.99822E-05 0.792707 9.99822E-05 0.207094
0.0851144 0.498504 0.416281 9.99911E-05
9.99911E-05 0.353623 0.286009 0.360268
9.99822E-05 0.210467 0.789333 9.99822E-05
0.013367 0.720518 0.266015 9.99911E-05
9.99911E-05 0.10628 0.340763 0.552857
9.99911E-05 0.148171 0.153558 0.698171
0.109538 0.153369 0.736992 9.99911E-05
9.99822E-05 9.99822E-05 0.482264 0.517536
9.99821E-05 9.99821E-05 0.729899 0.269901
9.998E-05 9.998E-05 9.998E-05 0.9997
9.998E-05 9.998E-05 0.9997 9.998E-05
9.99911E-05 0.338273 0.263262 0.398365
0.854534 9.9982E-05 0.145266 9.9982E-05
9.99911E-05 0.21937 0.212868 0.567662
9.99822E-05 0.0985694 0.901231 9.99822E-05
9.99823E-05 0.118633 9.99823E-05 0.881168
9.998E-05 0.9997 9.998E-05 9.998E-05
9.99823E-05 0.389194 9.99823E-05 0.610606
9.9991E-05 0.230655 0.212851 0.556394
9.99823E-05 0.182651 0.817149 9.99823E-05
9.99822E-05 9.99822E-05 0.762807 0.236993
0.120261 0.0948292 0.252168 0.532742
9.99823E-05 9.99823E-05 0.320652 0.679148
9.998E-05 9.998E-05 0.9997 9.998E-05
9.99822E-05 9.99822E-05 0.465576 0.534224
9.99911E-05 0.0514169 0.939392 0.00909096
9.99821E-05 0.723482 0.276318 9.99821E-05
9.99821E-05 0.696343 0.303457 9.99821E-05
0.0661707 9.99823E-05 9.99823E-05 0.933629
9.99822E-05 9.99822E-05 0.49354 0.50626
9.99911E-05 0.273296 0.548058 0.178547
9.99911E-05 0.169873 0.589092 0.240935
9.99822E-05 0.460439 0.539361 9.99822E-05
9.99821E-05 0.599274 9.99821E-05 0.400526
9.99822E-05 0.807859 9.99822E-05 0.191941
0.0524656 0.266702 0.211741 0.469092
0.0521479 0.491456 0.34138 0.115016
9.99822E-05 0.418112 0.581688 9.99822E-05
9.99822E-05 0.753255 9.99822E-05 0.246545
9.998E-05 9.998E-05 0.9997 9.998E-05
9.99911E-05 0.347988 0.323088 0.328824
9.99822E-05 0.337414 9.99822E-05 0.662386
9.99821E-05 9.99821E-05 0.151858 0.847942
9.99822E-05 0.477668 0.522132 9.99822E-05
0.0688192 0.579793 9.99911E-05 0.351288
9.99911E-05 0.0361688 0.465494 0.498237
0.0572477 0.942552 9.99823E-05 9.99823E-05
9.99822E-05 0.101515 9.99822E-05 0.898285
9.998E-05 9.998E-05 0.9997 9.998E-05
9.99822E-05 9.99822E-05 0.989503 0.010297
9.99822E-05 9.99822E-05 0.602105 0.397695
9.99822E-05 0.0637636 0.936036 9.99822E-05
9.99911E-05 0.162838 0.551151 0.285912
0.191037 0.203649 0.536658 0.0686568
9.99821E-05 0.235358 0.764442 9.99821E-05
0.00138226 0.214059 0.0635904 0.720969
0.0381522 0.889344 9.99911E-05 0.072404
9.99911E-05 0.279747 0.662384 0.0577689
9.99821E-05 0.473461 0.526339 9.99821E-05
9.99822E-05 9.99822E-05 0.417524 0.582276
0.0471374 0.070209 0.822455 0.0601986
9.99911E-05 0.265596 0.576372 0.157933
9.99822E-05 9.99822E-05 0.0978817 0.901918
0.0115435 0.0940041 0.0204733 0.873979
0.0100114 9.99911E-05 0.762236 0.227653
9.99911E-05 0.150982 0.028116 0.820802
9.99821E-05 0.334844 0.664956 9.99821E-05
9.99822E-05 9.99822E-05 0.27691 0.72289
9.99911E-05 0.219159 0.2183 0.562441
9.998E-05 9.998E-05 0.9997 9.998E-05
9.998E-05 9.998E-05 0.9997 9.998E-05
9.99911E-05 0.199934 0.598026 0.20194
9.99911E-05 0.00779699 0.217177 0.774926
9.99821E-05 0.121533 9.99821E-05 0.878267
9.99822E-05 0.151569 9.99822E-05 0.848231
9.99911E-05 0.22747 0.523111 0.249319
9.99822E-05 9.99822E-05 0.474083 0.525717
9.99911E-05 0.141023 0.425121 0.433756
0.0300766 0.156463 0.813361 9.99911E-05
9.99911E-05 0.362854 0.160569 0.476477
9.99911E-05 0.132858 0.608661 0.258381
9.99823E-05 0.425792 9.99823E-05 0.574008
0.0257849 0.0549193 0.267948 0.651348
9.99821E-05 0.481001 9.99821E-05 0.518799
9.99822E-05 0.31364 9.99822E-05 0.68616
