9.999E-05 9.999E-05 0.9998
0.9998 9.999E-05 9.999E-05
0.976168 9.99911E-05 0.0237323
0.462328 0.507888 0.0297839
0.875363 0.124537 9.99911E-05
9.999E-05 0.911037 0.0888627
9.999E-05 0.9998 9.999E-05
0.847917 0.151983 9.99911E-05
0.219693 0.780207 9.99911E-05
0.483977 0.515923 9.99911E-05
0.9998 9.999E-05 9.999E-05
0.582858 0.417042 9.99911E-05
0.868301 0.131599 9.99911E-05
9.999E-05 0.9998 9.999E-05
0.827217 0.159237 0.0135455
0.198091 0.801809 9.99911E-05
0.397513 0.602387 9.99911E-05
0.9998 9.999E-05 9.999E-05
0.0794227 0.920477 9.99912E-05
0.797266 0.202634 9.99911E-05
0.737962 0.261938 9.99911E-05
0.967074 0.0328261 9.99911E-05
9.999E-05 0.9998 9.999E-05
0.660594 0.339306 9.99911E-05
0.9998 9.999E-05 9.999E-05
0.909602 0.0902977 9.99911E-05
9.99911E-05 0.940419 0.0594812
0.525252 0.474648 9.99911E-05
0.842107 0.157793 9.99911E-05
0.170662 0.829238 9.99911E-05
0.300992 0.698908 9.99911E-05
9.999E-05 0.9998 9.999E-05
9.999E-05 0.9998 9.999E-05
0.32622 0.67368 9.99911E-05
0.223108 0.74883 0.028062
0.786918 0.212982 9.99911E-05
0.161505 0.596526 0.241969
0.619425 0.380475 9.9991E-05
0.63387 0.36603 9.99911E-05
0.84393 0.0625277 0.0935419
0.637965 0.361935 9.99911E-05
9.999E-05 0.9998 9.999E-05
9.999E-05 0.9998 9.999E-05
9.999E-05 0.9998 9.999E-05
0.596324 0.403576 9.99911E-05
0.9998 9.999E-05 9.999E-05
0.439732 0.560168 9.99911E-05
0.627685 0.372215 9.99911E-05
0.9998 9.999E-05 9.999E-05
0.367985 0.619135 0.0128808
0.9998 9.999E-05 9.999E-05
0.998936 9.99911E-05 0.000963808
9.999E-05 0.9998 9.999E-05
0.270841 0.729059 9.99911E-05
0.542917 9.99911E-05 0.456983
0.346984 0.624207 0.0288085
0.9998 9.999E-05 9.999E-05
0.9998 9.999E-05 9.999E-05
0.9998 9.999E-05 9.999E-05
0.903871 0.0960288 9.99911E-05
0.866564 0.133336 9.99911E-05
0.875147 0.124753 9.99911E-05
0.356897 0.585735 0.0573688
0.00696439 0.992936 9.99911E-05
0.9998 9.999E-05 9.999E-05
0.9998 9.999E-05 9.999E-05
0.159464 0.840436 9.99912E-05
0.773106 0.226794 9.99911E-05
0.9998 9.999E-05 9.999E-05
0.399956 0.599944 9.99911E-05
9.99912E-05 0.950218 0.0496822
0.580667 0.419233 9.99911E-05
0.149661 0.688657 0.161682
0.794129 0.155639 0.0502315
0.0506235 0.949276 9.99911E-05
9.9991E-05 0.851235 0.148665
0.857331 0.142569 9.99911E-05
0.78641 0.21349 9.99911E-05
0.103754 0.85166 0.0445858
0.738832 0.167401 0.0937668
0.500469 0.499431 9.99911E-05
0.9998 9.999E-05 9.999E-05
9.999E-05 0.9998 9.999E-05
0.833566 0.166334 9.99911E-05
0.220804 0.037102 0.742094
0.9998 9.999E-05 9.999E-05
0.115552 0.884348 9.99911E-05
0.9998 9.999E-05 9.999E-05
9.999E-05 0.9998 9.999E-05
0.757437 0.0837007 0.158863
0.641611 0.358289 9.99911E-05
9.999E-05 0.9998 9.999E-05
0.176078 0.823822 9.99911E-05
0.580282 0.324596 0.0951224
0.241942 0.757958 9.99911E-05
9.999E-05 0.9998 9.999E-05
0.853062 0.146838 9.99911E-05
0.19497 0.80493 9.99911E-05
0.0539009 0.945999 9.99911E-05
0.082211 0.917689 9.99911E-05
0.982948 0.0169522 9.99911E-05
0.56635 0.43355 9.99911E-05
0.206066 0.793834 9.99911E-05
0.419846 0.580054 9.99911E-05
0.0825882 0.916279 0.00113288
0.9998 9.999E-05 9.999E-05
0.906311 0.093589 9.99911E-05
0.9998 9.999E-05 9.999E-05
0.244629 0.755271 9.99911E-05
9.999E-05 0.9998 9.999E-05
0.889811 9.99911E-05 0.110089
9.999E-05 0.9998 9.999E-05
9.999E-05 0.9998 9.999E-05
0.69878 0.30112 9.99911E-05
0.76908 0.23082 9.99911E-05
9.99911E-05 0.951158 0.0487425
0.169786 0.647471 0.182743
0.52887 0.47103 9.99911E-05
9.99911E-05 0.730538 0.269362
0.84933 0.15057 9.99911E-05
9.999E-05 0.9998 9.999E-05
9.99911E-05 0.995869 0.00403116
0.792799 0.207101 9.99911E-05
9.999E-05 0.9998 9.999E-05
0.0243333 0.975567 9.99911E-05
0.367056 0.392235 0.240709
9.99911E-05 0.955936 0.0439637
0.195592 0.789725 0.0146837
0.879467 0.0551346 0.0653983
0.540268 0.459632 9.99911E-05
9.999E-05 0.9998 9.999E-05
9.999E-05 0.9998 9.999E-05
0.0970432 0.902857 9.99911E-05
0.434516 0.533546 0.0319385
0.9998 9.999E-05 9.999E-05
0.9998 9.999E-05 9.999E-05
0.0343916 0.903183 0.0624257
0.983072 0.0168278 9.99911E-05
9.999E-05 0.9998 9.999E-05
0.873601 0.1263 9.99911E-05
0.815514 0.142139 0.0423476
9.999E-05 0.9998 9.999E-05
9.999E-05 0.9998 9.999E-05
9.999E-05 0.9998 9.999E-05
0.956355 9.99911E-05 0.0435449
0.992112 0.00778784 9.9991E-05
0.9998 9.999E-05 9.999E-05
0.675923 0.323977 9.99911E-05
0.3834 0.6165 9.99911E-05
9.999E-05 0.9998 9.999E-05
9.99911E-05 0.981389 0.0185114
0.726326 0.273574 9.99911E-05
0.0310731 0.968827 9.99911E-05
0.9998 9.999E-05 9.999E-05
0.859962 9.99911E-05 0.139938
0.874355 0.125545 9.99911E-05
0.996006 9.99911E-05 0.00389406
