9.993E-05 9.993E-05 9.993E-05 9.993E-05 9.993E-05 9.993E-05 9.993E-05 0.999201 9.993E-05
9.99465E-05 9.99465E-05 0.198317 9.99465E-05 9.99465E-05 9.99465E-05 0.691825 9.99465E-05 0.109258
9.99732E-05 0.167731 0.433687 0.17281 0.115711 9.99732E-05 0.0999995 0.00976072 9.99732E-05
9.99465E-05 0.26957 0.147981 9.99465E-05 9.99465E-05 9.99465E-05 0.581849 9.99465E-05 9.99465E-05
9.99466E-05 9.99466E-05 9.99466E-05 9.99466E-05 9.99466E-05 0.118827 0.3599 9.99466E-05 0.520673
9.99732E-05 0.179889 0.0431049 0.0431236 9.99732E-05 0.587733 9.99732E-05 0.0243507 0.121498
9.99463E-05 0.578421 9.99463E-05 9.99463E-05 9.99463E-05 0.208638 9.99463E-05 9.99463E-05 0.212341
0.0774439 0.238978 9.99554E-05 9.99554E-05 9.99554E-05 0.356329 0.32675 9.99554E-05 9.99554E-05
9.99642E-05 0.098288 9.99642E-05 0.676755 9.99642E-05 0.0277828 0.0141613 9.99642E-05 0.182614
9.99553E-05 0.102775 9.99553E-05 9.99553E-05 9.99553E-05 0.365179 0.307499 9.99553E-05 0.224047
9.99554E-05 9.99554E-05 0.202339 9.99554E-05 0.07196 0.351348 9.99554E-05 9.99554E-05 0.373853
9.99375E-05 9.99375E-05 9.99375E-05 0.776318 9.99375E-05 9.99375E-05 0.222983 9.99375E-05 9.99375E-05
9.99553E-05 9.99553E-05 0.252644 0.139272 9.99553E-05 0.291136 0.316449 9.99553E-05 9.99553E-05
0.24568 9.99465E-05 9.99465E-05 0.640473 9.99465E-05 9.99465E-05 0.113248 9.99465E-05 9.99465E-05
9.99466E-05 0.132835 9.99466E-05 9.99466E-05 0.69132 9.99466E-05 0.175245 9.99466E-05 9.99466E-05
9.99375E-05 9.99375E-05 9.99375E-05 9.99375E-05 0.466703 9.99375E-05 9.99375E-05 9.99375E-05 0.532598
9.99466E-05 0.327954 9.99466E-05 9.99466E-05 9.99466E-05 9.99466E-05 0.328728 9.99466E-05 0.342718
9.99465E-05 9.99465E-05 9.99465E-05 0.0705441 0.0654263 9.99465E-05 0.86343 9.99465E-05 9.99465E-05
0.0808787 9.99466E-05 0.0717013 0.84682 9.99466E-05 9.99466E-05 9.99466E-05 9.99466E-05 9.99466E-05
9.99464E-05 0.372075 0.427994 9.99464E-05 9.99464E-05 0.199331 9.99464E-05 9.99464E-05 9.99464E-05
0.354091 9.99642E-05 9.99642E-05 9.99642E-05 0.111681 0.362773 0.0617316 9.99642E-05 0.109324
9.99466E-05 9.99466E-05 0.137781 0.0200091 9.99466E-05 0.84161 9.99466E-05 9.99466E-05 9.99466E-05
0.0450334 0.526035 9.99555E-05 0.10232 9.99555E-05 9.99555E-05 9.99555E-05 9.99555E-05 0.326111
0.113665 9.99644E-05 0.0371445 9.99644E-05 9.99644E-05 0.242587 0.281259 9.99644E-05 0.324945
9.99556E-05 9.99556E-05 0.447334 9.99556E-05 9.99556E-05 0.112708 0.306849 9.99556E-05 0.132609
0.224889 9.99464E-05 0.444899 9.99464E-05 9.99464E-05 9.99464E-05 0.329612 9.99464E-05 9.99464E-05
0.24297 0.756331 9.99375E-05 9.99375E-05 9.99375E-05 9.99375E-05 9.99375E-05 9.99375E-05 9.99375E-05
9.99553E-05 0.446034 0.425857 9.99553E-05 0.101358 9.99553E-05 9.99553E-05 9.99553E-05 0.0262522
0.0773055 0.161191 9.99642E-05 0.383609 9.99642E-05 0.271622 0.105872 9.99642E-05 9.99642E-05
0.341058 0.259759 0.228774 0.169908 9.99554E-05 9.99554E-05 9.99554E-05 9.99554E-05 9.99554E-05
9.99463E-05 0.855438 9.99463E-05 9.99463E-05 9.99463E-05 0.0605624 0.0833998 9.99463E-05 9.99463E-05
9.99375E-05 0.983949 9.99375E-05 9.99375E-05 9.99375E-05 0.0153519 9.99375E-05 9.99375E-05 9.99375E-05
9.993E-05 0.999201 9.993E-05 9.993E-05 9.993E-05 9.993E-05 9.993E-05 9.993E-05 9.993E-05
9.99553E-05 0.164123 9.99553E-05 0.325278 0.213478 0.296621 9.99553E-05 9.99553E-05 9.99553E-05
0.0120161 9.99552E-05 9.99552E-05 0.397577 9.99552E-05 9.99552E-05 0.21054 9.99552E-05 0.379367
0.164406 9.99556E-05 0.132554 0.269752 9.99556E-05 0.432788 9.99556E-05 9.99556E-05 9.99556E-05
0.255751 0.124474 9.99641E-05 9.99641E-05 9.99641E-05 0.353969 9.99641E-05 0.118838 0.146568
9.99552E-05 0.662406 9.99552E-05 9.99552E-05 0.070602 0.253026 0.0134665 9.99552E-05 9.99552E-05
9.99552E-05 9.99552E-05 9.99552E-05 0.394999 0.368612 9.99552E-05 0.0478292 9.99552E-05 0.18806
9.99466E-05 0.266852 0.303359 9.99466E-05 0.429189 9.99466E-05 9.99466E-05 9.99466E-05 9.99466E-05
0.02999 0.426369 0.288939 9.99642E-05 0.0541352 9.99642E-05 0.200167 9.99642E-05 9.99642E-05
9.99465E-05 9.99465E-05 9.99465E-05 0.440616 0.543393 9.99465E-05 9.99465E-05 9.99465E-05 0.0153913
0.0268387 0.141908 9.99732E-05 0.681277 0.0889552 9.99732E-05 0.0044964 0.056225 9.99732E-05
0.166455 0.568717 9.99642E-05 9.99642E-05 9.99642E-05 0.0644312 0.0317206 9.99642E-05 0.168276
0.214569 0.15741 0.43716 0.00898276 9.99644E-05 0.181478 9.99644E-05 9.99644E-05 9.99644E-05
9.99374E-05 9.99374E-05 9.99374E-05 9.99374E-05 9.99374E-05 0.305637 0.693663 9.99374E-05 9.99374E-05
9.99553E-05 0.213866 0.264607 9.99553E-05 9.99553E-05 9.99553E-05 0.246756 9.99553E-05 0.274271
9.99553E-05 0.170632 0.337291 0.342949 0.148628 9.99553E-05 9.99553E-05 9.99553E-05 9.99553E-05
9.99552E-05 0.0627733 0.134431 9.99552E-05 0.522319 9.99552E-05 0.279977 9.99552E-05 9.99552E-05
0.231357 9.99375E-05 9.99375E-05 9.99375E-05 9.99375E-05 9.99375E-05 9.99375E-05 9.99375E-05 0.767943
9.99463E-05 9.99463E-05 0.508073 9.99463E-05 9.99463E-05 0.265692 9.99463E-05 9.99463E-05 0.225635
9.99468E-05 9.99468E-05 0.569162 9.99468E-05 0.261484 0.168755 9.99468E-05 9.99468E-05 9.99468E-05
0.148797 0.315536 0.296709 9.99642E-05 9.99642E-05 0.195338 9.99642E-05 0.0432207 9.99642E-05
0.0584524 0.247326 0.0482324 0.144055 9.99644E-05 0.501534 9.99644E-05 9.99644E-05 9.99644E-05
9.99644E-05 0.179839 0.0200167 9.99644E-05 9.99644E-05 0.00859514 0.436943 0.354207 9.99644E-05
0.108672 9.99644E-05 0.00441397 0.476656 0.196443 0.213415 9.99644E-05 9.99644E-05 9.99644E-05
9.99643E-05 0.21063 9.99643E-05 9.99643E-05 0.0943827 0.362884 0.274418 9.99643E-05 0.0572853
9.99555E-05 9.99555E-05 9.99555E-05 0.0292098 9.99555E-05 0.444998 0.494765 9.99555E-05 0.0305273
9.99555E-05 9.99555E-05 0.705407 0.114791 9.99555E-05 0.124541 0.0547609 9.99555E-05 9.99555E-05
0.0296416 9.99552E-05 9.99552E-05 0.201344 9.99552E-05 9.99552E-05 0.726243 9.99552E-05 0.0422715
9.99732E-05 0.0468797 0.454337 9.99732E-05 0.255303 0.19438 0.00315321 9.99732E-05 0.0456475
0.160094 0.0799674 9.99731E-05 0.177878 9.99731E-05 9.99731E-05 0.557275 0.00808005 0.0164052
0.241579 0.159675 9.99732E-05 9.99732E-05 0.0254453 0.0772229 0.111204 9.99732E-05 0.384573
0.0322376 0.472931 0.47224 9.99553E-05 9.99553E-05 9.99553E-05 9.99553E-05 9.99553E-05 0.0220917
9.99552E-05 0.0451526 0.744529 9.99552E-05 9.99552E-05 0.139553 0.0702664 9.99552E-05 9.99552E-05
9.99375E-05 9.99375E-05 0.834426 9.99375E-05 9.99375E-05 9.99375E-05 0.164875 9.99375E-05 9.99375E-05
0.0348034 9.99378E-05 9.99378E-05 0.964497 9.99378E-05 9.99378E-05 9.99378E-05 9.99378E-05 9.99378E-05
9.99554E-05 0.238115 0.512361 0.170331 9.99554E-05 9.99554E-05 0.0786933 9.99554E-05 9.99554E-05
0.0640333 9.99732E-05 0.628953 0.0182605 9.99732E-05 0.0995175 0.1066 9.99732E-05 0.0823361
9.99554E-05 0.0496214 0.495451 0.0626013 9.99554E-05 9.99554E-05 9.99554E-05 9.99554E-05 0.391827
9.99644E-05 0.0358879 0.168502 0.621699 0.14462 9.99644E-05 9.99644E-05 0.0288909 9.99644E-05
0.0116469 0.271837 0.216759 9.99645E-05 9.99645E-05 0.457401 0.0419564 9.99645E-05 9.99645E-05
0.444356 9.99466E-05 9.99466E-05 0.299443 9.99466E-05 9.99466E-05 9.99466E-05 9.99466E-05 0.255601
0.130548 9.99554E-05 0.378088 0.174813 9.99554E-05 0.316051 9.99554E-05 9.99554E-05 9.99554E-05
0.144125 0.426969 9.99554E-05 0.318644 9.99554E-05 9.99554E-05 0.109761 9.99554E-05 9.99554E-05
0.0176616 9.99552E-05 9.99552E-05 0.303699 9.99552E-05 0.590628 9.99552E-05 0.0875115 9.99552E-05
9.99554E-05 9.99554E-05 0.286931 0.299269 9.99554E-05 0.264835 0.148466 9.99554E-05 9.99554E-05
9.99732E-05 0.0191381 0.20593 0.0350752 0.05138 0.294092 9.99732E-05 9.99732E-05 0.394085
0.247659 9.99642E-05 0.329378 0.39142 0.0294993 0.00164403 9.99642E-05 9.99642E-05 9.99642E-05
9.99555E-05 0.0729727 9.99555E-05 0.257948 0.0618505 9.99555E-05 0.606729 9.99555E-05 9.99555E-05
9.99464E-05 0.305349 0.405549 0.288502 9.99464E-05 9.99464E-05 9.99464E-05 9.99464E-05 9.99464E-05
9.99553E-05 9.99553E-05 0.135937 9.99553E-05 0.343892 0.118673 0.400998 9.99553E-05 9.99553E-05
9.99643E-05 0.496879 0.0826883 0.0723188 0.254206 9.99643E-05 9.99643E-05 9.99643E-05 0.0935077
9.99554E-05 0.38487 0.167128 9.99554E-05 9.99554E-05 0.410452 0.0370502 9.99554E-05 9.99554E-05
0.00157714 0.0413599 0.152623 9.99641E-05 9.99641E-05 9.99641E-05 9.99641E-05 0.766767 0.0372725
9.99643E-05 0.0154213 0.134866 9.99643E-05 0.0665014 0.419526 0.363286 9.99643E-05 9.99643E-05
9.99642E-05 0.153011 0.0229388 0.403658 0.312841 9.99642E-05 9.99642E-05 9.99642E-05 0.10715
0.13452 9.99733E-05 0.424184 0.16596 0.065412 0.168598 0.0410257 9.99733E-05 9.99733E-05
0.601699 0.269352 9.99553E-05 0.00600965 9.99553E-05 0.12244 9.99553E-05 9.99553E-05 9.99553E-05
0.0769398 0.115629 0.0647777 9.99645E-05 0.494369 0.247885 9.99645E-05 9.99645E-05 9.99645E-05
9.99463E-05 0.365927 0.577531 9.99463E-05 9.99463E-05 0.0559416 9.99463E-05 9.99463E-05 9.99463E-05
0.361315 0.36016 9.99465E-05 9.99465E-05 9.99465E-05 9.99465E-05 0.277926 9.99465E-05 9.99465E-05
9.99552E-05 0.123458 0.356868 0.115619 9.99552E-05 9.99552E-05 9.99552E-05 9.99552E-05 0.403555
9.99643E-05 0.00905546 0.378997 9.99643E-05 0.0114449 9.99643E-05 9.99643E-05 0.0154174 0.584686
0.0832193 9.99466E-05 0.910943 0.00523802 9.99466E-05 9.99466E-05 9.99466E-05 9.99466E-05 9.99466E-05
9.99464E-05 0.159357 9.99464E-05 0.801386 0.0386569 9.99464E-05 9.99464E-05 9.99464E-05 9.99464E-05
9.99732E-05 0.181725 0.265484 0.0619687 0.105369 0.267582 0.117571 9.99732E-05 9.99732E-05
0.228033 0.0864906 0.37326 0.276126 9.99643E-05 9.99643E-05 9.99643E-05 9.99643E-05 0.0356909
0.382195 0.180653 9.99642E-05 0.16689 0.0431677 0.226694 9.99642E-05 9.99642E-05 9.99642E-05
0.466966 0.230529 0.23239 9.99642E-05 9.99642E-05 0.0463281 9.99642E-05 9.99642E-05 0.0233865
0.326243 9.99556E-05 0.552064 9.99556E-05 9.99556E-05 9.99556E-05 0.109676 0.0115176 9.99556E-05
9.99554E-05 9.99554E-05 0.347595 0.201332 0.273798 0.176776 9.99554E-05 9.99554E-05 9.99554E-05
9.99644E-05 0.458635 9.99644E-05 0.268391 0.00995651 0.0101424 0.252475 9.99644E-05 9.99644E-05
9.99463E-05 9.99463E-05 0.13291 0.597917 9.99463E-05 0.268573 9.99463E-05 9.99463E-05 9.99463E-05
0.244851 9.99553E-05 9.99553E-05 0.158413 9.99553E-05 0.00435724 9.99553E-05 9.99553E-05 0.591878
9.99463E-05 9.99463E-05 9.99463E-05 0.0538091 0.196524 0.749068 9.99463E-05 9.99463E-05 9.99463E-05
0.303271 9.99553E-05 9.99553E-05 0.26779 9.99553E-05 0.24816 0.180279 9.99553E-05 9.99553E-05
9.99552E-05 9.99552E-05 0.235186 0.198235 0.238149 0.327929 9.99552E-05 9.99552E-05 9.99552E-05
9.99553E-05 0.279463 9.99553E-05 0.343306 9.99553E-05 0.0824286 0.294303 9.99553E-05 9.99553E-05
0.00574419 0.797955 9.99554E-05 9.99554E-05 9.99554E-05 9.99554E-05 9.99554E-05 0.0268743 0.168927
0.124752 9.99463E-05 9.99463E-05 9.99463E-05 9.99463E-05 0.806792 0.0678561 9.99463E-05 9.99463E-05
9.99642E-05 0.272779 0.0828896 0.330839 0.276685 9.99642E-05 9.99642E-05 9.99642E-05 0.0364079
9.99553E-05 0.305629 9.99553E-05 9.99553E-05 9.99553E-05 0.126789 9.99553E-05 0.0384416 0.528641
9.99644E-05 0.112299 0.229333 9.99644E-05 9.99644E-05 0.0932315 0.299592 9.99644E-05 0.265144
9.99553E-05 9.99553E-05 0.4429 0.096042 0.33108 9.99553E-05 0.129478 9.99553E-05 9.99553E-05
9.995E-05 0.181188 9.995E-05 0.175369 9.995E-05 0.16029 9.995E-05 9.995E-05 0.482654
0.489529 9.99465E-05 9.99465E-05 9.99465E-05 0.160505 9.99465E-05 0.349366 9.99465E-05 9.99465E-05
0.0647332 0.0420137 0.318112 0.215896 9.99733E-05 0.0526439 0.306301 9.99733E-05 9.99733E-05
0.999201 9.993E-05 9.993E-05 9.993E-05 9.993E-05 9.993E-05 9.993E-05 9.993E-05 9.993E-05
0.460646 9.99375E-05 0.538655 9.99375E-05 9.99375E-05 9.99375E-05 9.99375E-05 9.99375E-05 9.99375E-05
9.99466E-05 9.99466E-05 0.0263725 0.923197 9.99466E-05 0.0498313 9.99466E-05 9.99466E-05 9.99466E-05
9.99642E-05 0.1835 0.0600672 0.238849 0.307791 9.99642E-05 9.99642E-05 9.99642E-05 0.209393
9.99555E-05 9.99555E-05 0.455867 0.449189 0.0235266 9.99555E-05 9.99555E-05 9.99555E-05 0.0709179
9.99553E-05 0.0736691 0.333216 0.563572 9.99553E-05 0.0290439 9.99553E-05 9.99553E-05 9.99553E-05
0.151035 0.269704 0.00583795 0.235209 9.99821E-05 9.99821E-05 0.0864736 0.0226335 0.228908
0.161474 9.99466E-05 0.0189125 9.99466E-05 0.819014 9.99466E-05 9.99466E-05 9.99466E-05 9.99466E-05
0.13297 0.316604 0.0780999 0.340398 9.99821E-05 0.0115213 0.000315701 9.99821E-05 0.119892
0.00310819 0.3163 0.00278991 9.99732E-05 9.99732E-05 9.99732E-05 0.483375 0.0738003 0.120326
0.0901878 9.99554E-05 9.99554E-05 9.99554E-05 9.99554E-05 0.806027 9.99554E-05 0.0307854 0.0725004
9.99554E-05 0.110334 9.99554E-05 0.376048 0.20712 9.99554E-05 9.99554E-05 9.99554E-05 0.305998
0.263549 0.509712 9.99464E-05 0.22614 9.99464E-05 9.99464E-05 9.99464E-05 9.99464E-05 9.99464E-05
9.99464E-05 0.29122 9.99464E-05 9.99464E-05 0.0208989 9.99464E-05 9.99464E-05 9.99464E-05 0.687282
0.0455219 0.481462 0.125478 0.346532 9.99644E-05 0.000606863 9.99644E-05 9.99644E-05 9.99644E-05
0.151444 0.129942 0.213458 0.203632 9.99732E-05 9.99732E-05 0.26188 9.99732E-05 0.0393444
0.0535662 9.99552E-05 0.166899 0.114452 9.99552E-05 9.99552E-05 0.664583 9.99552E-05 9.99552E-05
0.0527135 9.99821E-05 0.217138 0.0380519 0.0923348 0.092956 0.321486 9.99821E-05 0.18512
9.99642E-05 0.259427 0.192524 0.0693416 9.99642E-05 9.99642E-05 9.99642E-05 0.0481875 0.430121
9.99374E-05 9.99374E-05 0.700974 9.99374E-05 9.99374E-05 9.99374E-05 9.99374E-05 9.99374E-05 0.298326
0.0207388 0.307037 0.134674 0.391634 9.99732E-05 0.11417 9.99732E-05 9.99732E-05 0.0314468
9.99821E-05 0.0115802 0.0477229 0.0366653 0.499429 0.12772 0.139918 9.99821E-05 0.136764
9.99463E-05 0.255254 9.99463E-05 9.99463E-05 0.559928 0.184219 9.99463E-05 9.99463E-05 9.99463E-05
9.99644E-05 0.426456 0.0141285 0.0342644 0.217615 9.99644E-05 9.99644E-05 9.99644E-05 0.307136
9.99555E-05 0.0466814 9.99555E-05 0.648281 9.99555E-05 9.99555E-05 0.107422 9.99555E-05 0.197115
9.99643E-05 0.18612 0.00663489 0.164815 9.99643E-05 9.99643E-05 0.00111216 9.99643E-05 0.640919
9.99732E-05 0.0881895 0.191668 0.00232631 0.151418 9.99732E-05 0.456473 9.99732E-05 0.109625
9.99642E-05 0.243934 0.266815 9.99642E-05 0.177421 0.0698864 0.241543 9.99642E-05 9.99642E-05
9.99643E-05 0.0427549 0.187264 9.99643E-05 9.99643E-05 0.258628 0.437353 9.99643E-05 0.0736003
9.99732E-05 9.99732E-05 0.12288 0.203074 0.125269 0.222791 0.0011256 9.99732E-05 0.32456
9.99733E-05 0.402663 0.379425 9.99733E-05 0.058601 9.99733E-05 0.129781 0.0214468 0.007784
9.99642E-05 0.555683 9.99642E-05 0.0138019 9.99642E-05 0.0332231 0.210548 9.99642E-05 0.186344
9.99644E-05 0.646551 9.99644E-05 9.99644E-05 0.0121199 9.99644E-05 0.0399106 0.0453009 0.255718
9.99467E-05 0.480556 0.320213 9.99467E-05 9.99467E-05 0.198632 9.99467E-05 9.99467E-05 9.99467E-05
9.99553E-05 0.547723 0.0616658 9.99553E-05 9.99553E-05 9.99553E-05 0.217394 9.99553E-05 0.172717
9.99377E-05 9.99377E-05 9.99377E-05 9.99377E-05 0.48439 0.514911 9.99377E-05 9.99377E-05 9.99377E-05
9.99375E-05 9.99375E-05 9.99375E-05 9.99375E-05 0.961682 9.99375E-05 9.99375E-05 9.99375E-05 0.0376187
9.99553E-05 0.247817 0.494571 9.99553E-05 9.99553E-05 0.2482 0.00891171 9.99553E-05 9.99553E-05
9.99464E-05 9.99464E-05 9.99464E-05 9.99464E-05 0.485856 0.410165 0.10338 9.99464E-05 9.99464E-05
