0.9998 9.999E-05 9.999E-05
9.999E-05 9.999E-05 0.9998
9.999E-05 9.999E-05 0.9998
0.0103504 0.359236 0.630414
9.99911E-05 0.206868 0.793032
0.0851246 0.8064 0.108475
9.999E-05 0.9998 9.999E-05
9.999E-05 0.127524 0.872376
9.999E-05 0.9998 9.999E-05
9.99911E-05 0.466867 0.533033
9.999E-05 9.999E-05 0.9998
0.102708 0.897192 9.99911E-05
0.100156 0.0530343 0.84681
0.037207 0.962693 9.99911E-05
9.99912E-05 0.36718 0.63272
9.999E-05 0.9998 9.999E-05
9.99912E-05 0.634107 0.365793
9.999E-05 9.999E-05 0.9998
9.999E-05 0.9998 9.999E-05
9.999E-05 9.999E-05 0.9998
9.99911E-05 0.0309958 0.968904
9.999E-05 9.999E-05 0.9998
0.00373416 0.996166 9.99911E-05
0.162504 0.428477 0.409019
9.999E-05 9.999E-05 0.9998
9.999E-05 9.999E-05 0.9998
0.0569089 0.942991 9.99911E-05
9.99911E-05 0.558161 0.441739
9.99911E-05 0.199585 0.800315
9.999E-05 0.9998 9.999E-05
9.99911E-05 0.386871 0.613029
9.99911E-05 0.630546 0.369354
9.999E-05 0.9998 9.999E-05
9.99911E-05 0.682478 0.317422
9.999E-05 0.9998 9.999E-05
9.99911E-05 0.248691 0.751209
0.216548 0.553215 0.230237
9.99911E-05 0.0651854 0.934715
9.99911E-05 0.865631 0.134269
9.99911E-05 0.217218 0.782682
9.99911E-05 0.113457 0.886443
9.999E-05 0.9998 9.999E-05
0.0269669 0.972933 9.99911E-05
9.999E-05 0.9998 9.999E-05
9.99911E-05 0.137872 0.862028
9.999E-05 9.999E-05 0.9998
9.99911E-05 0.741415 0.258485
9.99911E-05 0.639466 0.360434
0.0539034 0.140289 0.805807
0.162039 0.636744 0.201217
9.999E-05 9.999E-05 0.9998
9.999E-05 9.999E-05 0.9998
9.99911E-05 0.712589 0.287311
0.109183 0.627094 0.263723
0.738013 9.99911E-05 0.261887
0.0345229 0.782136 0.183341
0.0562973 9.99911E-05 0.943603
9.99911E-05 0.013647 0.986253
0.0480894 9.99911E-05 0.951811
9.99911E-05 0.563536 0.436364
9.99911E-05 0.0231866 0.976713
9.99911E-05 0.28267 0.71723
0.0200584 0.537777 0.442164
9.99911E-05 0.7235 0.2764
9.999E-05 9.999E-05 0.9998
9.999E-05 9.999E-05 0.9998
9.99912E-05 0.932335 0.0675648
0.00207893 0.153473 0.844448
9.999E-05 9.999E-05 0.9998
9.99911E-05 0.65899 0.34091
0.0301815 0.969719 9.99911E-05
9.999E-05 9.999E-05 0.9998
0.355491 0.644409 9.99911E-05
0.0854947 0.0887527 0.825753
9.999E-05 0.9998 9.999E-05
0.233046 0.766854 9.9991E-05
9.99911E-05 0.0434875 0.956413
9.99911E-05 0.10072 0.89918
0.221608 0.778292 9.99911E-05
9.99911E-05 0.351565 0.648335
9.99911E-05 0.685667 0.314233
0.025595 9.99911E-05 0.974305
9.999E-05 0.9998 9.999E-05
9.999E-05 9.999E-05 0.9998
0.988214 9.9991E-05 0.0116858
9.999E-05 9.999E-05 0.9998
9.99911E-05 0.998689 0.00121145
0.0387469 9.99911E-05 0.961153
0.152629 0.791144 0.0562267
0.279644 9.99911E-05 0.720256
9.99911E-05 0.0968405 0.90306
0.0247228 0.975177 9.99911E-05
9.99911E-05 0.96675 0.0331501
9.99911E-05 0.189639 0.810261
0.0958715 0.407706 0.496423
9.999E-05 0.9998 9.999E-05
9.99911E-05 0.247493 0.752407
9.99911E-05 0.939525 0.0603749
9.99911E-05 0.832213 0.167687
0.0744149 0.826021 0.0995641
0.292119 0.0147828 0.693099
9.99911E-05 0.598193 0.401707
9.99911E-05 0.658374 0.341526
9.99911E-05 0.72008 0.27982
9.999E-05 0.9998 9.999E-05
0.0358523 9.99911E-05 0.964048
9.99911E-05 0.0721522 0.927748
0.170271 0.04265 0.787079
0.0166902 0.681982 0.301328
9.999E-05 0.9998 9.999E-05
0.19157 9.99911E-05 0.80833
9.999E-05 0.9998 9.999E-05
0.045406 0.954494 9.99911E-05
9.99911E-05 0.0321885 0.967711
9.99911E-05 0.460325 0.539575
9.99911E-05 0.742424 0.257476
0.290611 0.583546 0.125843
0.0435558 0.458952 0.497492
0.321863 0.678037 9.99911E-05
0.0506509 0.228653 0.720696
9.99911E-05 0.917082 0.082818
9.999E-05 0.9998 9.999E-05
9.99911E-05 0.478909 0.520992
9.999E-05 0.9998 9.999E-05
9.99911E-05 0.968817 0.0310827
0.429393 0.428239 0.142368
9.999E-05 0.9998 9.999E-05
0.0355702 0.432986 0.531443
0.256679 9.99911E-05 0.743221
9.99911E-05 0.69494 0.30496
9.999E-05 0.9998 9.999E-05
9.999E-05 0.9998 9.999E-05
9.999E-05 0.9998 9.999E-05
0.118152 0.72364 0.158208
9.999E-05 9.999E-05 0.9998
9.99911E-05 0.145093 0.854807
0.049703 0.890969 0.0593275
9.999E-05 9.999E-05 0.9998
9.99911E-05 0.848946 0.150954
9.99911E-05 0.325882 0.674018
0.057599 0.350726 0.591675
9.999E-05 0.9998 9.999E-05
9.99912E-05 0.881284 0.118616
9.999E-05 0.9998 9.999E-05
0.014236 0.241462 0.744302
9.999E-05 9.999E-05 0.9998
9.999E-05 9.999E-05 0.9998
9.99911E-05 0.625378 0.374522
9.99911E-05 0.369824 0.630076
9.99911E-05 0.727833 0.272067
9.99911E-05 0.96068 0.0392202
9.99911E-05 0.162861 0.837039
9.99911E-05 0.904568 0.0953319
9.999E-05 9.999E-05 0.9998
0.125352 0.251282 0.623366
9.99911E-05 0.153126 0.846774
9.999E-05 9.999E-05 0.9998
